,PERIODO,CODIGO_ENTIDAD,NOMBRE_ENTIDAD,CUENTA,NOMBRE_CUENTA,CUENTA_NIVEL_01,CUENTA_NIVEL_02,CUENTA_NIVEL_03,CUENTA_NIVEL_04,CUENTA_NIVEL_05,CUENTA_NIVEL_06,CUENTA_NIVEL_07,CUENTA_NIVEL_08,CUENTA_NIVEL_09,CUENTA_NIVEL_10,VIGENCIA_DEL_GASTO,SECCION_PRESUPUESTAL,PROGRAMATICO_MGA,BPIN,SECTOR,APROPIACION_INICIAL,APROPIACION_DEFINITIVA,VIGENCIA,TRIMESTRE,tipo,PRESUPUESTO_DEFINITIVO,PRESUPUESTO_INICIAL,TOTAL_RECAUDO,CPC,FUENTES_FINANCIACION,APLICA_DESTINACION_ESPECIFICA,TIPO_NORMA_DESTINACION,TIPO_NORMA,NUMERO_NORMA,TERCERO,POLITICA_PUBLICA,DETALLE_SECTORIAL,RECAUDO_VAC_SS,RECAUDO_VAC_CS,RECAUDO_VAN_SS,RECAUDO_VAN_CS,SITUACION_DE_FONDOS,TERCEROS,SECTORIAL,COMPROMISOS,OBLIGACIONES,PAGOS
2018771,20210901,124205000,E.S.E. Hospital San Fernando - Amagá,2.1.1.01.01.001.06,PRIMA DE SERVICIO,GASTOS,FUNCIONAMIENTO,GASTOS DE PERSONAL,PLANTA DE PERSONAL PERMANENTE,FACTORES CONSTITUTIVOS DE SALARIO,FACTORES SALARIALES COMUNES,PRIMA DE SERVICIO,No Aplica,No Aplica,No Aplica,VIGENCIA ACTUAL,ENTIDADES DIFERENTES A ENTIDADES TERRITORIALES - GESTION GENERAL,NO DEFINIDO,NO DEFINIDO,SALUD Y PROTECCION SOCIAL,89401064.0,89401064.0,2021,Tercer Trimestre,pres_gasto,,,,,,,,,,,,,,,,,,,,,,
2024500,20210601,124205000,E.S.E. Hospital San Fernando - Amagá,2.1.1.01.01.001.04,SUBSIDIO DE ALIMENTACION,GASTOS,FUNCIONAMIENTO,GASTOS DE PERSONAL,PLANTA DE PERSONAL PERMANENTE,FACTORES CONSTITUTIVOS DE SALARIO,FACTORES SALARIALES COMUNES,SUBSIDIO DE ALIMENTACION,No Aplica,No Aplica,No Aplica,VIGENCIA ACTUAL,ENTIDADES DIFERENTES A ENTIDADES TERRITORIALES - GESTION GENERAL,NO DEFINIDO,NO DEFINIDO,SALUD Y PROTECCION SOCIAL,1620000.0,27620000.0,2021,Segundo Trimestre,pres_gasto,,,,,,,,,,,,,,,,,,,,,,
2025726,20220601,124205000,E.S.E. Hospital San Fernando - Amagá,2.1.3.07.02.001,MESADAS PENSIONALES DE PENSIONES,GASTOS,FUNCIONAMIENTO,TRANSFERENCIAS CORRIENTES,PRESTACIONES PARA CUBRIR RIESGOS SOCIALES,PRESTACIONES SOCIALES RELACIONADAS CON EL EMPLEO,MESADAS PENSIONALES DE PENSIONES,No Aplica,No Aplica,No Aplica,No Aplica,VIGENCIA ACTUAL,ENTIDADES DIFERENTES A ENTIDADES TERRITORIALES - UNIDAD DE SALUD,NO DEFINIDO,NO DEFINIDO,NO DEFINIDO,13995758.0,13995758.0,2022,Segundo Trimestre,pres_gasto,,,,,,,,,,,,,,,,,,,,,,
2029129,20210301,124205000,E.S.E. Hospital San Fernando - Amagá,2.1.1.01.02.002,APORTES A LA SEGURIDAD SOCIAL EN SALUD,GASTOS,FUNCIONAMIENTO,GASTOS DE PERSONAL,PLANTA DE PERSONAL PERMANENTE,CONTRIBUCIONES INHERENTES A LA NOMINA,APORTES A LA SEGURIDAD SOCIAL EN SALUD,No Aplica,No Aplica,No Aplica,No Aplica,CUENTAS POR PAGAR,ENTIDADES DIFERENTES A ENTIDADES TERRITORIALES - GESTION GENERAL,NO DEFINIDO,NO DEFINIDO,SALUD Y PROTECCION SOCIAL,0.0,169491894.0,2021,Primer Trimestre,pres_gasto,,,,,,,,,,,,,,,,,,,,,,
2032671,20211201,124205000,E.S.E. Hospital San Fernando - Amagá,2.4.5.01,MATERIALES Y SUMINISTROS,GASTOS,GASTOS DE OPERACION COMERCIAL,GASTOS DE COMERCIALIZACION Y PRODUCCION,MATERIALES Y SUMINISTROS,No Aplica,No Aplica,No Aplica,No Aplica,No Aplica,No Aplica,CUENTAS POR PAGAR,ENTIDADES DIFERENTES A ENTIDADES TERRITORIALES - GESTION GENERAL,NO DEFINIDO,NO DEFINIDO,NO DEFINIDO,0.0,14746802.0,2021,Cuarto Trimestre,pres_gasto,,,,,,,,,,,,,,,,,,,,,,
2035801,20211201,124205000,E.S.E. Hospital San Fernando - Amagá,2.1.1.01.01.001.01,SUELDO BASICO,GASTOS,FUNCIONAMIENTO,GASTOS DE PERSONAL,PLANTA DE PERSONAL PERMANENTE,FACTORES CONSTITUTIVOS DE SALARIO,FACTORES SALARIALES COMUNES,SUELDO BASICO,No Aplica,No Aplica,No Aplica,CUENTAS POR PAGAR,ENTIDADES DIFERENTES A ENTIDADES TERRITORIALES - GESTION GENERAL,NO DEFINIDO,NO DEFINIDO,SALUD Y PROTECCION SOCIAL,0.0,549899832.0,2021,Cuarto Trimestre,pres_gasto,,,,,,,,,,,,,,,,,,,,,,
2040082,20220301,124205000,E.S.E. Hospital San Fernando - Amagá,2.1.1.01.02.005,APORTES GENERALES AL SISTEMA DE RIESGOS LABORALES,GASTOS,FUNCIONAMIENTO,GASTOS DE PERSONAL,PLANTA DE PERSONAL PERMANENTE,CONTRIBUCIONES INHERENTES A LA NOMINA,APORTES GENERALES AL SISTEMA DE RIESGOS LABORALES,No Aplica,No Aplica,No Aplica,No Aplica,VIGENCIA ACTUAL,ENTIDADES DIFERENTES A ENTIDADES TERRITORIALES - UNIDAD DE SALUD,NO DEFINIDO,NO DEFINIDO,SALUD Y PROTECCION SOCIAL,42600552.0,42600552.0,2022,Primer Trimestre,pres_gasto,,,,,,,,,,,,,,,,,,,,,,
2051002,20210601,124205000,E.S.E. Hospital San Fernando - Amagá,2.1.2.02.01,MATERIALES Y SUMINISTROS,GASTOS,FUNCIONAMIENTO,ADQUISICION DE BIENES Y SERVICIOS,ADQUISICIONES DIFERENTES DE ACTIVOS,MATERIALES Y SUMINISTROS,No Aplica,No Aplica,No Aplica,No Aplica,No Aplica,VIGENCIA ACTUAL,ENTIDADES DIFERENTES A ENTIDADES TERRITORIALES - GESTION GENERAL,NO DEFINIDO,NO DEFINIDO,NO DEFINIDO,192000000.0,197000000.0,2021,Segundo Trimestre,pres_gasto,,,,,,,,,,,,,,,,,,,,,,
2051388,20210601,124205000,E.S.E. Hospital San Fernando - Amagá,2.1.2.02.01,MATERIALES Y SUMINISTROS,GASTOS,FUNCIONAMIENTO,ADQUISICION DE BIENES Y SERVICIOS,ADQUISICIONES DIFERENTES DE ACTIVOS,MATERIALES Y SUMINISTROS,No Aplica,No Aplica,No Aplica,No Aplica,No Aplica,CUENTAS POR PAGAR,ENTIDADES DIFERENTES A ENTIDADES TERRITORIALES - GESTION GENERAL,NO DEFINIDO,NO DEFINIDO,NO DEFINIDO,0.0,42314610.0,2021,Segundo Trimestre,pres_gasto,,,,,,,,,,,,,,,,,,,,,,
2057047,20220601,124205000,E.S.E. Hospital San Fernando - Amagá,2.4.5,GASTOS DE COMERCIALIZACION Y PRODUCCION,GASTOS,GASTOS DE OPERACION COMERCIAL,GASTOS DE COMERCIALIZACION Y PRODUCCION,No Aplica,No Aplica,No Aplica,No Aplica,No Aplica,No Aplica,No Aplica,VIGENCIA ACTUAL,ENTIDADES DIFERENTES A ENTIDADES TERRITORIALES - UNIDAD DE SALUD,NO DEFINIDO,NO DEFINIDO,NO DEFINIDO,635000000.0,645000000.0,2022,Segundo Trimestre,pres_gasto,,,,,,,,,,,,,,,,,,,,,,
2058135,20220601,124205000,E.S.E. Hospital San Fernando - Amagá,2.1.1.02,PERSONAL SUPERNUMERARIO Y PLANTA TEMPORAL,GASTOS,FUNCIONAMIENTO,GASTOS DE PERSONAL,PERSONAL SUPERNUMERARIO Y PLANTA TEMPORAL,No Aplica,No Aplica,No Aplica,No Aplica,No Aplica,No Aplica,VIGENCIA ACTUAL,ENTIDADES DIFERENTES A ENTIDADES TERRITORIALES - UNIDAD DE SALUD,NO DEFINIDO,NO DEFINIDO,NO DEFINIDO,119700000.0,119700000.0,2022,Segundo Trimestre,pres_gasto,,,,,,,,,,,,,,,,,,,,,,
2059591,20230601,124205000,E.S.E. Hospital San Fernando - Amagá,2.1.1.01.02,CONTRIBUCIONES INHERENTES A LA NOMINA,GASTOS,FUNCIONAMIENTO,GASTOS DE PERSONAL,PLANTA DE PERSONAL PERMANENTE,CONTRIBUCIONES INHERENTES A LA NOMINA,No Aplica,No Aplica,No Aplica,No Aplica,No Aplica,VIGENCIA ACTUAL,ENTIDADES TERRITORIALES - SALUD,NO DEFINIDO,NO DEFINIDO,NO DEFINIDO,1028065554.0,1028065554.0,2023,Segundo Trimestre,pres_gasto,,,,,,,,,,,,,,,,,,,,,,
2060621,20210601,124205000,E.S.E. Hospital San Fernando - Amagá,2.1.1.01.01.001,FACTORES SALARIALES COMUNES,GASTOS,FUNCIONAMIENTO,GASTOS DE PERSONAL,PLANTA DE PERSONAL PERMANENTE,FACTORES CONSTITUTIVOS DE SALARIO,FACTORES SALARIALES COMUNES,No Aplica,No Aplica,No Aplica,No Aplica,VIGENCIA ACTUAL,ENTIDADES DIFERENTES A ENTIDADES TERRITORIALES - GESTION GENERAL,NO DEFINIDO,NO DEFINIDO,NO DEFINIDO,2690160702.0,1941723700.0,2021,Segundo Trimestre,pres_gasto,,,,,,,,,,,,,,,,,,,,,,
2063066,20210301,124205000,E.S.E. Hospital San Fernando - Amagá,2.4.5,GASTOS DE COMERCIALIZACION Y PRODUCCION,GASTOS,GASTOS DE OPERACION COMERCIAL,GASTOS DE COMERCIALIZACION Y PRODUCCION,No Aplica,No Aplica,No Aplica,No Aplica,No Aplica,No Aplica,No Aplica,CUENTAS POR PAGAR,ENTIDADES DIFERENTES A ENTIDADES TERRITORIALES - GESTION GENERAL,NO DEFINIDO,NO DEFINIDO,NO DEFINIDO,38384249.0,113190967.0,2021,Primer Trimestre,pres_gasto,,,,,,,,,,,,,,,,,,,,,,
2064825,20210601,124205000,E.S.E. Hospital San Fernando - Amagá,2.1.1.01.01,FACTORES CONSTITUTIVOS DE SALARIO,GASTOS,FUNCIONAMIENTO,GASTOS DE PERSONAL,PLANTA DE PERSONAL PERMANENTE,FACTORES CONSTITUTIVOS DE SALARIO,No Aplica,No Aplica,No Aplica,No Aplica,No Aplica,VIGENCIA ACTUAL,ENTIDADES DIFERENTES A ENTIDADES TERRITORIALES - GESTION GENERAL,NO DEFINIDO,NO DEFINIDO,NO DEFINIDO,2690160702.0,1941723700.0,2021,Segundo Trimestre,pres_gasto,,,,,,,,,,,,,,,,,,,,,,
2065247,20211201,124205000,E.S.E. Hospital San Fernando - Amagá,2.1.2.02.02.008,SERVICIOS PRESTADOS A LAS EMPRESAS Y SERVICIOS DE PRODUCCION,GASTOS,FUNCIONAMIENTO,ADQUISICION DE BIENES Y SERVICIOS,ADQUISICIONES DIFERENTES DE ACTIVOS,ADQUISICION DE SERVICIOS,SERVICIOS PRESTADOS A LAS EMPRESAS Y SERVICIOS DE PRODUCCION,No Aplica,No Aplica,No Aplica,No Aplica,VIGENCIA ACTUAL,ENTIDADES DIFERENTES A ENTIDADES TERRITORIALES - GESTION GENERAL,NO DEFINIDO,NO DEFINIDO,SALUD Y PROTECCION SOCIAL,317000000.0,1139122500.0,2021,Cuarto Trimestre,pres_gasto,,,,,,,,,,,,,,,,,,,,,,
2069385,20210301,124205000,E.S.E. Hospital San Fernando - Amagá,2.1.1,GASTOS DE PERSONAL,GASTOS,FUNCIONAMIENTO,GASTOS DE PERSONAL,No Aplica,No Aplica,No Aplica,No Aplica,No Aplica,No Aplica,No Aplica,VIGENCIA ACTUAL,ENTIDADES DIFERENTES A ENTIDADES TERRITORIALES - GESTION GENERAL,NO DEFINIDO,NO DEFINIDO,NO DEFINIDO,3688258261.0,2844298000.0,2021,Primer Trimestre,pres_gasto,,,,,,,,,,,,,,,,,,,,,,
2080822,20220901,124205000,E.S.E. Hospital San Fernando - Amagá,2.1.1.01.02.005,APORTES GENERALES AL SISTEMA DE RIESGOS LABORALES,GASTOS,FUNCIONAMIENTO,GASTOS DE PERSONAL,PLANTA DE PERSONAL PERMANENTE,CONTRIBUCIONES INHERENTES A LA NOMINA,APORTES GENERALES AL SISTEMA DE RIESGOS LABORALES,No Aplica,No Aplica,No Aplica,No Aplica,VIGENCIA ACTUAL,ENTIDADES DIFERENTES A ENTIDADES TERRITORIALES - UNIDAD DE SALUD,NO DEFINIDO,NO DEFINIDO,SALUD Y PROTECCION SOCIAL,42600552.0,42600552.0,2022,Tercer Trimestre,pres_gasto,,,,,,,,,,,,,,,,,,,,,,
2080864,20220301,124205000,E.S.E. Hospital San Fernando - Amagá,2.1.1.01.03.001,PRESTACIONES SOCIALES,GASTOS,FUNCIONAMIENTO,GASTOS DE PERSONAL,PLANTA DE PERSONAL PERMANENTE,REMUNERACIONES NO CONSTITUTIVAS DE FACTOR SALARIAL,PRESTACIONES SOCIALES,No Aplica,No Aplica,No Aplica,No Aplica,VIGENCIA ACTUAL,ENTIDADES DIFERENTES A ENTIDADES TERRITORIALES - UNIDAD DE SALUD,NO DEFINIDO,NO DEFINIDO,NO DEFINIDO,82581804.0,82581804.0,2022,Primer Trimestre,pres_gasto,,,,,,,,,,,,,,,,,,,,,,
2081001,20210901,124205000,E.S.E. Hospital San Fernando - Amagá,2.1.2.02.01,MATERIALES Y SUMINISTROS,GASTOS,FUNCIONAMIENTO,ADQUISICION DE BIENES Y SERVICIOS,ADQUISICIONES DIFERENTES DE ACTIVOS,MATERIALES Y SUMINISTROS,No Aplica,No Aplica,No Aplica,No Aplica,No Aplica,VIGENCIA ACTUAL,ENTIDADES DIFERENTES A ENTIDADES TERRITORIALES - GESTION GENERAL,NO DEFINIDO,NO DEFINIDO,NO DEFINIDO,192000000.0,228203773.0,2021,Tercer Trimestre,pres_gasto,,,,,,,,,,,,,,,,,,,,,,
2086249,20230601,124205000,E.S.E. Hospital San Fernando - Amagá,2.1.8.04,CONTRIBUCIONES,GASTOS,FUNCIONAMIENTO,"GASTOS POR TRIBUTOS, TASAS, CONTRIBUCIONES, MULTAS, SANCIONES E INTERESES DE MORA",CONTRIBUCIONES,No Aplica,No Aplica,No Aplica,No Aplica,No Aplica,No Aplica,VIGENCIA ACTUAL,ENTIDADES TERRITORIALES - SALUD,NO DEFINIDO,NO DEFINIDO,NO DEFINIDO,0.0,5285998.0,2023,Segundo Trimestre,pres_gasto,,,,,,,,,,,,,,,,,,,,,,
2088032,20210301,124205000,E.S.E. Hospital San Fernando - Amagá,2.1,FUNCIONAMIENTO,GASTOS,FUNCIONAMIENTO,No Aplica,No Aplica,No Aplica,No Aplica,No Aplica,No Aplica,No Aplica,No Aplica,VIGENCIA ACTUAL,ENTIDADES DIFERENTES A ENTIDADES TERRITORIALES - GESTION GENERAL,NO DEFINIDO,NO DEFINIDO,NO DEFINIDO,4644369185.0,4024866339.0,2021,Primer Trimestre,pres_gasto,,,,,,,,,,,,,,,,,,,,,,
2088155,20220601,124205000,E.S.E. Hospital San Fernando - Amagá,2.1.1.01.01,FACTORES CONSTITUTIVOS DE SALARIO,GASTOS,FUNCIONAMIENTO,GASTOS DE PERSONAL,PLANTA DE PERSONAL PERMANENTE,FACTORES CONSTITUTIVOS DE SALARIO,No Aplica,No Aplica,No Aplica,No Aplica,No Aplica,VIGENCIA ACTUAL,ENTIDADES DIFERENTES A ENTIDADES TERRITORIALES - UNIDAD DE SALUD,NO DEFINIDO,NO DEFINIDO,NO DEFINIDO,2126042273.0,2122356684.0,2022,Segundo Trimestre,pres_gasto,,,,,,,,,,,,,,,,,,,,,,
2089790,20210301,124205000,E.S.E. Hospital San Fernando - Amagá,2.1.1.01.01.001.04,SUBSIDIO DE ALIMENTACION,GASTOS,FUNCIONAMIENTO,GASTOS DE PERSONAL,PLANTA DE PERSONAL PERMANENTE,FACTORES CONSTITUTIVOS DE SALARIO,FACTORES SALARIALES COMUNES,SUBSIDIO DE ALIMENTACION,No Aplica,No Aplica,No Aplica,VIGENCIA ACTUAL,ENTIDADES DIFERENTES A ENTIDADES TERRITORIALES - GESTION GENERAL,NO DEFINIDO,NO DEFINIDO,SALUD Y PROTECCION SOCIAL,1620000.0,11620000.0,2021,Primer Trimestre,pres_gasto,,,,,,,,,,,,,,,,,,,,,,
2090008,20220301,124205000,E.S.E. Hospital San Fernando - Amagá,2.1.8,"GASTOS POR TRIBUTOS, TASAS, CONTRIBUCIONES, MULTAS, SANCIONES E INTERESES DE MORA",GASTOS,FUNCIONAMIENTO,"GASTOS POR TRIBUTOS, TASAS, CONTRIBUCIONES, MULTAS, SANCIONES E INTERESES DE MORA",No Aplica,No Aplica,No Aplica,No Aplica,No Aplica,No Aplica,No Aplica,VIGENCIA ACTUAL,ENTIDADES DIFERENTES A ENTIDADES TERRITORIALES - UNIDAD DE SALUD,NO DEFINIDO,NO DEFINIDO,NO DEFINIDO,0.0,4000.0,2022,Primer Trimestre,pres_gasto,,,,,,,,,,,,,,,,,,,,,,
2094649,20211201,124205000,E.S.E. Hospital San Fernando - Amagá,2.1.1.01.02.006,APORTES AL ICBF,GASTOS,FUNCIONAMIENTO,GASTOS DE PERSONAL,PLANTA DE PERSONAL PERMANENTE,CONTRIBUCIONES INHERENTES A LA NOMINA,APORTES AL ICBF,No Aplica,No Aplica,No Aplica,No Aplica,CUENTAS POR PAGAR,ENTIDADES DIFERENTES A ENTIDADES TERRITORIALES - GESTION GENERAL,NO DEFINIDO,NO DEFINIDO,SALUD Y PROTECCION SOCIAL,3000000.0,6241300.0,2021,Cuarto Trimestre,pres_gasto,,,,,,,,,,,,,,,,,,,,,,
2107758,20210901,124205000,E.S.E. Hospital San Fernando - Amagá,2.1.2.02.02.009,"SERVICIOS PARA LA COMUNIDAD, SOCIALES Y PERSONALES",GASTOS,FUNCIONAMIENTO,ADQUISICION DE BIENES Y SERVICIOS,ADQUISICIONES DIFERENTES DE ACTIVOS,ADQUISICION DE SERVICIOS,"SERVICIOS PARA LA COMUNIDAD, SOCIALES Y PERSONALES",No Aplica,No Aplica,No Aplica,No Aplica,VIGENCIA ACTUAL,ENTIDADES DIFERENTES A ENTIDADES TERRITORIALES - GESTION GENERAL,NO DEFINIDO,NO DEFINIDO,SALUD Y PROTECCION SOCIAL,205872946.0,426907275.0,2021,Tercer Trimestre,pres_gasto,,,,,,,,,,,,,,,,,,,,,,
2110358,20220601,124205000,E.S.E. Hospital San Fernando - Amagá,2.1.2.02.02.007,SERVICIOS FINANCIEROS Y SERVICIOS CONEXOS; SERVICIOS INMOBILIARIOS; Y SERVICIOS DE ARRENDAMIENTO Y LEASING,GASTOS,FUNCIONAMIENTO,ADQUISICION DE BIENES Y SERVICIOS,ADQUISICIONES DIFERENTES DE ACTIVOS,ADQUISICION DE SERVICIOS,SERVICIOS FINANCIEROS Y SERVICIOS CONEXOS; SERVICIOS INMOBILIARIOS; Y SERVICIOS DE ARRENDAMIENTO Y LEASING,No Aplica,No Aplica,No Aplica,No Aplica,VIGENCIA ACTUAL,ENTIDADES DIFERENTES A ENTIDADES TERRITORIALES - UNIDAD DE SALUD,NO DEFINIDO,NO DEFINIDO,MINAS Y ENERGIA,53000000.0,54036200.0,2022,Segundo Trimestre,pres_gasto,,,,,,,,,,,,,,,,,,,,,,
2113183,20210301,124205000,E.S.E. Hospital San Fernando - Amagá,2.1.3,TRANSFERENCIAS CORRIENTES,GASTOS,FUNCIONAMIENTO,TRANSFERENCIAS CORRIENTES,No Aplica,No Aplica,No Aplica,No Aplica,No Aplica,No Aplica,No Aplica,CUENTAS POR PAGAR,ENTIDADES DIFERENTES A ENTIDADES TERRITORIALES - GESTION GENERAL,NO DEFINIDO,NO DEFINIDO,NO DEFINIDO,0.0,2061965.0,2021,Primer Trimestre,pres_gasto,,,,,,,,,,,,,,,,,,,,,,
2117142,20221201,124205000,E.S.E. Hospital San Fernando - Amagá,2.1.3.07.02.001.02,MESADAS PENSIONALES A CARGO DE LA ENTIDAD DE PENSIONES,GASTOS,FUNCIONAMIENTO,TRANSFERENCIAS CORRIENTES,PRESTACIONES PARA CUBRIR RIESGOS SOCIALES,PRESTACIONES SOCIALES RELACIONADAS CON EL EMPLEO,MESADAS PENSIONALES DE PENSIONES,MESADAS PENSIONALES A CARGO DE LA ENTIDAD DE PENSIONES,No Aplica,No Aplica,No Aplica,VIGENCIA ACTUAL,ENTIDADES DIFERENTES A ENTIDADES TERRITORIALES - UNIDAD DE SALUD,NO DEFINIDO,NO DEFINIDO,SALUD Y PROTECCION SOCIAL,13995758.0,14078400.0,2022,Cuarto Trimestre,pres_gasto,,,,,,,,,,,,,,,,,,,,,,
2123776,20221201,124205000,E.S.E. Hospital San Fernando - Amagá,2.1.1.01.02.001,APORTES A LA SEGURIDAD SOCIAL EN PENSIONES,GASTOS,FUNCIONAMIENTO,GASTOS DE PERSONAL,PLANTA DE PERSONAL PERMANENTE,CONTRIBUCIONES INHERENTES A LA NOMINA,APORTES A LA SEGURIDAD SOCIAL EN PENSIONES,No Aplica,No Aplica,No Aplica,No Aplica,VIGENCIA ACTUAL,ENTIDADES DIFERENTES A ENTIDADES TERRITORIALES - UNIDAD DE SALUD,NO DEFINIDO,NO DEFINIDO,SALUD Y PROTECCION SOCIAL,209854937.0,214961452.0,2022,Cuarto Trimestre,pres_gasto,,,,,,,,,,,,,,,,,,,,,,
2124454,20210601,124205000,E.S.E. Hospital San Fernando - Amagá,2.1.1.01.01.001.08,PRESTACIONES SOCIALES,GASTOS,FUNCIONAMIENTO,GASTOS DE PERSONAL,PLANTA DE PERSONAL PERMANENTE,FACTORES CONSTITUTIVOS DE SALARIO,FACTORES SALARIALES COMUNES,PRESTACIONES SOCIALES,No Aplica,No Aplica,No Aplica,VIGENCIA ACTUAL,ENTIDADES DIFERENTES A ENTIDADES TERRITORIALES - GESTION GENERAL,NO DEFINIDO,NO DEFINIDO,NO DEFINIDO,283737542.0,133737542.0,2021,Segundo Trimestre,pres_gasto,,,,,,,,,,,,,,,,,,,,,,
2133243,20210301,124205000,E.S.E. Hospital San Fernando - Amagá,2.1.1.01.03.001,PRESTACIONES SOCIALES,GASTOS,FUNCIONAMIENTO,GASTOS DE PERSONAL,PLANTA DE PERSONAL PERMANENTE,REMUNERACIONES NO CONSTITUTIVAS DE FACTOR SALARIAL,PRESTACIONES SOCIALES,No Aplica,No Aplica,No Aplica,No Aplica,VIGENCIA ACTUAL,ENTIDADES DIFERENTES A ENTIDADES TERRITORIALES - GESTION GENERAL,NO DEFINIDO,NO DEFINIDO,NO DEFINIDO,8842982.0,9029020.0,2021,Primer Trimestre,pres_gasto,,,,,,,,,,,,,,,,,,,,,,
2139469,20210901,124205000,E.S.E. Hospital San Fernando - Amagá,2.1.2.02.02.010,VIATICOS DE LOS FUNCIONARIOS EN COMISION,GASTOS,FUNCIONAMIENTO,ADQUISICION DE BIENES Y SERVICIOS,ADQUISICIONES DIFERENTES DE ACTIVOS,ADQUISICION DE SERVICIOS,VIATICOS DE LOS FUNCIONARIOS EN COMISION,No Aplica,No Aplica,No Aplica,No Aplica,VIGENCIA ACTUAL,ENTIDADES DIFERENTES A ENTIDADES TERRITORIALES - GESTION GENERAL,NO DEFINIDO,NO DEFINIDO,SALUD Y PROTECCION SOCIAL,13000000.0,13000000.0,2021,Tercer Trimestre,pres_gasto,,,,,,,,,,,,,,,,,,,,,,
2139658,20210901,124205000,E.S.E. Hospital San Fernando - Amagá,2.1.1.01.03,REMUNERACIONES NO CONSTITUTIVAS DE FACTOR SALARIAL,GASTOS,FUNCIONAMIENTO,GASTOS DE PERSONAL,PLANTA DE PERSONAL PERMANENTE,REMUNERACIONES NO CONSTITUTIVAS DE FACTOR SALARIAL,No Aplica,No Aplica,No Aplica,No Aplica,No Aplica,VIGENCIA ACTUAL,ENTIDADES DIFERENTES A ENTIDADES TERRITORIALES - GESTION GENERAL,NO DEFINIDO,NO DEFINIDO,NO DEFINIDO,15378357.0,15378357.0,2021,Tercer Trimestre,pres_gasto,,,,,,,,,,,,,,,,,,,,,,
2143547,20210601,124205000,E.S.E. Hospital San Fernando - Amagá,2.1.1.02,PERSONAL SUPERNUMERARIO Y PLANTA TEMPORAL,GASTOS,FUNCIONAMIENTO,GASTOS DE PERSONAL,PERSONAL SUPERNUMERARIO Y PLANTA TEMPORAL,No Aplica,No Aplica,No Aplica,No Aplica,No Aplica,No Aplica,VIGENCIA ACTUAL,ENTIDADES DIFERENTES A ENTIDADES TERRITORIALES - GESTION GENERAL,NO DEFINIDO,NO DEFINIDO,NO DEFINIDO,20000000.0,20000000.0,2021,Segundo Trimestre,pres_gasto,,,,,,,,,,,,,,,,,,,,,,
2147401,20210901,124205000,E.S.E. Hospital San Fernando - Amagá,2.1.1.01.02.002,APORTES A LA SEGURIDAD SOCIAL EN SALUD,GASTOS,FUNCIONAMIENTO,GASTOS DE PERSONAL,PLANTA DE PERSONAL PERMANENTE,CONTRIBUCIONES INHERENTES A LA NOMINA,APORTES A LA SEGURIDAD SOCIAL EN SALUD,No Aplica,No Aplica,No Aplica,No Aplica,VIGENCIA ACTUAL,ENTIDADES DIFERENTES A ENTIDADES TERRITORIALES - GESTION GENERAL,NO DEFINIDO,NO DEFINIDO,SALUD Y PROTECCION SOCIAL,189172920.0,189172920.0,2021,Tercer Trimestre,pres_gasto,,,,,,,,,,,,,,,,,,,,,,
2149205,20220301,124205000,E.S.E. Hospital San Fernando - Amagá,2.4.5.01.03,"OTROS BIENES TRANSPORTABLES EXCEPTO PRODUCTOS METALICOS, MAQUINARIA Y EQUIPO",GASTOS,GASTOS DE OPERACION COMERCIAL,GASTOS DE COMERCIALIZACION Y PRODUCCION,MATERIALES Y SUMINISTROS,"OTROS BIENES TRANSPORTABLES EXCEPTO PRODUCTOS METALICOS, MAQUINARIA Y EQUIPO",No Aplica,No Aplica,No Aplica,No Aplica,No Aplica,VIGENCIA ACTUAL,ENTIDADES DIFERENTES A ENTIDADES TERRITORIALES - UNIDAD DE SALUD,NO DEFINIDO,NO DEFINIDO,SALUD Y PROTECCION SOCIAL,590000000.0,590000000.0,2022,Primer Trimestre,pres_gasto,,,,,,,,,,,,,,,,,,,,,,
2149727,20210301,124205000,E.S.E. Hospital San Fernando - Amagá,2.1.1,GASTOS DE PERSONAL,GASTOS,FUNCIONAMIENTO,GASTOS DE PERSONAL,No Aplica,No Aplica,No Aplica,No Aplica,No Aplica,No Aplica,No Aplica,CUENTAS POR PAGAR,ENTIDADES DIFERENTES A ENTIDADES TERRITORIALES - GESTION GENERAL,NO DEFINIDO,NO DEFINIDO,NO DEFINIDO,3000000.0,700521528.0,2021,Primer Trimestre,pres_gasto,,,,,,,,,,,,,,,,,,,,,,
2154712,20220601,124205000,E.S.E. Hospital San Fernando - Amagá,2.1.1.01.03,REMUNERACIONES NO CONSTITUTIVAS DE FACTOR SALARIAL,GASTOS,FUNCIONAMIENTO,GASTOS DE PERSONAL,PLANTA DE PERSONAL PERMANENTE,REMUNERACIONES NO CONSTITUTIVAS DE FACTOR SALARIAL,No Aplica,No Aplica,No Aplica,No Aplica,No Aplica,VIGENCIA ACTUAL,ENTIDADES DIFERENTES A ENTIDADES TERRITORIALES - UNIDAD DE SALUD,NO DEFINIDO,NO DEFINIDO,NO DEFINIDO,82581804.0,82581804.0,2022,Segundo Trimestre,pres_gasto,,,,,,,,,,,,,,,,,,,,,,
2158777,20220301,124205000,E.S.E. Hospital San Fernando - Amagá,2.1.2.02.02.005,CONSTRUCCION Y SERVICIOS DE LA CONSTRUCCION,GASTOS,FUNCIONAMIENTO,ADQUISICION DE BIENES Y SERVICIOS,ADQUISICIONES DIFERENTES DE ACTIVOS,ADQUISICION DE SERVICIOS,CONSTRUCCION Y SERVICIOS DE LA CONSTRUCCION,No Aplica,No Aplica,No Aplica,No Aplica,VIGENCIA ACTUAL,ENTIDADES DIFERENTES A ENTIDADES TERRITORIALES - UNIDAD DE SALUD,NO DEFINIDO,NO DEFINIDO,SALUD Y PROTECCION SOCIAL,127660000.0,127660000.0,2022,Primer Trimestre,pres_gasto,,,,,,,,,,,,,,,,,,,,,,
2158987,20210601,124205000,E.S.E. Hospital San Fernando - Amagá,2.1.1.01.01,FACTORES CONSTITUTIVOS DE SALARIO,GASTOS,FUNCIONAMIENTO,GASTOS DE PERSONAL,PLANTA DE PERSONAL PERMANENTE,FACTORES CONSTITUTIVOS DE SALARIO,No Aplica,No Aplica,No Aplica,No Aplica,No Aplica,CUENTAS POR PAGAR,ENTIDADES DIFERENTES A ENTIDADES TERRITORIALES - GESTION GENERAL,NO DEFINIDO,NO DEFINIDO,NO DEFINIDO,0.0,535151191.0,2021,Segundo Trimestre,pres_gasto,,,,,,,,,,,,,,,,,,,,,,
2159241,20210301,124205000,E.S.E. Hospital San Fernando - Amagá,2.4.5.02,ADQUISICION DE SERVICIOS,GASTOS,GASTOS DE OPERACION COMERCIAL,GASTOS DE COMERCIALIZACION Y PRODUCCION,ADQUISICION DE SERVICIOS,No Aplica,No Aplica,No Aplica,No Aplica,No Aplica,No Aplica,VIGENCIA ACTUAL,ENTIDADES DIFERENTES A ENTIDADES TERRITORIALES - GESTION GENERAL,NO DEFINIDO,NO DEFINIDO,NO DEFINIDO,50000000.0,50000000.0,2021,Primer Trimestre,pres_gasto,,,,,,,,,,,,,,,,,,,,,,
2161013,20211201,124205000,E.S.E. Hospital San Fernando - Amagá,2.1.2.02.02.007,SERVICIOS FINANCIEROS Y SERVICIOS CONEXOS; SERVICIOS INMOBILIARIOS; Y SERVICIOS DE ARRENDAMIENTO Y LEASING,GASTOS,FUNCIONAMIENTO,ADQUISICION DE BIENES Y SERVICIOS,ADQUISICIONES DIFERENTES DE ACTIVOS,ADQUISICION DE SERVICIOS,SERVICIOS FINANCIEROS Y SERVICIOS CONEXOS; SERVICIOS INMOBILIARIOS; Y SERVICIOS DE ARRENDAMIENTO Y LEASING,No Aplica,No Aplica,No Aplica,No Aplica,CUENTAS POR PAGAR,ENTIDADES DIFERENTES A ENTIDADES TERRITORIALES - GESTION GENERAL,NO DEFINIDO,NO DEFINIDO,SALUD Y PROTECCION SOCIAL,0.0,60744179.0,2021,Cuarto Trimestre,pres_gasto,,,,,,,,,,,,,,,,,,,,,,
2163285,20221201,124205000,E.S.E. Hospital San Fernando - Amagá,2.4.5.02.06,"COMERCIO Y DISTRIBUCION; ALOJAMIENTO; SERVICIOS DE SUMINISTRO DE COMIDAS Y BEBIDAS; SERVICIOS DE TRANSPORTE; Y SERVICIOS DE DISTRIBUCION DE ELECTRICIDAD, GAS Y AGUA",GASTOS,GASTOS DE OPERACION COMERCIAL,GASTOS DE COMERCIALIZACION Y PRODUCCION,ADQUISICION DE SERVICIOS,"COMERCIO Y DISTRIBUCION; ALOJAMIENTO; SERVICIOS DE SUMINISTRO DE COMIDAS Y BEBIDAS; SERVICIOS DE TRANSPORTE; Y SERVICIOS DE DISTRIBUCION DE ELECTRICIDAD, GAS Y AGUA",No Aplica,No Aplica,No Aplica,No Aplica,No Aplica,VIGENCIA ACTUAL,ENTIDADES DIFERENTES A ENTIDADES TERRITORIALES - UNIDAD DE SALUD,NO DEFINIDO,NO DEFINIDO,SALUD Y PROTECCION SOCIAL,45000000.0,70485092.0,2022,Cuarto Trimestre,pres_gasto,,,,,,,,,,,,,,,,,,,,,,
2172232,20210601,124205000,E.S.E. Hospital San Fernando - Amagá,2.1,FUNCIONAMIENTO,GASTOS,FUNCIONAMIENTO,No Aplica,No Aplica,No Aplica,No Aplica,No Aplica,No Aplica,No Aplica,No Aplica,CUENTAS POR PAGAR,ENTIDADES DIFERENTES A ENTIDADES TERRITORIALES - GESTION GENERAL,NO DEFINIDO,NO DEFINIDO,NO DEFINIDO,381000000.0,1190063675.0,2021,Segundo Trimestre,pres_gasto,,,,,,,,,,,,,,,,,,,,,,
2172553,20210301,124205000,E.S.E. Hospital San Fernando - Amagá,2.1.7.01.02,CESANTIAS PARCIALES,GASTOS,FUNCIONAMIENTO,DISMINUCION DE PASIVOS,CESANTIAS,CESANTIAS PARCIALES,No Aplica,No Aplica,No Aplica,No Aplica,No Aplica,VIGENCIA ACTUAL,ENTIDADES DIFERENTES A ENTIDADES TERRITORIALES - GESTION GENERAL,NO DEFINIDO,NO DEFINIDO,SALUD Y PROTECCION SOCIAL,26988714.0,26988714.0,2021,Primer Trimestre,pres_gasto,,,,,,,,,,,,,,,,,,,,,,
2175633,20210901,124205000,E.S.E. Hospital San Fernando - Amagá,2.1.2.02.02.009,"SERVICIOS PARA LA COMUNIDAD, SOCIALES Y PERSONALES",GASTOS,FUNCIONAMIENTO,ADQUISICION DE BIENES Y SERVICIOS,ADQUISICIONES DIFERENTES DE ACTIVOS,ADQUISICION DE SERVICIOS,"SERVICIOS PARA LA COMUNIDAD, SOCIALES Y PERSONALES",No Aplica,No Aplica,No Aplica,No Aplica,CUENTAS POR PAGAR,ENTIDADES DIFERENTES A ENTIDADES TERRITORIALES - GESTION GENERAL,NO DEFINIDO,NO DEFINIDO,SALUD Y PROTECCION SOCIAL,348384249.0,516497989.0,2021,Tercer Trimestre,pres_gasto,,,,,,,,,,,,,,,,,,,,,,
2181393,20210301,124205000,E.S.E. Hospital San Fernando - Amagá,2.1.2.02,ADQUISICIONES DIFERENTES DE ACTIVOS,GASTOS,FUNCIONAMIENTO,ADQUISICION DE BIENES Y SERVICIOS,ADQUISICIONES DIFERENTES DE ACTIVOS,No Aplica,No Aplica,No Aplica,No Aplica,No Aplica,No Aplica,CUENTAS POR PAGAR,ENTIDADES DIFERENTES A ENTIDADES TERRITORIALES - GESTION GENERAL,NO DEFINIDO,NO DEFINIDO,NO DEFINIDO,378000000.0,457756088.0,2021,Primer Trimestre,pres_gasto,,,,,,,,,,,,,,,,,,,,,,
2185965,20211201,124205000,E.S.E. Hospital San Fernando - Amagá,2.1.2.02.02,ADQUISICION DE SERVICIOS,GASTOS,FUNCIONAMIENTO,ADQUISICION DE BIENES Y SERVICIOS,ADQUISICIONES DIFERENTES DE ACTIVOS,ADQUISICION DE SERVICIOS,No Aplica,No Aplica,No Aplica,No Aplica,No Aplica,VIGENCIA ACTUAL,ENTIDADES DIFERENTES A ENTIDADES TERRITORIALES - GESTION GENERAL,NO DEFINIDO,NO DEFINIDO,NO DEFINIDO,722872946.0,1624366288.0,2021,Cuarto Trimestre,pres_gasto,,,,,,,,,,,,,,,,,,,,,,
2197112,20220901,124205000,E.S.E. Hospital San Fernando - Amagá,2.1.1.02.01,FACTORES CONSTITUTIVOS DE SALARIO,GASTOS,FUNCIONAMIENTO,GASTOS DE PERSONAL,PERSONAL SUPERNUMERARIO Y PLANTA TEMPORAL,FACTORES CONSTITUTIVOS DE SALARIO,No Aplica,No Aplica,No Aplica,No Aplica,No Aplica,VIGENCIA ACTUAL,ENTIDADES DIFERENTES A ENTIDADES TERRITORIALES - UNIDAD DE SALUD,NO DEFINIDO,NO DEFINIDO,NO DEFINIDO,119700000.0,119700000.0,2022,Tercer Trimestre,pres_gasto,,,,,,,,,,,,,,,,,,,,,,
2204668,20230601,124205000,E.S.E. Hospital San Fernando - Amagá,2.1.1.01.01.001.06,PRIMA DE SERVICIO,GASTOS,FUNCIONAMIENTO,GASTOS DE PERSONAL,PLANTA DE PERSONAL PERMANENTE,FACTORES CONSTITUTIVOS DE SALARIO,FACTORES SALARIALES COMUNES,PRIMA DE SERVICIO,No Aplica,No Aplica,No Aplica,VIGENCIA ACTUAL,ENTIDADES TERRITORIALES - SALUD,NO DEFINIDO,NO DEFINIDO,SALUD Y PROTECCION SOCIAL,81972821.0,81972821.0,2023,Segundo Trimestre,pres_gasto,,,,,,,,,,,,,,,,,,,,,,
2207364,20210901,124205000,E.S.E. Hospital San Fernando - Amagá,2.1.2.02.02.006,"COMERCIO Y DISTRIBUCION; ALOJAMIENTO; SERVICIOS DE SUMINISTRO DE COMIDAS Y BEBIDAS; SERVICIOS DE TRANSPORTE; Y SERVICIOS DE DISTRIBUCION DE ELECTRICIDAD, GAS Y AGUA",GASTOS,FUNCIONAMIENTO,ADQUISICION DE BIENES Y SERVICIOS,ADQUISICIONES DIFERENTES DE ACTIVOS,ADQUISICION DE SERVICIOS,"COMERCIO Y DISTRIBUCION; ALOJAMIENTO; SERVICIOS DE SUMINISTRO DE COMIDAS Y BEBIDAS; SERVICIOS DE TRANSPORTE; Y SERVICIOS DE DISTRIBUCION DE ELECTRICIDAD, GAS Y AGUA",No Aplica,No Aplica,No Aplica,No Aplica,VIGENCIA ACTUAL,ENTIDADES DIFERENTES A ENTIDADES TERRITORIALES - GESTION GENERAL,NO DEFINIDO,NO DEFINIDO,SALUD Y PROTECCION SOCIAL,2000000.0,5000000.0,2021,Tercer Trimestre,pres_gasto,,,,,,,,,,,,,,,,,,,,,,
2218120,20220301,124205000,E.S.E. Hospital San Fernando - Amagá,2,GASTOS,GASTOS,No Aplica,No Aplica,No Aplica,No Aplica,No Aplica,No Aplica,No Aplica,No Aplica,No Aplica,VIGENCIA ACTUAL,ENTIDADES DIFERENTES A ENTIDADES TERRITORIALES - UNIDAD DE SALUD,NO DEFINIDO,NO DEFINIDO,NO DEFINIDO,5313200000.0,5313200000.0,2022,Primer Trimestre,pres_gasto,,,,,,,,,,,,,,,,,,,,,,
2219371,20210301,124205000,E.S.E. Hospital San Fernando - Amagá,2.1.7,DISMINUCION DE PASIVOS,GASTOS,FUNCIONAMIENTO,DISMINUCION DE PASIVOS,No Aplica,No Aplica,No Aplica,No Aplica,No Aplica,No Aplica,No Aplica,VIGENCIA ACTUAL,ENTIDADES DIFERENTES A ENTIDADES TERRITORIALES - GESTION GENERAL,NO DEFINIDO,NO DEFINIDO,NO DEFINIDO,26988714.0,26988714.0,2021,Primer Trimestre,pres_gasto,,,,,,,,,,,,,,,,,,,,,,
2221660,20220301,124205000,E.S.E. Hospital San Fernando - Amagá,2.1.2.02.02.008,SERVICIOS PRESTADOS A LAS EMPRESAS Y SERVICIOS DE PRODUCCION,GASTOS,FUNCIONAMIENTO,ADQUISICION DE BIENES Y SERVICIOS,ADQUISICIONES DIFERENTES DE ACTIVOS,ADQUISICION DE SERVICIOS,SERVICIOS PRESTADOS A LAS EMPRESAS Y SERVICIOS DE PRODUCCION,No Aplica,No Aplica,No Aplica,No Aplica,VIGENCIA ACTUAL,ENTIDADES DIFERENTES A ENTIDADES TERRITORIALES - UNIDAD DE SALUD,NO DEFINIDO,NO DEFINIDO,SALUD Y PROTECCION SOCIAL,345000000.0,345000000.0,2022,Primer Trimestre,pres_gasto,,,,,,,,,,,,,,,,,,,,,,
2224689,20220901,124205000,E.S.E. Hospital San Fernando - Amagá,2.1.8,"GASTOS POR TRIBUTOS, TASAS, CONTRIBUCIONES, MULTAS, SANCIONES E INTERESES DE MORA",GASTOS,FUNCIONAMIENTO,"GASTOS POR TRIBUTOS, TASAS, CONTRIBUCIONES, MULTAS, SANCIONES E INTERESES DE MORA",No Aplica,No Aplica,No Aplica,No Aplica,No Aplica,No Aplica,No Aplica,VIGENCIA ACTUAL,ENTIDADES DIFERENTES A ENTIDADES TERRITORIALES - UNIDAD DE SALUD,NO DEFINIDO,NO DEFINIDO,NO DEFINIDO,0.0,4000.0,2022,Tercer Trimestre,pres_gasto,,,,,,,,,,,,,,,,,,,,,,
2235569,20220301,124205000,E.S.E. Hospital San Fernando - Amagá,2.4.5.01,MATERIALES Y SUMINISTROS,GASTOS,GASTOS DE OPERACION COMERCIAL,GASTOS DE COMERCIALIZACION Y PRODUCCION,MATERIALES Y SUMINISTROS,No Aplica,No Aplica,No Aplica,No Aplica,No Aplica,No Aplica,VIGENCIA ACTUAL,ENTIDADES DIFERENTES A ENTIDADES TERRITORIALES - UNIDAD DE SALUD,NO DEFINIDO,NO DEFINIDO,NO DEFINIDO,590000000.0,590000000.0,2022,Primer Trimestre,pres_gasto,,,,,,,,,,,,,,,,,,,,,,
2236216,20210601,124205000,E.S.E. Hospital San Fernando - Amagá,2.1.3.07.02.003,BONOS PENSIONALES DE PENSIONES,GASTOS,FUNCIONAMIENTO,TRANSFERENCIAS CORRIENTES,PRESTACIONES PARA CUBRIR RIESGOS SOCIALES,PRESTACIONES SOCIALES RELACIONADAS CON EL EMPLEO,BONOS PENSIONALES DE PENSIONES,No Aplica,No Aplica,No Aplica,No Aplica,VIGENCIA ACTUAL,ENTIDADES DIFERENTES A ENTIDADES TERRITORIALES - GESTION GENERAL,NO DEFINIDO,NO DEFINIDO,NO DEFINIDO,15000000.0,15000000.0,2021,Segundo Trimestre,pres_gasto,,,,,,,,,,,,,,,,,,,,,,
2236327,20220901,124205000,E.S.E. Hospital San Fernando - Amagá,2.4,GASTOS DE OPERACION COMERCIAL,GASTOS,GASTOS DE OPERACION COMERCIAL,No Aplica,No Aplica,No Aplica,No Aplica,No Aplica,No Aplica,No Aplica,No Aplica,VIGENCIA ACTUAL,ENTIDADES DIFERENTES A ENTIDADES TERRITORIALES - UNIDAD DE SALUD,NO DEFINIDO,NO DEFINIDO,NO DEFINIDO,635000000.0,702707592.0,2022,Tercer Trimestre,pres_gasto,,,,,,,,,,,,,,,,,,,,,,
2238609,20220901,124205000,E.S.E. Hospital San Fernando - Amagá,2.1.1.01.02,CONTRIBUCIONES INHERENTES A LA NOMINA,GASTOS,FUNCIONAMIENTO,GASTOS DE PERSONAL,PLANTA DE PERSONAL PERMANENTE,CONTRIBUCIONES INHERENTES A LA NOMINA,No Aplica,No Aplica,No Aplica,No Aplica,No Aplica,VIGENCIA ACTUAL,ENTIDADES DIFERENTES A ENTIDADES TERRITORIALES - UNIDAD DE SALUD,NO DEFINIDO,NO DEFINIDO,NO DEFINIDO,860507380.0,860507380.0,2022,Tercer Trimestre,pres_gasto,,,,,,,,,,,,,,,,,,,,,,
2240349,20211201,124205000,E.S.E. Hospital San Fernando - Amagá,2.1.7,DISMINUCION DE PASIVOS,GASTOS,FUNCIONAMIENTO,DISMINUCION DE PASIVOS,No Aplica,No Aplica,No Aplica,No Aplica,No Aplica,No Aplica,No Aplica,VIGENCIA ACTUAL,ENTIDADES DIFERENTES A ENTIDADES TERRITORIALES - GESTION GENERAL,NO DEFINIDO,NO DEFINIDO,NO DEFINIDO,26988714.0,18811074.0,2021,Cuarto Trimestre,pres_gasto,,,,,,,,,,,,,,,,,,,,,,
2240847,20210601,124205000,E.S.E. Hospital San Fernando - Amagá,2.1.1.01.01.001.06,PRIMA DE SERVICIO,GASTOS,FUNCIONAMIENTO,GASTOS DE PERSONAL,PLANTA DE PERSONAL PERMANENTE,FACTORES CONSTITUTIVOS DE SALARIO,FACTORES SALARIALES COMUNES,PRIMA DE SERVICIO,No Aplica,No Aplica,No Aplica,VIGENCIA ACTUAL,ENTIDADES DIFERENTES A ENTIDADES TERRITORIALES - GESTION GENERAL,NO DEFINIDO,NO DEFINIDO,SALUD Y PROTECCION SOCIAL,89401064.0,89401064.0,2021,Segundo Trimestre,pres_gasto,,,,,,,,,,,,,,,,,,,,,,
2243349,20220601,124205000,E.S.E. Hospital San Fernando - Amagá,2.1.2.02.02.009,"SERVICIOS PARA LA COMUNIDAD, SOCIALES Y PERSONALES",GASTOS,FUNCIONAMIENTO,ADQUISICION DE BIENES Y SERVICIOS,ADQUISICIONES DIFERENTES DE ACTIVOS,ADQUISICION DE SERVICIOS,"SERVICIOS PARA LA COMUNIDAD, SOCIALES Y PERSONALES",No Aplica,No Aplica,No Aplica,No Aplica,VIGENCIA ACTUAL,ENTIDADES DIFERENTES A ENTIDADES TERRITORIALES - UNIDAD DE SALUD,NO DEFINIDO,NO DEFINIDO,MINAS Y ENERGIA,748112785.0,899024339.0,2022,Segundo Trimestre,pres_gasto,,,,,,,,,,,,,,,,,,,,,,
2246566,20210301,124205000,E.S.E. Hospital San Fernando - Amagá,2.4.5.01.03,"OTROS BIENES TRANSPORTABLES EXCEPTO PRODUCTOS METALICOS, MAQUINARIA Y EQUIPO",GASTOS,GASTOS DE OPERACION COMERCIAL,GASTOS DE COMERCIALIZACION Y PRODUCCION,MATERIALES Y SUMINISTROS,"OTROS BIENES TRANSPORTABLES EXCEPTO PRODUCTOS METALICOS, MAQUINARIA Y EQUIPO",No Aplica,No Aplica,No Aplica,No Aplica,No Aplica,CUENTAS POR PAGAR,ENTIDADES DIFERENTES A ENTIDADES TERRITORIALES - GESTION GENERAL,NO DEFINIDO,NO DEFINIDO,SALUD Y PROTECCION SOCIAL,38384249.0,113190967.0,2021,Primer Trimestre,pres_gasto,,,,,,,,,,,,,,,,,,,,,,
2248795,20220901,124205000,E.S.E. Hospital San Fernando - Amagá,2.1.8.05,"MULTAS, SANCIONES E INTERESES DE MORA",GASTOS,FUNCIONAMIENTO,"GASTOS POR TRIBUTOS, TASAS, CONTRIBUCIONES, MULTAS, SANCIONES E INTERESES DE MORA","MULTAS, SANCIONES E INTERESES DE MORA",No Aplica,No Aplica,No Aplica,No Aplica,No Aplica,No Aplica,VIGENCIA ACTUAL,ENTIDADES DIFERENTES A ENTIDADES TERRITORIALES - UNIDAD DE SALUD,NO DEFINIDO,NO DEFINIDO,NO DEFINIDO,0.0,4000.0,2022,Tercer Trimestre,pres_gasto,,,,,,,,,,,,,,,,,,,,,,
2249095,20230601,124205000,E.S.E. Hospital San Fernando - Amagá,2.1.1.01.02.003,APORTES DE CESANTIAS,GASTOS,FUNCIONAMIENTO,GASTOS DE PERSONAL,PLANTA DE PERSONAL PERMANENTE,CONTRIBUCIONES INHERENTES A LA NOMINA,APORTES DE CESANTIAS,No Aplica,No Aplica,No Aplica,No Aplica,VIGENCIA ACTUAL,ENTIDADES TERRITORIALES - SALUD,NO DEFINIDO,NO DEFINIDO,SALUD Y PROTECCION SOCIAL,332569388.0,332569388.0,2023,Segundo Trimestre,pres_gasto,,,,,,,,,,,,,,,,,,,,,,
2255122,20211201,124205000,E.S.E. Hospital San Fernando - Amagá,2.1.1.01.02.003,APORTES DE CESANTIAS,GASTOS,FUNCIONAMIENTO,GASTOS DE PERSONAL,PLANTA DE PERSONAL PERMANENTE,CONTRIBUCIONES INHERENTES A LA NOMINA,APORTES DE CESANTIAS,No Aplica,No Aplica,No Aplica,No Aplica,VIGENCIA ACTUAL,ENTIDADES DIFERENTES A ENTIDADES TERRITORIALES - GESTION GENERAL,NO DEFINIDO,NO DEFINIDO,SALUD Y PROTECCION SOCIAL,224905947.0,164112344.0,2021,Cuarto Trimestre,pres_gasto,,,,,,,,,,,,,,,,,,,,,,
2255287,20220901,124205000,E.S.E. Hospital San Fernando - Amagá,2.1.2.02.02.006,"COMERCIO Y DISTRIBUCION; ALOJAMIENTO; SERVICIOS DE SUMINISTRO DE COMIDAS Y BEBIDAS; SERVICIOS DE TRANSPORTE; Y SERVICIOS DE DISTRIBUCION DE ELECTRICIDAD, GAS Y AGUA",GASTOS,FUNCIONAMIENTO,ADQUISICION DE BIENES Y SERVICIOS,ADQUISICIONES DIFERENTES DE ACTIVOS,ADQUISICION DE SERVICIOS,"COMERCIO Y DISTRIBUCION; ALOJAMIENTO; SERVICIOS DE SUMINISTRO DE COMIDAS Y BEBIDAS; SERVICIOS DE TRANSPORTE; Y SERVICIOS DE DISTRIBUCION DE ELECTRICIDAD, GAS Y AGUA",No Aplica,No Aplica,No Aplica,No Aplica,VIGENCIA ACTUAL,ENTIDADES DIFERENTES A ENTIDADES TERRITORIALES - UNIDAD DE SALUD,NO DEFINIDO,NO DEFINIDO,SALUD Y PROTECCION SOCIAL,2000000.0,2000000.0,2022,Tercer Trimestre,pres_gasto,,,,,,,,,,,,,,,,,,,,,,
2255366,20220301,124205000,E.S.E. Hospital San Fernando - Amagá,2.1.3.07,PRESTACIONES PARA CUBRIR RIESGOS SOCIALES,GASTOS,FUNCIONAMIENTO,TRANSFERENCIAS CORRIENTES,PRESTACIONES PARA CUBRIR RIESGOS SOCIALES,No Aplica,No Aplica,No Aplica,No Aplica,No Aplica,No Aplica,VIGENCIA ACTUAL,ENTIDADES DIFERENTES A ENTIDADES TERRITORIALES - UNIDAD DE SALUD,NO DEFINIDO,NO DEFINIDO,NO DEFINIDO,13995758.0,13995758.0,2022,Primer Trimestre,pres_gasto,,,,,,,,,,,,,,,,,,,,,,
2259573,20220901,124205000,E.S.E. Hospital San Fernando - Amagá,2.1.2,ADQUISICION DE BIENES Y SERVICIOS,GASTOS,FUNCIONAMIENTO,ADQUISICION DE BIENES Y SERVICIOS,No Aplica,No Aplica,No Aplica,No Aplica,No Aplica,No Aplica,No Aplica,VIGENCIA ACTUAL,ENTIDADES DIFERENTES A ENTIDADES TERRITORIALES - UNIDAD DE SALUD,NO DEFINIDO,NO DEFINIDO,NO DEFINIDO,1422372785.0,1993576270.0,2022,Tercer Trimestre,pres_gasto,,,,,,,,,,,,,,,,,,,,,,
2262357,20221201,124205000,E.S.E. Hospital San Fernando - Amagá,2.1.2.02.02.006,"COMERCIO Y DISTRIBUCION; ALOJAMIENTO; SERVICIOS DE SUMINISTRO DE COMIDAS Y BEBIDAS; SERVICIOS DE TRANSPORTE; Y SERVICIOS DE DISTRIBUCION DE ELECTRICIDAD, GAS Y AGUA",GASTOS,FUNCIONAMIENTO,ADQUISICION DE BIENES Y SERVICIOS,ADQUISICIONES DIFERENTES DE ACTIVOS,ADQUISICION DE SERVICIOS,"COMERCIO Y DISTRIBUCION; ALOJAMIENTO; SERVICIOS DE SUMINISTRO DE COMIDAS Y BEBIDAS; SERVICIOS DE TRANSPORTE; Y SERVICIOS DE DISTRIBUCION DE ELECTRICIDAD, GAS Y AGUA",No Aplica,No Aplica,No Aplica,No Aplica,VIGENCIA ACTUAL,ENTIDADES DIFERENTES A ENTIDADES TERRITORIALES - UNIDAD DE SALUD,NO DEFINIDO,NO DEFINIDO,SALUD Y PROTECCION SOCIAL,2000000.0,3812642.0,2022,Cuarto Trimestre,pres_gasto,,,,,,,,,,,,,,,,,,,,,,
2262598,20220601,124205000,E.S.E. Hospital San Fernando - Amagá,2.1.1.02.01.001.05,AUXILIO DE TRANSPORTE,GASTOS,FUNCIONAMIENTO,GASTOS DE PERSONAL,PERSONAL SUPERNUMERARIO Y PLANTA TEMPORAL,FACTORES CONSTITUTIVOS DE SALARIO,FACTORES SALARIALES COMUNES,AUXILIO DE TRANSPORTE,No Aplica,No Aplica,No Aplica,VIGENCIA ACTUAL,ENTIDADES DIFERENTES A ENTIDADES TERRITORIALES - UNIDAD DE SALUD,NO DEFINIDO,NO DEFINIDO,MINAS Y ENERGIA,73872000.0,73872000.0,2022,Segundo Trimestre,pres_gasto,,,,,,,,,,,,,,,,,,,,,,
2267514,20211201,124205000,E.S.E. Hospital San Fernando - Amagá,2.4.5.02.08,SERVICIOS PRESTADOS A LAS EMPRESAS Y SERVICIOS DE PRODUCCION,GASTOS,GASTOS DE OPERACION COMERCIAL,GASTOS DE COMERCIALIZACION Y PRODUCCION,ADQUISICION DE SERVICIOS,SERVICIOS PRESTADOS A LAS EMPRESAS Y SERVICIOS DE PRODUCCION,No Aplica,No Aplica,No Aplica,No Aplica,No Aplica,CUENTAS POR PAGAR,ENTIDADES DIFERENTES A ENTIDADES TERRITORIALES - GESTION GENERAL,NO DEFINIDO,NO DEFINIDO,SALUD Y PROTECCION SOCIAL,0.0,108747715.0,2021,Cuarto Trimestre,pres_gasto,,,,,,,,,,,,,,,,,,,,,,
2268569,20220901,124205000,E.S.E. Hospital San Fernando - Amagá,2.1.1.01.01.001.05,AUXILIO DE TRANSPORTE,GASTOS,FUNCIONAMIENTO,GASTOS DE PERSONAL,PLANTA DE PERSONAL PERMANENTE,FACTORES CONSTITUTIVOS DE SALARIO,FACTORES SALARIALES COMUNES,AUXILIO DE TRANSPORTE,No Aplica,No Aplica,No Aplica,VIGENCIA ACTUAL,ENTIDADES DIFERENTES A ENTIDADES TERRITORIALES - UNIDAD DE SALUD,NO DEFINIDO,NO DEFINIDO,SALUD Y PROTECCION SOCIAL,19440000.0,19440000.0,2022,Tercer Trimestre,pres_gasto,,,,,,,,,,,,,,,,,,,,,,
2270699,20210601,124205000,E.S.E. Hospital San Fernando - Amagá,2.1.1.01.01.001.01,SUELDO BASICO,GASTOS,FUNCIONAMIENTO,GASTOS DE PERSONAL,PLANTA DE PERSONAL PERMANENTE,FACTORES CONSTITUTIVOS DE SALARIO,FACTORES SALARIALES COMUNES,SUELDO BASICO,No Aplica,No Aplica,No Aplica,CUENTAS POR PAGAR,ENTIDADES DIFERENTES A ENTIDADES TERRITORIALES - GESTION GENERAL,NO DEFINIDO,NO DEFINIDO,SALUD Y PROTECCION SOCIAL,0.0,535151191.0,2021,Segundo Trimestre,pres_gasto,,,,,,,,,,,,,,,,,,,,,,
2270934,20230601,124205000,E.S.E. Hospital San Fernando - Amagá,2.1.2.02.02,ADQUISICION DE SERVICIOS,GASTOS,FUNCIONAMIENTO,ADQUISICION DE BIENES Y SERVICIOS,ADQUISICIONES DIFERENTES DE ACTIVOS,ADQUISICION DE SERVICIOS,No Aplica,No Aplica,No Aplica,No Aplica,No Aplica,VIGENCIA ACTUAL,ENTIDADES TERRITORIALES - SALUD,NO DEFINIDO,NO DEFINIDO,NO DEFINIDO,1305600000.0,1602237152.0,2023,Segundo Trimestre,pres_gasto,,,,,,,,,,,,,,,,,,,,,,
2271736,20210301,124205000,E.S.E. Hospital San Fernando - Amagá,2.1.3.07.02,PRESTACIONES SOCIALES RELACIONADAS CON EL EMPLEO,GASTOS,FUNCIONAMIENTO,TRANSFERENCIAS CORRIENTES,PRESTACIONES PARA CUBRIR RIESGOS SOCIALES,PRESTACIONES SOCIALES RELACIONADAS CON EL EMPLEO,No Aplica,No Aplica,No Aplica,No Aplica,No Aplica,VIGENCIA ACTUAL,ENTIDADES DIFERENTES A ENTIDADES TERRITORIALES - GESTION GENERAL,NO DEFINIDO,NO DEFINIDO,NO DEFINIDO,28249264.0,28249264.0,2021,Primer Trimestre,pres_gasto,,,,,,,,,,,,,,,,,,,,,,
2274132,20210601,124205000,E.S.E. Hospital San Fernando - Amagá,2.4.5.02.06,"COMERCIO Y DISTRIBUCION; ALOJAMIENTO; SERVICIOS DE SUMINISTRO DE COMIDAS Y BEBIDAS; SERVICIOS DE TRANSPORTE; Y SERVICIOS DE DISTRIBUCION DE ELECTRICIDAD, GAS Y AGUA",GASTOS,GASTOS DE OPERACION COMERCIAL,GASTOS DE COMERCIALIZACION Y PRODUCCION,ADQUISICION DE SERVICIOS,"COMERCIO Y DISTRIBUCION; ALOJAMIENTO; SERVICIOS DE SUMINISTRO DE COMIDAS Y BEBIDAS; SERVICIOS DE TRANSPORTE; Y SERVICIOS DE DISTRIBUCION DE ELECTRICIDAD, GAS Y AGUA",No Aplica,No Aplica,No Aplica,No Aplica,No Aplica,VIGENCIA ACTUAL,ENTIDADES DIFERENTES A ENTIDADES TERRITORIALES - GESTION GENERAL,NO DEFINIDO,NO DEFINIDO,SALUD Y PROTECCION SOCIAL,30000000.0,30000000.0,2021,Segundo Trimestre,pres_gasto,,,,,,,,,,,,,,,,,,,,,,
2277220,20210301,124205000,E.S.E. Hospital San Fernando - Amagá,2.4,GASTOS DE OPERACION COMERCIAL,GASTOS,GASTOS DE OPERACION COMERCIAL,No Aplica,No Aplica,No Aplica,No Aplica,No Aplica,No Aplica,No Aplica,No Aplica,VIGENCIA ACTUAL,ENTIDADES DIFERENTES A ENTIDADES TERRITORIALES - GESTION GENERAL,NO DEFINIDO,NO DEFINIDO,NO DEFINIDO,500000000.0,500000000.0,2021,Primer Trimestre,pres_gasto,,,,,,,,,,,,,,,,,,,,,,
2279475,20210901,124205000,E.S.E. Hospital San Fernando - Amagá,2.1.1.01.02.001,APORTES A LA SEGURIDAD SOCIAL EN PENSIONES,GASTOS,FUNCIONAMIENTO,GASTOS DE PERSONAL,PLANTA DE PERSONAL PERMANENTE,CONTRIBUCIONES INHERENTES A LA NOMINA,APORTES A LA SEGURIDAD SOCIAL EN PENSIONES,No Aplica,No Aplica,No Aplica,No Aplica,VIGENCIA ACTUAL,ENTIDADES DIFERENTES A ENTIDADES TERRITORIALES - GESTION GENERAL,NO DEFINIDO,NO DEFINIDO,SALUD Y PROTECCION SOCIAL,267067620.0,267067620.0,2021,Tercer Trimestre,pres_gasto,,,,,,,,,,,,,,,,,,,,,,
2280303,20221201,124205000,E.S.E. Hospital San Fernando - Amagá,2.1.1.01.02.007,APORTES AL SENA,GASTOS,FUNCIONAMIENTO,GASTOS DE PERSONAL,PLANTA DE PERSONAL PERMANENTE,CONTRIBUCIONES INHERENTES A LA NOMINA,APORTES AL SENA,No Aplica,No Aplica,No Aplica,No Aplica,VIGENCIA ACTUAL,ENTIDADES DIFERENTES A ENTIDADES TERRITORIALES - UNIDAD DE SALUD,NO DEFINIDO,NO DEFINIDO,SALUD Y PROTECCION SOCIAL,34975823.0,34977846.0,2022,Cuarto Trimestre,pres_gasto,,,,,,,,,,,,,,,,,,,,,,
2285183,20210901,124205000,E.S.E. Hospital San Fernando - Amagá,2.1.7.01.02,CESANTIAS PARCIALES,GASTOS,FUNCIONAMIENTO,DISMINUCION DE PASIVOS,CESANTIAS,CESANTIAS PARCIALES,No Aplica,No Aplica,No Aplica,No Aplica,No Aplica,VIGENCIA ACTUAL,ENTIDADES DIFERENTES A ENTIDADES TERRITORIALES - GESTION GENERAL,NO DEFINIDO,NO DEFINIDO,SALUD Y PROTECCION SOCIAL,26988714.0,26988714.0,2021,Tercer Trimestre,pres_gasto,,,,,,,,,,,,,,,,,,,,,,
2290805,20210301,124205000,E.S.E. Hospital San Fernando - Amagá,2.1.3.07,PRESTACIONES PARA CUBRIR RIESGOS SOCIALES,GASTOS,FUNCIONAMIENTO,TRANSFERENCIAS CORRIENTES,PRESTACIONES PARA CUBRIR RIESGOS SOCIALES,No Aplica,No Aplica,No Aplica,No Aplica,No Aplica,No Aplica,CUENTAS POR PAGAR,ENTIDADES DIFERENTES A ENTIDADES TERRITORIALES - GESTION GENERAL,NO DEFINIDO,NO DEFINIDO,NO DEFINIDO,0.0,2061965.0,2021,Primer Trimestre,pres_gasto,,,,,,,,,,,,,,,,,,,,,,
2298769,20210901,124205000,E.S.E. Hospital San Fernando - Amagá,2.1.1.01.01.001.02,"HORAS EXTRAS, DOMINICALES, FESTIVOS Y RECARGOS",GASTOS,FUNCIONAMIENTO,GASTOS DE PERSONAL,PLANTA DE PERSONAL PERMANENTE,FACTORES CONSTITUTIVOS DE SALARIO,FACTORES SALARIALES COMUNES,"HORAS EXTRAS, DOMINICALES, FESTIVOS Y RECARGOS",No Aplica,No Aplica,No Aplica,VIGENCIA ACTUAL,ENTIDADES DIFERENTES A ENTIDADES TERRITORIALES - GESTION GENERAL,NO DEFINIDO,NO DEFINIDO,SALUD Y PROTECCION SOCIAL,258419280.0,210519280.0,2021,Tercer Trimestre,pres_gasto,,,,,,,,,,,,,,,,,,,,,,
2299392,20210901,124205000,E.S.E. Hospital San Fernando - Amagá,2.1.2.02.02.007,SERVICIOS FINANCIEROS Y SERVICIOS CONEXOS; SERVICIOS INMOBILIARIOS; Y SERVICIOS DE ARRENDAMIENTO Y LEASING,GASTOS,FUNCIONAMIENTO,ADQUISICION DE BIENES Y SERVICIOS,ADQUISICIONES DIFERENTES DE ACTIVOS,ADQUISICION DE SERVICIOS,SERVICIOS FINANCIEROS Y SERVICIOS CONEXOS; SERVICIOS INMOBILIARIOS; Y SERVICIOS DE ARRENDAMIENTO Y LEASING,No Aplica,No Aplica,No Aplica,No Aplica,CUENTAS POR PAGAR,ENTIDADES DIFERENTES A ENTIDADES TERRITORIALES - GESTION GENERAL,NO DEFINIDO,NO DEFINIDO,SALUD Y PROTECCION SOCIAL,0.0,60744179.0,2021,Tercer Trimestre,pres_gasto,,,,,,,,,,,,,,,,,,,,,,
2300526,20210301,124205000,E.S.E. Hospital San Fernando - Amagá,2.1.1.01.01.001.08.02,PRIMA DE VACACIONES,GASTOS,FUNCIONAMIENTO,GASTOS DE PERSONAL,PLANTA DE PERSONAL PERMANENTE,FACTORES CONSTITUTIVOS DE SALARIO,FACTORES SALARIALES COMUNES,PRESTACIONES SOCIALES,PRIMA DE VACACIONES,No Aplica,No Aplica,VIGENCIA ACTUAL,ENTIDADES DIFERENTES A ENTIDADES TERRITORIALES - GESTION GENERAL,NO DEFINIDO,NO DEFINIDO,SALUD Y PROTECCION SOCIAL,96851136.0,96851136.0,2021,Primer Trimestre,pres_gasto,,,,,,,,,,,,,,,,,,,,,,
2302330,20210601,124205000,E.S.E. Hospital San Fernando - Amagá,2.1.1.01.01.001.07,BONIFICACION POR SERVICIOS PRESTADOS,GASTOS,FUNCIONAMIENTO,GASTOS DE PERSONAL,PLANTA DE PERSONAL PERMANENTE,FACTORES CONSTITUTIVOS DE SALARIO,FACTORES SALARIALES COMUNES,BONIFICACION POR SERVICIOS PRESTADOS,No Aplica,No Aplica,No Aplica,VIGENCIA ACTUAL,ENTIDADES DIFERENTES A ENTIDADES TERRITORIALES - GESTION GENERAL,NO DEFINIDO,NO DEFINIDO,SALUD Y PROTECCION SOCIAL,65059142.0,65059142.0,2021,Segundo Trimestre,pres_gasto,,,,,,,,,,,,,,,,,,,,,,
2304901,20210301,124205000,E.S.E. Hospital San Fernando - Amagá,2.1.3.07.02.003,BONOS PENSIONALES DE PENSIONES,GASTOS,FUNCIONAMIENTO,TRANSFERENCIAS CORRIENTES,PRESTACIONES PARA CUBRIR RIESGOS SOCIALES,PRESTACIONES SOCIALES RELACIONADAS CON EL EMPLEO,BONOS PENSIONALES DE PENSIONES,No Aplica,No Aplica,No Aplica,No Aplica,VIGENCIA ACTUAL,ENTIDADES DIFERENTES A ENTIDADES TERRITORIALES - GESTION GENERAL,NO DEFINIDO,NO DEFINIDO,NO DEFINIDO,15000000.0,15000000.0,2021,Primer Trimestre,pres_gasto,,,,,,,,,,,,,,,,,,,,,,
2311779,20211201,124205000,E.S.E. Hospital San Fernando - Amagá,2.4.5.01.03,"OTROS BIENES TRANSPORTABLES EXCEPTO PRODUCTOS METALICOS, MAQUINARIA Y EQUIPO",GASTOS,GASTOS DE OPERACION COMERCIAL,GASTOS DE COMERCIALIZACION Y PRODUCCION,MATERIALES Y SUMINISTROS,"OTROS BIENES TRANSPORTABLES EXCEPTO PRODUCTOS METALICOS, MAQUINARIA Y EQUIPO",No Aplica,No Aplica,No Aplica,No Aplica,No Aplica,VIGENCIA ACTUAL,ENTIDADES DIFERENTES A ENTIDADES TERRITORIALES - GESTION GENERAL,NO DEFINIDO,NO DEFINIDO,SALUD Y PROTECCION SOCIAL,450000000.0,758964992.0,2021,Cuarto Trimestre,pres_gasto,,,,,,,,,,,,,,,,,,,,,,
2316319,20220301,124205000,E.S.E. Hospital San Fernando - Amagá,2.1.2,ADQUISICION DE BIENES Y SERVICIOS,GASTOS,FUNCIONAMIENTO,ADQUISICION DE BIENES Y SERVICIOS,No Aplica,No Aplica,No Aplica,No Aplica,No Aplica,No Aplica,No Aplica,VIGENCIA ACTUAL,ENTIDADES DIFERENTES A ENTIDADES TERRITORIALES - UNIDAD DE SALUD,NO DEFINIDO,NO DEFINIDO,NO DEFINIDO,1475372785.0,1475368785.0,2022,Primer Trimestre,pres_gasto,,,,,,,,,,,,,,,,,,,,,,
2317037,20210301,124205000,E.S.E. Hospital San Fernando - Amagá,2.1.2.02,ADQUISICIONES DIFERENTES DE ACTIVOS,GASTOS,FUNCIONAMIENTO,ADQUISICION DE BIENES Y SERVICIOS,ADQUISICIONES DIFERENTES DE ACTIVOS,No Aplica,No Aplica,No Aplica,No Aplica,No Aplica,No Aplica,VIGENCIA ACTUAL,ENTIDADES DIFERENTES A ENTIDADES TERRITORIALES - GESTION GENERAL,NO DEFINIDO,NO DEFINIDO,NO DEFINIDO,894872946.0,1119330361.0,2021,Primer Trimestre,pres_gasto,,,,,,,,,,,,,,,,,,,,,,
2326211,20210901,124205000,E.S.E. Hospital San Fernando - Amagá,2.1.2.02.02.006,"COMERCIO Y DISTRIBUCION; ALOJAMIENTO; SERVICIOS DE SUMINISTRO DE COMIDAS Y BEBIDAS; SERVICIOS DE TRANSPORTE; Y SERVICIOS DE DISTRIBUCION DE ELECTRICIDAD, GAS Y AGUA",GASTOS,FUNCIONAMIENTO,ADQUISICION DE BIENES Y SERVICIOS,ADQUISICIONES DIFERENTES DE ACTIVOS,ADQUISICION DE SERVICIOS,"COMERCIO Y DISTRIBUCION; ALOJAMIENTO; SERVICIOS DE SUMINISTRO DE COMIDAS Y BEBIDAS; SERVICIOS DE TRANSPORTE; Y SERVICIOS DE DISTRIBUCION DE ELECTRICIDAD, GAS Y AGUA",No Aplica,No Aplica,No Aplica,No Aplica,CUENTAS POR PAGAR,ENTIDADES DIFERENTES A ENTIDADES TERRITORIALES - GESTION GENERAL,NO DEFINIDO,NO DEFINIDO,SALUD Y PROTECCION SOCIAL,0.0,34528007.0,2021,Tercer Trimestre,pres_gasto,,,,,,,,,,,,,,,,,,,,,,
2330819,20230601,124205000,E.S.E. Hospital San Fernando - Amagá,2,GASTOS,GASTOS,No Aplica,No Aplica,No Aplica,No Aplica,No Aplica,No Aplica,No Aplica,No Aplica,No Aplica,VIGENCIA ACTUAL,ENTIDADES TERRITORIALES - SALUD,NO DEFINIDO,NO DEFINIDO,NO DEFINIDO,6085081536.0,6414720815.0,2023,Segundo Trimestre,pres_gasto,,,,,,,,,,,,,,,,,,,,,,
2337706,20220901,124205000,E.S.E. Hospital San Fernando - Amagá,2.1.1.01.03.001.03,BONIFICACION ESPECIAL DE RECREACION,GASTOS,FUNCIONAMIENTO,GASTOS DE PERSONAL,PLANTA DE PERSONAL PERMANENTE,REMUNERACIONES NO CONSTITUTIVAS DE FACTOR SALARIAL,PRESTACIONES SOCIALES,BONIFICACION ESPECIAL DE RECREACION,No Aplica,No Aplica,No Aplica,VIGENCIA ACTUAL,ENTIDADES DIFERENTES A ENTIDADES TERRITORIALES - UNIDAD DE SALUD,NO DEFINIDO,NO DEFINIDO,SALUD Y PROTECCION SOCIAL,9715506.0,9715506.0,2022,Tercer Trimestre,pres_gasto,,,,,,,,,,,,,,,,,,,,,,
2339426,20220301,124205000,E.S.E. Hospital San Fernando - Amagá,2.1.1.01.01.001.01,SUELDO BASICO,GASTOS,FUNCIONAMIENTO,GASTOS DE PERSONAL,PLANTA DE PERSONAL PERMANENTE,FACTORES CONSTITUTIVOS DE SALARIO,FACTORES SALARIALES COMUNES,SUELDO BASICO,No Aplica,No Aplica,No Aplica,VIGENCIA ACTUAL,ENTIDADES DIFERENTES A ENTIDADES TERRITORIALES - UNIDAD DE SALUD,NO DEFINIDO,NO DEFINIDO,SALUD Y PROTECCION SOCIAL,1640191140.0,1640191140.0,2022,Primer Trimestre,pres_gasto,,,,,,,,,,,,,,,,,,,,,,
2346864,20210901,124205000,E.S.E. Hospital San Fernando - Amagá,2.1.1.01.01.001.07,BONIFICACION POR SERVICIOS PRESTADOS,GASTOS,FUNCIONAMIENTO,GASTOS DE PERSONAL,PLANTA DE PERSONAL PERMANENTE,FACTORES CONSTITUTIVOS DE SALARIO,FACTORES SALARIALES COMUNES,BONIFICACION POR SERVICIOS PRESTADOS,No Aplica,No Aplica,No Aplica,VIGENCIA ACTUAL,ENTIDADES DIFERENTES A ENTIDADES TERRITORIALES - GESTION GENERAL,NO DEFINIDO,NO DEFINIDO,SALUD Y PROTECCION SOCIAL,57375050.0,59375050.0,2021,Tercer Trimestre,pres_gasto,,,,,,,,,,,,,,,,,,,,,,
2348901,20210901,124205000,E.S.E. Hospital San Fernando - Amagá,2.1.1,GASTOS DE PERSONAL,GASTOS,FUNCIONAMIENTO,GASTOS DE PERSONAL,No Aplica,No Aplica,No Aplica,No Aplica,No Aplica,No Aplica,No Aplica,CUENTAS POR PAGAR,ENTIDADES DIFERENTES A ENTIDADES TERRITORIALES - GESTION GENERAL,NO DEFINIDO,NO DEFINIDO,NO DEFINIDO,3000000.0,548515970.0,2021,Tercer Trimestre,pres_gasto,,,,,,,,,,,,,,,,,,,,,,
2353008,20220601,124205000,E.S.E. Hospital San Fernando - Amagá,2.1.1.01.01.001.01,SUELDO BASICO,GASTOS,FUNCIONAMIENTO,GASTOS DE PERSONAL,PLANTA DE PERSONAL PERMANENTE,FACTORES CONSTITUTIVOS DE SALARIO,FACTORES SALARIALES COMUNES,SUELDO BASICO,No Aplica,No Aplica,No Aplica,VIGENCIA ACTUAL,ENTIDADES DIFERENTES A ENTIDADES TERRITORIALES - UNIDAD DE SALUD,NO DEFINIDO,NO DEFINIDO,MINAS Y ENERGIA,1640191140.0,1631505551.0,2022,Segundo Trimestre,pres_gasto,,,,,,,,,,,,,,,,,,,,,,
2355530,20220901,124205000,E.S.E. Hospital San Fernando - Amagá,2.1.1.02,PERSONAL SUPERNUMERARIO Y PLANTA TEMPORAL,GASTOS,FUNCIONAMIENTO,GASTOS DE PERSONAL,PERSONAL SUPERNUMERARIO Y PLANTA TEMPORAL,No Aplica,No Aplica,No Aplica,No Aplica,No Aplica,No Aplica,VIGENCIA ACTUAL,ENTIDADES DIFERENTES A ENTIDADES TERRITORIALES - UNIDAD DE SALUD,NO DEFINIDO,NO DEFINIDO,NO DEFINIDO,119700000.0,119700000.0,2022,Tercer Trimestre,pres_gasto,,,,,,,,,,,,,,,,,,,,,,
2357510,20210301,124205000,E.S.E. Hospital San Fernando - Amagá,2.1.1.02.01.001.01,SUELDO BASICO,GASTOS,FUNCIONAMIENTO,GASTOS DE PERSONAL,PERSONAL SUPERNUMERARIO Y PLANTA TEMPORAL,FACTORES CONSTITUTIVOS DE SALARIO,FACTORES SALARIALES COMUNES,SUELDO BASICO,No Aplica,No Aplica,No Aplica,VIGENCIA ACTUAL,ENTIDADES DIFERENTES A ENTIDADES TERRITORIALES - GESTION GENERAL,NO DEFINIDO,NO DEFINIDO,SALUD Y PROTECCION SOCIAL,20000000.0,20000000.0,2021,Primer Trimestre,pres_gasto,,,,,,,,,,,,,,,,,,,,,,
2358929,20220301,124205000,E.S.E. Hospital San Fernando - Amagá,2.1.1.01.01.001.06,PRIMA DE SERVICIO,GASTOS,FUNCIONAMIENTO,GASTOS DE PERSONAL,PLANTA DE PERSONAL PERMANENTE,FACTORES CONSTITUTIVOS DE SALARIO,FACTORES SALARIALES COMUNES,PRIMA DE SERVICIO,No Aplica,No Aplica,No Aplica,VIGENCIA ACTUAL,ENTIDADES DIFERENTES A ENTIDADES TERRITORIALES - UNIDAD DE SALUD,NO DEFINIDO,NO DEFINIDO,SALUD Y PROTECCION SOCIAL,72866297.0,72866297.0,2022,Primer Trimestre,pres_gasto,,,,,,,,,,,,,,,,,,,,,,
2358945,20220301,124205000,E.S.E. Hospital San Fernando - Amagá,2.1.1.01.01,FACTORES CONSTITUTIVOS DE SALARIO,GASTOS,FUNCIONAMIENTO,GASTOS DE PERSONAL,PLANTA DE PERSONAL PERMANENTE,FACTORES CONSTITUTIVOS DE SALARIO,No Aplica,No Aplica,No Aplica,No Aplica,No Aplica,VIGENCIA ACTUAL,ENTIDADES DIFERENTES A ENTIDADES TERRITORIALES - UNIDAD DE SALUD,NO DEFINIDO,NO DEFINIDO,NO DEFINIDO,2126042273.0,2126042273.0,2022,Primer Trimestre,pres_gasto,,,,,,,,,,,,,,,,,,,,,,
2373903,20211201,124205000,E.S.E. Hospital San Fernando - Amagá,2.4.5.02.09,"SERVICIOS PARA LA COMUNIDAD, SOCIALES Y PERSONALES",GASTOS,GASTOS DE OPERACION COMERCIAL,GASTOS DE COMERCIALIZACION Y PRODUCCION,ADQUISICION DE SERVICIOS,"SERVICIOS PARA LA COMUNIDAD, SOCIALES Y PERSONALES",No Aplica,No Aplica,No Aplica,No Aplica,No Aplica,CUENTAS POR PAGAR,ENTIDADES DIFERENTES A ENTIDADES TERRITORIALES - GESTION GENERAL,NO DEFINIDO,NO DEFINIDO,SALUD Y PROTECCION SOCIAL,53000000.0,26041811.0,2021,Cuarto Trimestre,pres_gasto,,,,,,,,,,,,,,,,,,,,,,
2384106,20211201,124205000,E.S.E. Hospital San Fernando - Amagá,2.1.2.02.02.006,"COMERCIO Y DISTRIBUCION; ALOJAMIENTO; SERVICIOS DE SUMINISTRO DE COMIDAS Y BEBIDAS; SERVICIOS DE TRANSPORTE; Y SERVICIOS DE DISTRIBUCION DE ELECTRICIDAD, GAS Y AGUA",GASTOS,FUNCIONAMIENTO,ADQUISICION DE BIENES Y SERVICIOS,ADQUISICIONES DIFERENTES DE ACTIVOS,ADQUISICION DE SERVICIOS,"COMERCIO Y DISTRIBUCION; ALOJAMIENTO; SERVICIOS DE SUMINISTRO DE COMIDAS Y BEBIDAS; SERVICIOS DE TRANSPORTE; Y SERVICIOS DE DISTRIBUCION DE ELECTRICIDAD, GAS Y AGUA",No Aplica,No Aplica,No Aplica,No Aplica,CUENTAS POR PAGAR,ENTIDADES DIFERENTES A ENTIDADES TERRITORIALES - GESTION GENERAL,NO DEFINIDO,NO DEFINIDO,SALUD Y PROTECCION SOCIAL,0.0,37737781.0,2021,Cuarto Trimestre,pres_gasto,,,,,,,,,,,,,,,,,,,,,,
2384361,20210901,124205000,E.S.E. Hospital San Fernando - Amagá,2.1.2.01.01,ACTIVOS FIJOS,GASTOS,FUNCIONAMIENTO,ADQUISICION DE BIENES Y SERVICIOS,ADQUISICION DE ACTIVOS NO FINANCIEROS,ACTIVOS FIJOS,No Aplica,No Aplica,No Aplica,No Aplica,No Aplica,VIGENCIA ACTUAL,ENTIDADES DIFERENTES A ENTIDADES TERRITORIALES - GESTION GENERAL,NO DEFINIDO,NO DEFINIDO,NO DEFINIDO,0.0,10000000.0,2021,Tercer Trimestre,pres_gasto,,,,,,,,,,,,,,,,,,,,,,
2385738,20220901,124205000,E.S.E. Hospital San Fernando - Amagá,2.1.1.02.01.001.04,SUBSIDIO DE ALIMENTACION,GASTOS,FUNCIONAMIENTO,GASTOS DE PERSONAL,PERSONAL SUPERNUMERARIO Y PLANTA TEMPORAL,FACTORES CONSTITUTIVOS DE SALARIO,FACTORES SALARIALES COMUNES,SUBSIDIO DE ALIMENTACION,No Aplica,No Aplica,No Aplica,VIGENCIA ACTUAL,ENTIDADES DIFERENTES A ENTIDADES TERRITORIALES - UNIDAD DE SALUD,NO DEFINIDO,NO DEFINIDO,SALUD Y PROTECCION SOCIAL,45828000.0,45828000.0,2022,Tercer Trimestre,pres_gasto,,,,,,,,,,,,,,,,,,,,,,
2386640,20210601,124205000,E.S.E. Hospital San Fernando - Amagá,2.1.1.01.02.005,APORTES GENERALES AL SISTEMA DE RIESGOS LABORALES,GASTOS,FUNCIONAMIENTO,GASTOS DE PERSONAL,PLANTA DE PERSONAL PERMANENTE,CONTRIBUCIONES INHERENTES A LA NOMINA,APORTES GENERALES AL SISTEMA DE RIESGOS LABORALES,No Aplica,No Aplica,No Aplica,No Aplica,VIGENCIA ACTUAL,ENTIDADES DIFERENTES A ENTIDADES TERRITORIALES - GESTION GENERAL,NO DEFINIDO,NO DEFINIDO,SALUD Y PROTECCION SOCIAL,54214727.0,54214727.0,2021,Segundo Trimestre,pres_gasto,,,,,,,,,,,,,,,,,,,,,,
2389766,20210901,124205000,E.S.E. Hospital San Fernando - Amagá,2.1.1.01.01.001.08.01,PRIMA DE NAVIDAD,GASTOS,FUNCIONAMIENTO,GASTOS DE PERSONAL,PLANTA DE PERSONAL PERMANENTE,FACTORES CONSTITUTIVOS DE SALARIO,FACTORES SALARIALES COMUNES,PRESTACIONES SOCIALES,PRIMA DE NAVIDAD,No Aplica,No Aplica,VIGENCIA ACTUAL,ENTIDADES DIFERENTES A ENTIDADES TERRITORIALES - GESTION GENERAL,NO DEFINIDO,NO DEFINIDO,SALUD Y PROTECCION SOCIAL,186886406.0,36886406.0,2021,Tercer Trimestre,pres_gasto,,,,,,,,,,,,,,,,,,,,,,
2390635,20230601,124205000,E.S.E. Hospital San Fernando - Amagá,2.4.5,GASTOS DE COMERCIALIZACION Y PRODUCCION,GASTOS,GASTOS DE OPERACION COMERCIAL,GASTOS DE COMERCIALIZACION Y PRODUCCION,No Aplica,No Aplica,No Aplica,No Aplica,No Aplica,No Aplica,No Aplica,VIGENCIA ACTUAL,ENTIDADES TERRITORIALES - SALUD,NO DEFINIDO,NO DEFINIDO,NO DEFINIDO,680000000.0,709716129.0,2023,Segundo Trimestre,pres_gasto,,,,,,,,,,,,,,,,,,,,,,
2392620,20210901,124205000,E.S.E. Hospital San Fernando - Amagá,2.1.8.04.07,CONTRIBUCION DE VIGILANCIA - SUPERINTENDENCIA NACIONAL DE SALUD,GASTOS,FUNCIONAMIENTO,"GASTOS POR TRIBUTOS, TASAS, CONTRIBUCIONES, MULTAS, SANCIONES E INTERESES DE MORA",CONTRIBUCIONES,CONTRIBUCION DE VIGILANCIA - SUPERINTENDENCIA NACIONAL DE SALUD,No Aplica,No Aplica,No Aplica,No Aplica,No Aplica,VIGENCIA ACTUAL,ENTIDADES DIFERENTES A ENTIDADES TERRITORIALES - GESTION GENERAL,NO DEFINIDO,NO DEFINIDO,SALUD Y PROTECCION SOCIAL,6000000.0,6000000.0,2021,Tercer Trimestre,pres_gasto,,,,,,,,,,,,,,,,,,,,,,
2396868,20210601,124205000,E.S.E. Hospital San Fernando - Amagá,2.1.1.01.03.001,PRESTACIONES SOCIALES,GASTOS,FUNCIONAMIENTO,GASTOS DE PERSONAL,PLANTA DE PERSONAL PERMANENTE,REMUNERACIONES NO CONSTITUTIVAS DE FACTOR SALARIAL,PRESTACIONES SOCIALES,No Aplica,No Aplica,No Aplica,No Aplica,VIGENCIA ACTUAL,ENTIDADES DIFERENTES A ENTIDADES TERRITORIALES - GESTION GENERAL,NO DEFINIDO,NO DEFINIDO,NO DEFINIDO,7684092.0,7684092.0,2021,Segundo Trimestre,pres_gasto,,,,,,,,,,,,,,,,,,,,,,
2399860,20210901,124205000,E.S.E. Hospital San Fernando - Amagá,2.1.1.01.02.005,APORTES GENERALES AL SISTEMA DE RIESGOS LABORALES,GASTOS,FUNCIONAMIENTO,GASTOS DE PERSONAL,PLANTA DE PERSONAL PERMANENTE,CONTRIBUCIONES INHERENTES A LA NOMINA,APORTES GENERALES AL SISTEMA DE RIESGOS LABORALES,No Aplica,No Aplica,No Aplica,No Aplica,VIGENCIA ACTUAL,ENTIDADES DIFERENTES A ENTIDADES TERRITORIALES - GESTION GENERAL,NO DEFINIDO,NO DEFINIDO,SALUD Y PROTECCION SOCIAL,54214727.0,54214727.0,2021,Tercer Trimestre,pres_gasto,,,,,,,,,,,,,,,,,,,,,,
2405283,20210601,124205000,E.S.E. Hospital San Fernando - Amagá,2.1.2.02.02.010,VIATICOS DE LOS FUNCIONARIOS EN COMISION,GASTOS,FUNCIONAMIENTO,ADQUISICION DE BIENES Y SERVICIOS,ADQUISICIONES DIFERENTES DE ACTIVOS,ADQUISICION DE SERVICIOS,VIATICOS DE LOS FUNCIONARIOS EN COMISION,No Aplica,No Aplica,No Aplica,No Aplica,VIGENCIA ACTUAL,ENTIDADES DIFERENTES A ENTIDADES TERRITORIALES - GESTION GENERAL,NO DEFINIDO,NO DEFINIDO,SALUD Y PROTECCION SOCIAL,13000000.0,13000000.0,2021,Segundo Trimestre,pres_gasto,,,,,,,,,,,,,,,,,,,,,,
2410598,20220601,124205000,E.S.E. Hospital San Fernando - Amagá,2.4.5.01.03,"OTROS BIENES TRANSPORTABLES EXCEPTO PRODUCTOS METALICOS, MAQUINARIA Y EQUIPO",GASTOS,GASTOS DE OPERACION COMERCIAL,GASTOS DE COMERCIALIZACION Y PRODUCCION,MATERIALES Y SUMINISTROS,"OTROS BIENES TRANSPORTABLES EXCEPTO PRODUCTOS METALICOS, MAQUINARIA Y EQUIPO",No Aplica,No Aplica,No Aplica,No Aplica,No Aplica,VIGENCIA ACTUAL,ENTIDADES DIFERENTES A ENTIDADES TERRITORIALES - UNIDAD DE SALUD,NO DEFINIDO,NO DEFINIDO,MINAS Y ENERGIA,590000000.0,600000000.0,2022,Segundo Trimestre,pres_gasto,,,,,,,,,,,,,,,,,,,,,,
2412863,20211201,124205000,E.S.E. Hospital San Fernando - Amagá,2.1.1.01.01.001.08,PRESTACIONES SOCIALES,GASTOS,FUNCIONAMIENTO,GASTOS DE PERSONAL,PLANTA DE PERSONAL PERMANENTE,FACTORES CONSTITUTIVOS DE SALARIO,FACTORES SALARIALES COMUNES,PRESTACIONES SOCIALES,No Aplica,No Aplica,No Aplica,VIGENCIA ACTUAL,ENTIDADES DIFERENTES A ENTIDADES TERRITORIALES - GESTION GENERAL,NO DEFINIDO,NO DEFINIDO,NO DEFINIDO,283737542.0,197563276.0,2021,Cuarto Trimestre,pres_gasto,,,,,,,,,,,,,,,,,,,,,,
2414167,20211201,124205000,E.S.E. Hospital San Fernando - Amagá,2.1,FUNCIONAMIENTO,GASTOS,FUNCIONAMIENTO,No Aplica,No Aplica,No Aplica,No Aplica,No Aplica,No Aplica,No Aplica,No Aplica,CUENTAS POR PAGAR,ENTIDADES DIFERENTES A ENTIDADES TERRITORIALES - GESTION GENERAL,NO DEFINIDO,NO DEFINIDO,NO DEFINIDO,328000000.0,924654861.0,2021,Cuarto Trimestre,pres_gasto,,,,,,,,,,,,,,,,,,,,,,
2424928,20221201,124205000,E.S.E. Hospital San Fernando - Amagá,2.1.2.02.01,MATERIALES Y SUMINISTROS,GASTOS,FUNCIONAMIENTO,ADQUISICION DE BIENES Y SERVICIOS,ADQUISICIONES DIFERENTES DE ACTIVOS,MATERIALES Y SUMINISTROS,No Aplica,No Aplica,No Aplica,No Aplica,No Aplica,VIGENCIA ACTUAL,ENTIDADES DIFERENTES A ENTIDADES TERRITORIALES - UNIDAD DE SALUD,NO DEFINIDO,NO DEFINIDO,NO DEFINIDO,187600000.0,183978981.0,2022,Cuarto Trimestre,pres_gasto,,,,,,,,,,,,,,,,,,,,,,
2425579,20221201,124205000,E.S.E. Hospital San Fernando - Amagá,2.1.1.01.03.001,PRESTACIONES SOCIALES,GASTOS,FUNCIONAMIENTO,GASTOS DE PERSONAL,PLANTA DE PERSONAL PERMANENTE,REMUNERACIONES NO CONSTITUTIVAS DE FACTOR SALARIAL,PRESTACIONES SOCIALES,No Aplica,No Aplica,No Aplica,No Aplica,VIGENCIA ACTUAL,ENTIDADES DIFERENTES A ENTIDADES TERRITORIALES - UNIDAD DE SALUD,NO DEFINIDO,NO DEFINIDO,NO DEFINIDO,82581804.0,119816766.0,2022,Cuarto Trimestre,pres_gasto,,,,,,,,,,,,,,,,,,,,,,
2426961,20210301,124205000,E.S.E. Hospital San Fernando - Amagá,2.4.5,GASTOS DE COMERCIALIZACION Y PRODUCCION,GASTOS,GASTOS DE OPERACION COMERCIAL,GASTOS DE COMERCIALIZACION Y PRODUCCION,No Aplica,No Aplica,No Aplica,No Aplica,No Aplica,No Aplica,No Aplica,VIGENCIA ACTUAL,ENTIDADES DIFERENTES A ENTIDADES TERRITORIALES - GESTION GENERAL,NO DEFINIDO,NO DEFINIDO,NO DEFINIDO,500000000.0,500000000.0,2021,Primer Trimestre,pres_gasto,,,,,,,,,,,,,,,,,,,,,,
2429084,20221201,124205000,E.S.E. Hospital San Fernando - Amagá,2.1.1.01.03,REMUNERACIONES NO CONSTITUTIVAS DE FACTOR SALARIAL,GASTOS,FUNCIONAMIENTO,GASTOS DE PERSONAL,PLANTA DE PERSONAL PERMANENTE,REMUNERACIONES NO CONSTITUTIVAS DE FACTOR SALARIAL,No Aplica,No Aplica,No Aplica,No Aplica,No Aplica,VIGENCIA ACTUAL,ENTIDADES DIFERENTES A ENTIDADES TERRITORIALES - UNIDAD DE SALUD,NO DEFINIDO,NO DEFINIDO,NO DEFINIDO,82581804.0,119816766.0,2022,Cuarto Trimestre,pres_gasto,,,,,,,,,,,,,,,,,,,,,,
2430007,20221201,124205000,E.S.E. Hospital San Fernando - Amagá,2.1.3.07.02.001,MESADAS PENSIONALES DE PENSIONES,GASTOS,FUNCIONAMIENTO,TRANSFERENCIAS CORRIENTES,PRESTACIONES PARA CUBRIR RIESGOS SOCIALES,PRESTACIONES SOCIALES RELACIONADAS CON EL EMPLEO,MESADAS PENSIONALES DE PENSIONES,No Aplica,No Aplica,No Aplica,No Aplica,VIGENCIA ACTUAL,ENTIDADES DIFERENTES A ENTIDADES TERRITORIALES - UNIDAD DE SALUD,NO DEFINIDO,NO DEFINIDO,NO DEFINIDO,13995758.0,14078400.0,2022,Cuarto Trimestre,pres_gasto,,,,,,,,,,,,,,,,,,,,,,
2434630,20210301,124205000,E.S.E. Hospital San Fernando - Amagá,2.1.2.02.02.006,"COMERCIO Y DISTRIBUCION; ALOJAMIENTO; SERVICIOS DE SUMINISTRO DE COMIDAS Y BEBIDAS; SERVICIOS DE TRANSPORTE; Y SERVICIOS DE DISTRIBUCION DE ELECTRICIDAD, GAS Y AGUA",GASTOS,FUNCIONAMIENTO,ADQUISICION DE BIENES Y SERVICIOS,ADQUISICIONES DIFERENTES DE ACTIVOS,ADQUISICION DE SERVICIOS,"COMERCIO Y DISTRIBUCION; ALOJAMIENTO; SERVICIOS DE SUMINISTRO DE COMIDAS Y BEBIDAS; SERVICIOS DE TRANSPORTE; Y SERVICIOS DE DISTRIBUCION DE ELECTRICIDAD, GAS Y AGUA",No Aplica,No Aplica,No Aplica,No Aplica,VIGENCIA ACTUAL,ENTIDADES DIFERENTES A ENTIDADES TERRITORIALES - GESTION GENERAL,NO DEFINIDO,NO DEFINIDO,SALUD Y PROTECCION SOCIAL,2000000.0,2000000.0,2021,Primer Trimestre,pres_gasto,,,,,,,,,,,,,,,,,,,,,,
2435244,20220901,124205000,E.S.E. Hospital San Fernando - Amagá,2.1.1.01.03.001,PRESTACIONES SOCIALES,GASTOS,FUNCIONAMIENTO,GASTOS DE PERSONAL,PLANTA DE PERSONAL PERMANENTE,REMUNERACIONES NO CONSTITUTIVAS DE FACTOR SALARIAL,PRESTACIONES SOCIALES,No Aplica,No Aplica,No Aplica,No Aplica,VIGENCIA ACTUAL,ENTIDADES DIFERENTES A ENTIDADES TERRITORIALES - UNIDAD DE SALUD,NO DEFINIDO,NO DEFINIDO,NO DEFINIDO,82581804.0,88081804.0,2022,Tercer Trimestre,pres_gasto,,,,,,,,,,,,,,,,,,,,,,
2438215,20220901,124205000,E.S.E. Hospital San Fernando - Amagá,2.1.1.01.02.003,APORTES DE CESANTIAS,GASTOS,FUNCIONAMIENTO,GASTOS DE PERSONAL,PLANTA DE PERSONAL PERMANENTE,CONTRIBUCIONES INHERENTES A LA NOMINA,APORTES DE CESANTIAS,No Aplica,No Aplica,No Aplica,No Aplica,VIGENCIA ACTUAL,ENTIDADES DIFERENTES A ENTIDADES TERRITORIALES - UNIDAD DE SALUD,NO DEFINIDO,NO DEFINIDO,SALUD Y PROTECCION SOCIAL,302013441.0,302013441.0,2022,Tercer Trimestre,pres_gasto,,,,,,,,,,,,,,,,,,,,,,
2440685,20210901,124205000,E.S.E. Hospital San Fernando - Amagá,2.4.5.01.03,"OTROS BIENES TRANSPORTABLES EXCEPTO PRODUCTOS METALICOS, MAQUINARIA Y EQUIPO",GASTOS,GASTOS DE OPERACION COMERCIAL,GASTOS DE COMERCIALIZACION Y PRODUCCION,MATERIALES Y SUMINISTROS,"OTROS BIENES TRANSPORTABLES EXCEPTO PRODUCTOS METALICOS, MAQUINARIA Y EQUIPO",No Aplica,No Aplica,No Aplica,No Aplica,No Aplica,VIGENCIA ACTUAL,ENTIDADES DIFERENTES A ENTIDADES TERRITORIALES - GESTION GENERAL,NO DEFINIDO,NO DEFINIDO,SALUD Y PROTECCION SOCIAL,450000000.0,673702561.0,2021,Tercer Trimestre,pres_gasto,,,,,,,,,,,,,,,,,,,,,,
2445909,20210601,124205000,E.S.E. Hospital San Fernando - Amagá,2.1.2.02.01.001,"MINERALES, ELECTRICIDAD, GAS Y AGUA",GASTOS,FUNCIONAMIENTO,ADQUISICION DE BIENES Y SERVICIOS,ADQUISICIONES DIFERENTES DE ACTIVOS,MATERIALES Y SUMINISTROS,"MINERALES, ELECTRICIDAD, GAS Y AGUA",No Aplica,No Aplica,No Aplica,No Aplica,VIGENCIA ACTUAL,ENTIDADES DIFERENTES A ENTIDADES TERRITORIALES - GESTION GENERAL,NO DEFINIDO,NO DEFINIDO,SALUD Y PROTECCION SOCIAL,55000000.0,55000000.0,2021,Segundo Trimestre,pres_gasto,,,,,,,,,,,,,,,,,,,,,,
2446318,20220601,124205000,E.S.E. Hospital San Fernando - Amagá,2.1.3.07.02.001.02,MESADAS PENSIONALES A CARGO DE LA ENTIDAD DE PENSIONES,GASTOS,FUNCIONAMIENTO,TRANSFERENCIAS CORRIENTES,PRESTACIONES PARA CUBRIR RIESGOS SOCIALES,PRESTACIONES SOCIALES RELACIONADAS CON EL EMPLEO,MESADAS PENSIONALES DE PENSIONES,MESADAS PENSIONALES A CARGO DE LA ENTIDAD DE PENSIONES,No Aplica,No Aplica,No Aplica,VIGENCIA ACTUAL,ENTIDADES DIFERENTES A ENTIDADES TERRITORIALES - UNIDAD DE SALUD,NO DEFINIDO,NO DEFINIDO,MINAS Y ENERGIA,13995758.0,13995758.0,2022,Segundo Trimestre,pres_gasto,,,,,,,,,,,,,,,,,,,,,,
2446971,20211201,124205000,E.S.E. Hospital San Fernando - Amagá,2.4.5.02,ADQUISICION DE SERVICIOS,GASTOS,GASTOS DE OPERACION COMERCIAL,GASTOS DE COMERCIALIZACION Y PRODUCCION,ADQUISICION DE SERVICIOS,No Aplica,No Aplica,No Aplica,No Aplica,No Aplica,No Aplica,VIGENCIA ACTUAL,ENTIDADES DIFERENTES A ENTIDADES TERRITORIALES - GESTION GENERAL,NO DEFINIDO,NO DEFINIDO,NO DEFINIDO,50000000.0,56152119.0,2021,Cuarto Trimestre,pres_gasto,,,,,,,,,,,,,,,,,,,,,,
2450279,20211201,124205000,E.S.E. Hospital San Fernando - Amagá,2.1.1.01.02,CONTRIBUCIONES INHERENTES A LA NOMINA,GASTOS,FUNCIONAMIENTO,GASTOS DE PERSONAL,PLANTA DE PERSONAL PERMANENTE,CONTRIBUCIONES INHERENTES A LA NOMINA,No Aplica,No Aplica,No Aplica,No Aplica,No Aplica,CUENTAS POR PAGAR,ENTIDADES DIFERENTES A ENTIDADES TERRITORIALES - GESTION GENERAL,NO DEFINIDO,NO DEFINIDO,NO DEFINIDO,3000000.0,8303265.0,2021,Cuarto Trimestre,pres_gasto,,,,,,,,,,,,,,,,,,,,,,
2459847,20221201,124205000,E.S.E. Hospital San Fernando - Amagá,2.1.1.01.02.005,APORTES GENERALES AL SISTEMA DE RIESGOS LABORALES,GASTOS,FUNCIONAMIENTO,GASTOS DE PERSONAL,PLANTA DE PERSONAL PERMANENTE,CONTRIBUCIONES INHERENTES A LA NOMINA,APORTES GENERALES AL SISTEMA DE RIESGOS LABORALES,No Aplica,No Aplica,No Aplica,No Aplica,VIGENCIA ACTUAL,ENTIDADES DIFERENTES A ENTIDADES TERRITORIALES - UNIDAD DE SALUD,NO DEFINIDO,NO DEFINIDO,SALUD Y PROTECCION SOCIAL,42600552.0,34725200.0,2022,Cuarto Trimestre,pres_gasto,,,,,,,,,,,,,,,,,,,,,,
2463455,20220901,124205000,E.S.E. Hospital San Fernando - Amagá,2.1.2.02.01.003,"OTROS BIENES TRANSPORTABLES EXCEPTO PRODUCTOS METALICOS, MAQUINARIA Y EQUIPO",GASTOS,FUNCIONAMIENTO,ADQUISICION DE BIENES Y SERVICIOS,ADQUISICIONES DIFERENTES DE ACTIVOS,MATERIALES Y SUMINISTROS,"OTROS BIENES TRANSPORTABLES EXCEPTO PRODUCTOS METALICOS, MAQUINARIA Y EQUIPO",No Aplica,No Aplica,No Aplica,No Aplica,VIGENCIA ACTUAL,ENTIDADES DIFERENTES A ENTIDADES TERRITORIALES - UNIDAD DE SALUD,NO DEFINIDO,NO DEFINIDO,SALUD Y PROTECCION SOCIAL,177600000.0,177600000.0,2022,Tercer Trimestre,pres_gasto,,,,,,,,,,,,,,,,,,,,,,
2473423,20230601,124205000,E.S.E. Hospital San Fernando - Amagá,2.1.8.05.02,INTERESES DE MORA,GASTOS,FUNCIONAMIENTO,"GASTOS POR TRIBUTOS, TASAS, CONTRIBUCIONES, MULTAS, SANCIONES E INTERESES DE MORA","MULTAS, SANCIONES E INTERESES DE MORA",INTERESES DE MORA,No Aplica,No Aplica,No Aplica,No Aplica,No Aplica,VIGENCIA ACTUAL,ENTIDADES TERRITORIALES - SALUD,NO DEFINIDO,NO DEFINIDO,SALUD Y PROTECCION SOCIAL,0.0,1121000.0,2023,Segundo Trimestre,pres_gasto,,,,,,,,,,,,,,,,,,,,,,
2473530,20220901,124205000,E.S.E. Hospital San Fernando - Amagá,2.1.3.07.02.001,MESADAS PENSIONALES DE PENSIONES,GASTOS,FUNCIONAMIENTO,TRANSFERENCIAS CORRIENTES,PRESTACIONES PARA CUBRIR RIESGOS SOCIALES,PRESTACIONES SOCIALES RELACIONADAS CON EL EMPLEO,MESADAS PENSIONALES DE PENSIONES,No Aplica,No Aplica,No Aplica,No Aplica,VIGENCIA ACTUAL,ENTIDADES DIFERENTES A ENTIDADES TERRITORIALES - UNIDAD DE SALUD,NO DEFINIDO,NO DEFINIDO,NO DEFINIDO,13995758.0,13995758.0,2022,Tercer Trimestre,pres_gasto,,,,,,,,,,,,,,,,,,,,,,
2473867,20210601,124205000,E.S.E. Hospital San Fernando - Amagá,2.1.1.01.02,CONTRIBUCIONES INHERENTES A LA NOMINA,GASTOS,FUNCIONAMIENTO,GASTOS DE PERSONAL,PLANTA DE PERSONAL PERMANENTE,CONTRIBUCIONES INHERENTES A LA NOMINA,No Aplica,No Aplica,No Aplica,No Aplica,No Aplica,CUENTAS POR PAGAR,ENTIDADES DIFERENTES A ENTIDADES TERRITORIALES - GESTION GENERAL,NO DEFINIDO,NO DEFINIDO,NO DEFINIDO,3000000.0,175733194.0,2021,Segundo Trimestre,pres_gasto,,,,,,,,,,,,,,,,,,,,,,
2482892,20220301,124205000,E.S.E. Hospital San Fernando - Amagá,2.1.2.02.01.003,"OTROS BIENES TRANSPORTABLES EXCEPTO PRODUCTOS METALICOS, MAQUINARIA Y EQUIPO",GASTOS,FUNCIONAMIENTO,ADQUISICION DE BIENES Y SERVICIOS,ADQUISICIONES DIFERENTES DE ACTIVOS,MATERIALES Y SUMINISTROS,"OTROS BIENES TRANSPORTABLES EXCEPTO PRODUCTOS METALICOS, MAQUINARIA Y EQUIPO",No Aplica,No Aplica,No Aplica,No Aplica,VIGENCIA ACTUAL,ENTIDADES DIFERENTES A ENTIDADES TERRITORIALES - UNIDAD DE SALUD,NO DEFINIDO,NO DEFINIDO,SALUD Y PROTECCION SOCIAL,177600000.0,177600000.0,2022,Primer Trimestre,pres_gasto,,,,,,,,,,,,,,,,,,,,,,
2483720,20220301,124205000,E.S.E. Hospital San Fernando - Amagá,2.1.1.01.01.001.07,BONIFICACION POR SERVICIOS PRESTADOS,GASTOS,FUNCIONAMIENTO,GASTOS DE PERSONAL,PLANTA DE PERSONAL PERMANENTE,FACTORES CONSTITUTIVOS DE SALARIO,FACTORES SALARIALES COMUNES,BONIFICACION POR SERVICIOS PRESTADOS,No Aplica,No Aplica,No Aplica,VIGENCIA ACTUAL,ENTIDADES DIFERENTES A ENTIDADES TERRITORIALES - UNIDAD DE SALUD,NO DEFINIDO,NO DEFINIDO,SALUD Y PROTECCION SOCIAL,54285944.0,54285944.0,2022,Primer Trimestre,pres_gasto,,,,,,,,,,,,,,,,,,,,,,
2495209,20220601,124205000,E.S.E. Hospital San Fernando - Amagá,2.4.5.02,ADQUISICION DE SERVICIOS,GASTOS,GASTOS DE OPERACION COMERCIAL,GASTOS DE COMERCIALIZACION Y PRODUCCION,ADQUISICION DE SERVICIOS,No Aplica,No Aplica,No Aplica,No Aplica,No Aplica,No Aplica,VIGENCIA ACTUAL,ENTIDADES DIFERENTES A ENTIDADES TERRITORIALES - UNIDAD DE SALUD,NO DEFINIDO,NO DEFINIDO,NO DEFINIDO,45000000.0,45000000.0,2022,Segundo Trimestre,pres_gasto,,,,,,,,,,,,,,,,,,,,,,
2496856,20210901,124205000,E.S.E. Hospital San Fernando - Amagá,2.4.5,GASTOS DE COMERCIALIZACION Y PRODUCCION,GASTOS,GASTOS DE OPERACION COMERCIAL,GASTOS DE COMERCIALIZACION Y PRODUCCION,No Aplica,No Aplica,No Aplica,No Aplica,No Aplica,No Aplica,No Aplica,VIGENCIA ACTUAL,ENTIDADES DIFERENTES A ENTIDADES TERRITORIALES - GESTION GENERAL,NO DEFINIDO,NO DEFINIDO,NO DEFINIDO,500000000.0,736500661.0,2021,Tercer Trimestre,pres_gasto,,,,,,,,,,,,,,,,,,,,,,
2504441,20211201,124205000,E.S.E. Hospital San Fernando - Amagá,2.1.1.01.03.001.03,BONIFICACION ESPECIAL DE RECREACION,GASTOS,FUNCIONAMIENTO,GASTOS DE PERSONAL,PLANTA DE PERSONAL PERMANENTE,REMUNERACIONES NO CONSTITUTIVAS DE FACTOR SALARIAL,PRESTACIONES SOCIALES,BONIFICACION ESPECIAL DE RECREACION,No Aplica,No Aplica,No Aplica,VIGENCIA ACTUAL,ENTIDADES DIFERENTES A ENTIDADES TERRITORIALES - GESTION GENERAL,NO DEFINIDO,NO DEFINIDO,SALUD Y PROTECCION SOCIAL,15368184.0,6402358.0,2021,Cuarto Trimestre,pres_gasto,,,,,,,,,,,,,,,,,,,,,,
2514228,20210601,124205000,E.S.E. Hospital San Fernando - Amagá,2.1.7,DISMINUCION DE PASIVOS,GASTOS,FUNCIONAMIENTO,DISMINUCION DE PASIVOS,No Aplica,No Aplica,No Aplica,No Aplica,No Aplica,No Aplica,No Aplica,VIGENCIA ACTUAL,ENTIDADES DIFERENTES A ENTIDADES TERRITORIALES - GESTION GENERAL,NO DEFINIDO,NO DEFINIDO,NO DEFINIDO,26988714.0,26988714.0,2021,Segundo Trimestre,pres_gasto,,,,,,,,,,,,,,,,,,,,,,
2514999,20220301,124205000,E.S.E. Hospital San Fernando - Amagá,2.1.2.02.02.006,"COMERCIO Y DISTRIBUCION; ALOJAMIENTO; SERVICIOS DE SUMINISTRO DE COMIDAS Y BEBIDAS; SERVICIOS DE TRANSPORTE; Y SERVICIOS DE DISTRIBUCION DE ELECTRICIDAD, GAS Y AGUA",GASTOS,FUNCIONAMIENTO,ADQUISICION DE BIENES Y SERVICIOS,ADQUISICIONES DIFERENTES DE ACTIVOS,ADQUISICION DE SERVICIOS,"COMERCIO Y DISTRIBUCION; ALOJAMIENTO; SERVICIOS DE SUMINISTRO DE COMIDAS Y BEBIDAS; SERVICIOS DE TRANSPORTE; Y SERVICIOS DE DISTRIBUCION DE ELECTRICIDAD, GAS Y AGUA",No Aplica,No Aplica,No Aplica,No Aplica,VIGENCIA ACTUAL,ENTIDADES DIFERENTES A ENTIDADES TERRITORIALES - UNIDAD DE SALUD,NO DEFINIDO,NO DEFINIDO,SALUD Y PROTECCION SOCIAL,2000000.0,2000000.0,2022,Primer Trimestre,pres_gasto,,,,,,,,,,,,,,,,,,,,,,
2520961,20210901,124205000,E.S.E. Hospital San Fernando - Amagá,2.1.7,DISMINUCION DE PASIVOS,GASTOS,FUNCIONAMIENTO,DISMINUCION DE PASIVOS,No Aplica,No Aplica,No Aplica,No Aplica,No Aplica,No Aplica,No Aplica,VIGENCIA ACTUAL,ENTIDADES DIFERENTES A ENTIDADES TERRITORIALES - GESTION GENERAL,NO DEFINIDO,NO DEFINIDO,NO DEFINIDO,26988714.0,26988714.0,2021,Tercer Trimestre,pres_gasto,,,,,,,,,,,,,,,,,,,,,,
2523107,20230601,124205000,E.S.E. Hospital San Fernando - Amagá,2.1.1.01.01.001.05,AUXILIO DE TRANSPORTE,GASTOS,FUNCIONAMIENTO,GASTOS DE PERSONAL,PLANTA DE PERSONAL PERMANENTE,FACTORES CONSTITUTIVOS DE SALARIO,FACTORES SALARIALES COMUNES,AUXILIO DE TRANSPORTE,No Aplica,No Aplica,No Aplica,VIGENCIA ACTUAL,ENTIDADES TERRITORIALES - SALUD,NO DEFINIDO,NO DEFINIDO,SALUD Y PROTECCION SOCIAL,57980000.0,57980000.0,2023,Segundo Trimestre,pres_gasto,,,,,,,,,,,,,,,,,,,,,,
2524561,20210601,124205000,E.S.E. Hospital San Fernando - Amagá,2.4.5.01,MATERIALES Y SUMINISTROS,GASTOS,GASTOS DE OPERACION COMERCIAL,GASTOS DE COMERCIALIZACION Y PRODUCCION,MATERIALES Y SUMINISTROS,No Aplica,No Aplica,No Aplica,No Aplica,No Aplica,No Aplica,VIGENCIA ACTUAL,ENTIDADES DIFERENTES A ENTIDADES TERRITORIALES - GESTION GENERAL,NO DEFINIDO,NO DEFINIDO,NO DEFINIDO,450000000.0,465606000.0,2021,Segundo Trimestre,pres_gasto,,,,,,,,,,,,,,,,,,,,,,
2526310,20210301,124205000,E.S.E. Hospital San Fernando - Amagá,2.1.2.02.01.003,"OTROS BIENES TRANSPORTABLES EXCEPTO PRODUCTOS METALICOS, MAQUINARIA Y EQUIPO",GASTOS,FUNCIONAMIENTO,ADQUISICION DE BIENES Y SERVICIOS,ADQUISICIONES DIFERENTES DE ACTIVOS,MATERIALES Y SUMINISTROS,"OTROS BIENES TRANSPORTABLES EXCEPTO PRODUCTOS METALICOS, MAQUINARIA Y EQUIPO",No Aplica,No Aplica,No Aplica,No Aplica,VIGENCIA ACTUAL,ENTIDADES DIFERENTES A ENTIDADES TERRITORIALES - GESTION GENERAL,NO DEFINIDO,NO DEFINIDO,SALUD Y PROTECCION SOCIAL,137000000.0,137000000.0,2021,Primer Trimestre,pres_gasto,,,,,,,,,,,,,,,,,,,,,,
2527969,20210301,124205000,E.S.E. Hospital San Fernando - Amagá,2.1.3.07.02.001,MESADAS PENSIONALES DE PENSIONES,GASTOS,FUNCIONAMIENTO,TRANSFERENCIAS CORRIENTES,PRESTACIONES PARA CUBRIR RIESGOS SOCIALES,PRESTACIONES SOCIALES RELACIONADAS CON EL EMPLEO,MESADAS PENSIONALES DE PENSIONES,No Aplica,No Aplica,No Aplica,No Aplica,VIGENCIA ACTUAL,ENTIDADES DIFERENTES A ENTIDADES TERRITORIALES - GESTION GENERAL,NO DEFINIDO,NO DEFINIDO,NO DEFINIDO,13249264.0,13249264.0,2021,Primer Trimestre,pres_gasto,,,,,,,,,,,,,,,,,,,,,,
2528500,20230601,124205000,E.S.E. Hospital San Fernando - Amagá,2.4.5.02,ADQUISICION DE SERVICIOS,GASTOS,GASTOS DE OPERACION COMERCIAL,GASTOS DE COMERCIALIZACION Y PRODUCCION,ADQUISICION DE SERVICIOS,No Aplica,No Aplica,No Aplica,No Aplica,No Aplica,No Aplica,VIGENCIA ACTUAL,ENTIDADES TERRITORIALES - SALUD,NO DEFINIDO,NO DEFINIDO,NO DEFINIDO,65000000.0,65000000.0,2023,Segundo Trimestre,pres_gasto,,,,,,,,,,,,,,,,,,,,,,
2530669,20210601,124205000,E.S.E. Hospital San Fernando - Amagá,2.1.3,TRANSFERENCIAS CORRIENTES,GASTOS,FUNCIONAMIENTO,TRANSFERENCIAS CORRIENTES,No Aplica,No Aplica,No Aplica,No Aplica,No Aplica,No Aplica,No Aplica,CUENTAS POR PAGAR,ENTIDADES DIFERENTES A ENTIDADES TERRITORIALES - GESTION GENERAL,NO DEFINIDO,NO DEFINIDO,NO DEFINIDO,0.0,2061965.0,2021,Segundo Trimestre,pres_gasto,,,,,,,,,,,,,,,,,,,,,,
2530674,20220601,124205000,E.S.E. Hospital San Fernando - Amagá,2.1.8,"GASTOS POR TRIBUTOS, TASAS, CONTRIBUCIONES, MULTAS, SANCIONES E INTERESES DE MORA",GASTOS,FUNCIONAMIENTO,"GASTOS POR TRIBUTOS, TASAS, CONTRIBUCIONES, MULTAS, SANCIONES E INTERESES DE MORA",No Aplica,No Aplica,No Aplica,No Aplica,No Aplica,No Aplica,No Aplica,VIGENCIA ACTUAL,ENTIDADES DIFERENTES A ENTIDADES TERRITORIALES - UNIDAD DE SALUD,NO DEFINIDO,NO DEFINIDO,NO DEFINIDO,0.0,4000.0,2022,Segundo Trimestre,pres_gasto,,,,,,,,,,,,,,,,,,,,,,
2531024,20220901,124205000,E.S.E. Hospital San Fernando - Amagá,2.1.2.02.02,ADQUISICION DE SERVICIOS,GASTOS,FUNCIONAMIENTO,ADQUISICION DE BIENES Y SERVICIOS,ADQUISICIONES DIFERENTES DE ACTIVOS,ADQUISICION DE SERVICIOS,No Aplica,No Aplica,No Aplica,No Aplica,No Aplica,VIGENCIA ACTUAL,ENTIDADES DIFERENTES A ENTIDADES TERRITORIALES - UNIDAD DE SALUD,NO DEFINIDO,NO DEFINIDO,NO DEFINIDO,1234772785.0,1805976270.0,2022,Tercer Trimestre,pres_gasto,,,,,,,,,,,,,,,,,,,,,,
2532068,20210901,124205000,E.S.E. Hospital San Fernando - Amagá,2.1.1.01.02.003,APORTES DE CESANTIAS,GASTOS,FUNCIONAMIENTO,GASTOS DE PERSONAL,PLANTA DE PERSONAL PERMANENTE,CONTRIBUCIONES INHERENTES A LA NOMINA,APORTES DE CESANTIAS,No Aplica,No Aplica,No Aplica,No Aplica,VIGENCIA ACTUAL,ENTIDADES DIFERENTES A ENTIDADES TERRITORIALES - GESTION GENERAL,NO DEFINIDO,NO DEFINIDO,SALUD Y PROTECCION SOCIAL,224905947.0,34905947.0,2021,Tercer Trimestre,pres_gasto,,,,,,,,,,,,,,,,,,,,,,
2532490,20220601,124205000,E.S.E. Hospital San Fernando - Amagá,2.1.1.01.02.003,APORTES DE CESANTIAS,GASTOS,FUNCIONAMIENTO,GASTOS DE PERSONAL,PLANTA DE PERSONAL PERMANENTE,CONTRIBUCIONES INHERENTES A LA NOMINA,APORTES DE CESANTIAS,No Aplica,No Aplica,No Aplica,No Aplica,VIGENCIA ACTUAL,ENTIDADES DIFERENTES A ENTIDADES TERRITORIALES - UNIDAD DE SALUD,NO DEFINIDO,NO DEFINIDO,MINAS Y ENERGIA,302013441.0,302013441.0,2022,Segundo Trimestre,pres_gasto,,,,,,,,,,,,,,,,,,,,,,
2537372,20221201,124205000,E.S.E. Hospital San Fernando - Amagá,2.4.5.01,MATERIALES Y SUMINISTROS,GASTOS,GASTOS DE OPERACION COMERCIAL,GASTOS DE COMERCIALIZACION Y PRODUCCION,MATERIALES Y SUMINISTROS,No Aplica,No Aplica,No Aplica,No Aplica,No Aplica,No Aplica,VIGENCIA ACTUAL,ENTIDADES DIFERENTES A ENTIDADES TERRITORIALES - UNIDAD DE SALUD,NO DEFINIDO,NO DEFINIDO,NO DEFINIDO,590000000.0,850647454.0,2022,Cuarto Trimestre,pres_gasto,,,,,,,,,,,,,,,,,,,,,,
2540735,20220901,124205000,E.S.E. Hospital San Fernando - Amagá,2.1.3.07.02.001.02,MESADAS PENSIONALES A CARGO DE LA ENTIDAD DE PENSIONES,GASTOS,FUNCIONAMIENTO,TRANSFERENCIAS CORRIENTES,PRESTACIONES PARA CUBRIR RIESGOS SOCIALES,PRESTACIONES SOCIALES RELACIONADAS CON EL EMPLEO,MESADAS PENSIONALES DE PENSIONES,MESADAS PENSIONALES A CARGO DE LA ENTIDAD DE PENSIONES,No Aplica,No Aplica,No Aplica,VIGENCIA ACTUAL,ENTIDADES DIFERENTES A ENTIDADES TERRITORIALES - UNIDAD DE SALUD,NO DEFINIDO,NO DEFINIDO,SALUD Y PROTECCION SOCIAL,13995758.0,13995758.0,2022,Tercer Trimestre,pres_gasto,,,,,,,,,,,,,,,,,,,,,,
2541189,20220901,124205000,E.S.E. Hospital San Fernando - Amagá,2.4.5,GASTOS DE COMERCIALIZACION Y PRODUCCION,GASTOS,GASTOS DE OPERACION COMERCIAL,GASTOS DE COMERCIALIZACION Y PRODUCCION,No Aplica,No Aplica,No Aplica,No Aplica,No Aplica,No Aplica,No Aplica,VIGENCIA ACTUAL,ENTIDADES DIFERENTES A ENTIDADES TERRITORIALES - UNIDAD DE SALUD,NO DEFINIDO,NO DEFINIDO,NO DEFINIDO,635000000.0,702707592.0,2022,Tercer Trimestre,pres_gasto,,,,,,,,,,,,,,,,,,,,,,
2545489,20210301,124205000,E.S.E. Hospital San Fernando - Amagá,2.1.2.02.02.008,SERVICIOS PRESTADOS A LAS EMPRESAS Y SERVICIOS DE PRODUCCION,GASTOS,FUNCIONAMIENTO,ADQUISICION DE BIENES Y SERVICIOS,ADQUISICIONES DIFERENTES DE ACTIVOS,ADQUISICION DE SERVICIOS,SERVICIOS PRESTADOS A LAS EMPRESAS Y SERVICIOS DE PRODUCCION,No Aplica,No Aplica,No Aplica,No Aplica,CUENTAS POR PAGAR,ENTIDADES DIFERENTES A ENTIDADES TERRITORIALES - GESTION GENERAL,NO DEFINIDO,NO DEFINIDO,SALUD Y PROTECCION SOCIAL,378000000.0,404618555.0,2021,Primer Trimestre,pres_gasto,,,,,,,,,,,,,,,,,,,,,,
2551517,20221201,124205000,E.S.E. Hospital San Fernando - Amagá,2.1.1.01.03.001.03,BONIFICACION ESPECIAL DE RECREACION,GASTOS,FUNCIONAMIENTO,GASTOS DE PERSONAL,PLANTA DE PERSONAL PERMANENTE,REMUNERACIONES NO CONSTITUTIVAS DE FACTOR SALARIAL,PRESTACIONES SOCIALES,BONIFICACION ESPECIAL DE RECREACION,No Aplica,No Aplica,No Aplica,VIGENCIA ACTUAL,ENTIDADES DIFERENTES A ENTIDADES TERRITORIALES - UNIDAD DE SALUD,NO DEFINIDO,NO DEFINIDO,SALUD Y PROTECCION SOCIAL,9715506.0,10086882.0,2022,Cuarto Trimestre,pres_gasto,,,,,,,,,,,,,,,,,,,,,,
2560065,20221201,124205000,E.S.E. Hospital San Fernando - Amagá,2.1.1.01,PLANTA DE PERSONAL PERMANENTE,GASTOS,FUNCIONAMIENTO,GASTOS DE PERSONAL,PLANTA DE PERSONAL PERMANENTE,No Aplica,No Aplica,No Aplica,No Aplica,No Aplica,No Aplica,VIGENCIA ACTUAL,ENTIDADES DIFERENTES A ENTIDADES TERRITORIALES - UNIDAD DE SALUD,NO DEFINIDO,NO DEFINIDO,NO DEFINIDO,3069131457.0,3051512585.0,2022,Cuarto Trimestre,pres_gasto,,,,,,,,,,,,,,,,,,,,,,
2560827,20210901,124205000,E.S.E. Hospital San Fernando - Amagá,2.1.1.01.01,FACTORES CONSTITUTIVOS DE SALARIO,GASTOS,FUNCIONAMIENTO,GASTOS DE PERSONAL,PLANTA DE PERSONAL PERMANENTE,FACTORES CONSTITUTIVOS DE SALARIO,No Aplica,No Aplica,No Aplica,No Aplica,No Aplica,VIGENCIA ACTUAL,ENTIDADES DIFERENTES A ENTIDADES TERRITORIALES - GESTION GENERAL,NO DEFINIDO,NO DEFINIDO,NO DEFINIDO,2695725874.0,1852674773.0,2021,Tercer Trimestre,pres_gasto,,,,,,,,,,,,,,,,,,,,,,
2562359,20221201,124205000,E.S.E. Hospital San Fernando - Amagá,2.1.1.02.01,FACTORES CONSTITUTIVOS DE SALARIO,GASTOS,FUNCIONAMIENTO,GASTOS DE PERSONAL,PERSONAL SUPERNUMERARIO Y PLANTA TEMPORAL,FACTORES CONSTITUTIVOS DE SALARIO,No Aplica,No Aplica,No Aplica,No Aplica,No Aplica,VIGENCIA ACTUAL,ENTIDADES DIFERENTES A ENTIDADES TERRITORIALES - UNIDAD DE SALUD,NO DEFINIDO,NO DEFINIDO,NO DEFINIDO,119700000.0,85782428.0,2022,Cuarto Trimestre,pres_gasto,,,,,,,,,,,,,,,,,,,,,,
2568175,20221201,124205000,E.S.E. Hospital San Fernando - Amagá,2.1.1.01.01.001.07,BONIFICACION POR SERVICIOS PRESTADOS,GASTOS,FUNCIONAMIENTO,GASTOS DE PERSONAL,PLANTA DE PERSONAL PERMANENTE,FACTORES CONSTITUTIVOS DE SALARIO,FACTORES SALARIALES COMUNES,BONIFICACION POR SERVICIOS PRESTADOS,No Aplica,No Aplica,No Aplica,VIGENCIA ACTUAL,ENTIDADES DIFERENTES A ENTIDADES TERRITORIALES - UNIDAD DE SALUD,NO DEFINIDO,NO DEFINIDO,SALUD Y PROTECCION SOCIAL,54285944.0,57938799.0,2022,Cuarto Trimestre,pres_gasto,,,,,,,,,,,,,,,,,,,,,,
2568357,20210901,124205000,E.S.E. Hospital San Fernando - Amagá,2.1.2.02.01.003,"OTROS BIENES TRANSPORTABLES EXCEPTO PRODUCTOS METALICOS, MAQUINARIA Y EQUIPO",GASTOS,FUNCIONAMIENTO,ADQUISICION DE BIENES Y SERVICIOS,ADQUISICIONES DIFERENTES DE ACTIVOS,MATERIALES Y SUMINISTROS,"OTROS BIENES TRANSPORTABLES EXCEPTO PRODUCTOS METALICOS, MAQUINARIA Y EQUIPO",No Aplica,No Aplica,No Aplica,No Aplica,VIGENCIA ACTUAL,ENTIDADES DIFERENTES A ENTIDADES TERRITORIALES - GESTION GENERAL,NO DEFINIDO,NO DEFINIDO,SALUD Y PROTECCION SOCIAL,137000000.0,142000000.0,2021,Tercer Trimestre,pres_gasto,,,,,,,,,,,,,,,,,,,,,,
2570502,20211201,124205000,E.S.E. Hospital San Fernando - Amagá,2.1.8,"GASTOS POR TRIBUTOS, TASAS, CONTRIBUCIONES, MULTAS, SANCIONES E INTERESES DE MORA",GASTOS,FUNCIONAMIENTO,"GASTOS POR TRIBUTOS, TASAS, CONTRIBUCIONES, MULTAS, SANCIONES E INTERESES DE MORA",No Aplica,No Aplica,No Aplica,No Aplica,No Aplica,No Aplica,No Aplica,VIGENCIA ACTUAL,ENTIDADES DIFERENTES A ENTIDADES TERRITORIALES - GESTION GENERAL,NO DEFINIDO,NO DEFINIDO,NO DEFINIDO,6000000.0,5987314.0,2021,Cuarto Trimestre,pres_gasto,,,,,,,,,,,,,,,,,,,,,,
2573956,20210601,124205000,E.S.E. Hospital San Fernando - Amagá,2.1.2,ADQUISICION DE BIENES Y SERVICIOS,GASTOS,FUNCIONAMIENTO,ADQUISICION DE BIENES Y SERVICIOS,No Aplica,No Aplica,No Aplica,No Aplica,No Aplica,No Aplica,No Aplica,CUENTAS POR PAGAR,ENTIDADES DIFERENTES A ENTIDADES TERRITORIALES - GESTION GENERAL,NO DEFINIDO,NO DEFINIDO,NO DEFINIDO,378000000.0,477117325.0,2021,Segundo Trimestre,pres_gasto,,,,,,,,,,,,,,,,,,,,,,
2576232,20210901,124205000,E.S.E. Hospital San Fernando - Amagá,2.1.2.01.01.003.02,MAQUINARIA PARA USOS ESPECIALES,GASTOS,FUNCIONAMIENTO,ADQUISICION DE BIENES Y SERVICIOS,ADQUISICION DE ACTIVOS NO FINANCIEROS,ACTIVOS FIJOS,MAQUINARIA Y EQUIPO,MAQUINARIA PARA USOS ESPECIALES,No Aplica,No Aplica,No Aplica,VIGENCIA ACTUAL,ENTIDADES DIFERENTES A ENTIDADES TERRITORIALES - GESTION GENERAL,NO DEFINIDO,NO DEFINIDO,NO DEFINIDO,0.0,10000000.0,2021,Tercer Trimestre,pres_gasto,,,,,,,,,,,,,,,,,,,,,,
2577459,20210901,124205000,E.S.E. Hospital San Fernando - Amagá,2.1.3.07.02,PRESTACIONES SOCIALES RELACIONADAS CON EL EMPLEO,GASTOS,FUNCIONAMIENTO,TRANSFERENCIAS CORRIENTES,PRESTACIONES PARA CUBRIR RIESGOS SOCIALES,PRESTACIONES SOCIALES RELACIONADAS CON EL EMPLEO,No Aplica,No Aplica,No Aplica,No Aplica,No Aplica,VIGENCIA ACTUAL,ENTIDADES DIFERENTES A ENTIDADES TERRITORIALES - GESTION GENERAL,NO DEFINIDO,NO DEFINIDO,NO DEFINIDO,15000000.0,15000000.0,2021,Tercer Trimestre,pres_gasto,,,,,,,,,,,,,,,,,,,,,,
2584189,20210601,124205000,E.S.E. Hospital San Fernando - Amagá,2.1.3,TRANSFERENCIAS CORRIENTES,GASTOS,FUNCIONAMIENTO,TRANSFERENCIAS CORRIENTES,No Aplica,No Aplica,No Aplica,No Aplica,No Aplica,No Aplica,No Aplica,VIGENCIA ACTUAL,ENTIDADES DIFERENTES A ENTIDADES TERRITORIALES - GESTION GENERAL,NO DEFINIDO,NO DEFINIDO,NO DEFINIDO,28249264.0,28249264.0,2021,Segundo Trimestre,pres_gasto,,,,,,,,,,,,,,,,,,,,,,
2584947,20221201,124205000,E.S.E. Hospital San Fernando - Amagá,2.1.1.01.01.001.04,SUBSIDIO DE ALIMENTACION,GASTOS,FUNCIONAMIENTO,GASTOS DE PERSONAL,PLANTA DE PERSONAL PERMANENTE,FACTORES CONSTITUTIVOS DE SALARIO,FACTORES SALARIALES COMUNES,SUBSIDIO DE ALIMENTACION,No Aplica,No Aplica,No Aplica,VIGENCIA ACTUAL,ENTIDADES DIFERENTES A ENTIDADES TERRITORIALES - UNIDAD DE SALUD,NO DEFINIDO,NO DEFINIDO,SALUD Y PROTECCION SOCIAL,12060000.0,17060000.0,2022,Cuarto Trimestre,pres_gasto,,,,,,,,,,,,,,,,,,,,,,
2587554,20220901,124205000,E.S.E. Hospital San Fernando - Amagá,2.1.1.01.02.002,APORTES A LA SEGURIDAD SOCIAL EN SALUD,GASTOS,FUNCIONAMIENTO,GASTOS DE PERSONAL,PLANTA DE PERSONAL PERMANENTE,CONTRIBUCIONES INHERENTES A LA NOMINA,APORTES A LA SEGURIDAD SOCIAL EN SALUD,No Aplica,No Aplica,No Aplica,No Aplica,VIGENCIA ACTUAL,ENTIDADES DIFERENTES A ENTIDADES TERRITORIALES - UNIDAD DE SALUD,NO DEFINIDO,NO DEFINIDO,SALUD Y PROTECCION SOCIAL,148647247.0,148647247.0,2022,Tercer Trimestre,pres_gasto,,,,,,,,,,,,,,,,,,,,,,
2590823,20210601,124205000,E.S.E. Hospital San Fernando - Amagá,2.1.3.07.02.003.02,BONOS PENSIONALES A CARGO DE LA ENTIDAD DE PENSIONES,GASTOS,FUNCIONAMIENTO,TRANSFERENCIAS CORRIENTES,PRESTACIONES PARA CUBRIR RIESGOS SOCIALES,PRESTACIONES SOCIALES RELACIONADAS CON EL EMPLEO,BONOS PENSIONALES DE PENSIONES,BONOS PENSIONALES A CARGO DE LA ENTIDAD DE PENSIONES,No Aplica,No Aplica,No Aplica,VIGENCIA ACTUAL,ENTIDADES DIFERENTES A ENTIDADES TERRITORIALES - GESTION GENERAL,NO DEFINIDO,NO DEFINIDO,SALUD Y PROTECCION SOCIAL,15000000.0,15000000.0,2021,Segundo Trimestre,pres_gasto,,,,,,,,,,,,,,,,,,,,,,
2591396,20210601,124205000,E.S.E. Hospital San Fernando - Amagá,2.1.1.01.03,REMUNERACIONES NO CONSTITUTIVAS DE FACTOR SALARIAL,GASTOS,FUNCIONAMIENTO,GASTOS DE PERSONAL,PLANTA DE PERSONAL PERMANENTE,REMUNERACIONES NO CONSTITUTIVAS DE FACTOR SALARIAL,No Aplica,No Aplica,No Aplica,No Aplica,No Aplica,VIGENCIA ACTUAL,ENTIDADES DIFERENTES A ENTIDADES TERRITORIALES - GESTION GENERAL,NO DEFINIDO,NO DEFINIDO,NO DEFINIDO,7694265.0,7694265.0,2021,Segundo Trimestre,pres_gasto,,,,,,,,,,,,,,,,,,,,,,
2595389,20211201,124205000,E.S.E. Hospital San Fernando - Amagá,2.1.1.01.03.020,ESTIMULOS A LOS EMPLEADOS DEL ESTADO,GASTOS,FUNCIONAMIENTO,GASTOS DE PERSONAL,PLANTA DE PERSONAL PERMANENTE,REMUNERACIONES NO CONSTITUTIVAS DE FACTOR SALARIAL,ESTIMULOS A LOS EMPLEADOS DEL ESTADO,No Aplica,No Aplica,No Aplica,No Aplica,VIGENCIA ACTUAL,ENTIDADES DIFERENTES A ENTIDADES TERRITORIALES - GESTION GENERAL,NO DEFINIDO,NO DEFINIDO,SALUD Y PROTECCION SOCIAL,10173.0,10173.0,2021,Cuarto Trimestre,pres_gasto,,,,,,,,,,,,,,,,,,,,,,
2599915,20220901,124205000,E.S.E. Hospital San Fernando - Amagá,2.1.1.01,PLANTA DE PERSONAL PERMANENTE,GASTOS,FUNCIONAMIENTO,GASTOS DE PERSONAL,PLANTA DE PERSONAL PERMANENTE,No Aplica,No Aplica,No Aplica,No Aplica,No Aplica,No Aplica,VIGENCIA ACTUAL,ENTIDADES DIFERENTES A ENTIDADES TERRITORIALES - UNIDAD DE SALUD,NO DEFINIDO,NO DEFINIDO,NO DEFINIDO,3069131457.0,3085520535.0,2022,Tercer Trimestre,pres_gasto,,,,,,,,,,,,,,,,,,,,,,
2605354,20210901,124205000,E.S.E. Hospital San Fernando - Amagá,2.1.1.01.01.001.08.02,PRIMA DE VACACIONES,GASTOS,FUNCIONAMIENTO,GASTOS DE PERSONAL,PLANTA DE PERSONAL PERMANENTE,FACTORES CONSTITUTIVOS DE SALARIO,FACTORES SALARIALES COMUNES,PRESTACIONES SOCIALES,PRIMA DE VACACIONES,No Aplica,No Aplica,VIGENCIA ACTUAL,ENTIDADES DIFERENTES A ENTIDADES TERRITORIALES - GESTION GENERAL,NO DEFINIDO,NO DEFINIDO,SALUD Y PROTECCION SOCIAL,96851136.0,96851136.0,2021,Tercer Trimestre,pres_gasto,,,,,,,,,,,,,,,,,,,,,,
2609495,20221201,124205000,E.S.E. Hospital San Fernando - Amagá,2.1.1.01.01,FACTORES CONSTITUTIVOS DE SALARIO,GASTOS,FUNCIONAMIENTO,GASTOS DE PERSONAL,PLANTA DE PERSONAL PERMANENTE,FACTORES CONSTITUTIVOS DE SALARIO,No Aplica,No Aplica,No Aplica,No Aplica,No Aplica,VIGENCIA ACTUAL,ENTIDADES DIFERENTES A ENTIDADES TERRITORIALES - UNIDAD DE SALUD,NO DEFINIDO,NO DEFINIDO,NO DEFINIDO,2126042273.0,2110864193.0,2022,Cuarto Trimestre,pres_gasto,,,,,,,,,,,,,,,,,,,,,,
2610536,20221201,124205000,E.S.E. Hospital San Fernando - Amagá,2.1.2.02.02.008,SERVICIOS PRESTADOS A LAS EMPRESAS Y SERVICIOS DE PRODUCCION,GASTOS,FUNCIONAMIENTO,ADQUISICION DE BIENES Y SERVICIOS,ADQUISICIONES DIFERENTES DE ACTIVOS,ADQUISICION DE SERVICIOS,SERVICIOS PRESTADOS A LAS EMPRESAS Y SERVICIOS DE PRODUCCION,No Aplica,No Aplica,No Aplica,No Aplica,VIGENCIA ACTUAL,ENTIDADES DIFERENTES A ENTIDADES TERRITORIALES - UNIDAD DE SALUD,NO DEFINIDO,NO DEFINIDO,SALUD Y PROTECCION SOCIAL,345000000.0,371301576.0,2022,Cuarto Trimestre,pres_gasto,,,,,,,,,,,,,,,,,,,,,,
2610719,20211201,124205000,E.S.E. Hospital San Fernando - Amagá,2.1.2.01.01.003,MAQUINARIA Y EQUIPO,GASTOS,FUNCIONAMIENTO,ADQUISICION DE BIENES Y SERVICIOS,ADQUISICION DE ACTIVOS NO FINANCIEROS,ACTIVOS FIJOS,MAQUINARIA Y EQUIPO,No Aplica,No Aplica,No Aplica,No Aplica,VIGENCIA ACTUAL,ENTIDADES DIFERENTES A ENTIDADES TERRITORIALES - GESTION GENERAL,NO DEFINIDO,NO DEFINIDO,NO DEFINIDO,0.0,10000000.0,2021,Cuarto Trimestre,pres_gasto,,,,,,,,,,,,,,,,,,,,,,
2611834,20230601,124205000,E.S.E. Hospital San Fernando - Amagá,2.4.5.01,MATERIALES Y SUMINISTROS,GASTOS,GASTOS DE OPERACION COMERCIAL,GASTOS DE COMERCIALIZACION Y PRODUCCION,MATERIALES Y SUMINISTROS,No Aplica,No Aplica,No Aplica,No Aplica,No Aplica,No Aplica,VIGENCIA ACTUAL,ENTIDADES TERRITORIALES - SALUD,NO DEFINIDO,NO DEFINIDO,NO DEFINIDO,615000000.0,644716129.0,2023,Segundo Trimestre,pres_gasto,,,,,,,,,,,,,,,,,,,,,,
2614350,20230601,124205000,E.S.E. Hospital San Fernando - Amagá,2.1.2.02.01.003,"OTROS BIENES TRANSPORTABLES EXCEPTO PRODUCTOS METALICOS, MAQUINARIA Y EQUIPO",GASTOS,FUNCIONAMIENTO,ADQUISICION DE BIENES Y SERVICIOS,ADQUISICIONES DIFERENTES DE ACTIVOS,MATERIALES Y SUMINISTROS,"OTROS BIENES TRANSPORTABLES EXCEPTO PRODUCTOS METALICOS, MAQUINARIA Y EQUIPO",No Aplica,No Aplica,No Aplica,No Aplica,VIGENCIA ACTUAL,ENTIDADES TERRITORIALES - SALUD,NO DEFINIDO,NO DEFINIDO,SALUD Y PROTECCION SOCIAL,184600000.0,187600000.0,2023,Segundo Trimestre,pres_gasto,,,,,,,,,,,,,,,,,,,,,,
2616768,20210301,124205000,E.S.E. Hospital San Fernando - Amagá,2.4,GASTOS DE OPERACION COMERCIAL,GASTOS,GASTOS DE OPERACION COMERCIAL,No Aplica,No Aplica,No Aplica,No Aplica,No Aplica,No Aplica,No Aplica,No Aplica,CUENTAS POR PAGAR,ENTIDADES DIFERENTES A ENTIDADES TERRITORIALES - GESTION GENERAL,NO DEFINIDO,NO DEFINIDO,NO DEFINIDO,38384249.0,113190967.0,2021,Primer Trimestre,pres_gasto,,,,,,,,,,,,,,,,,,,,,,
2618221,20210901,124205000,E.S.E. Hospital San Fernando - Amagá,2.1.2.02.01,MATERIALES Y SUMINISTROS,GASTOS,FUNCIONAMIENTO,ADQUISICION DE BIENES Y SERVICIOS,ADQUISICIONES DIFERENTES DE ACTIVOS,MATERIALES Y SUMINISTROS,No Aplica,No Aplica,No Aplica,No Aplica,No Aplica,CUENTAS POR PAGAR,ENTIDADES DIFERENTES A ENTIDADES TERRITORIALES - GESTION GENERAL,NO DEFINIDO,NO DEFINIDO,NO DEFINIDO,0.0,26302970.0,2021,Tercer Trimestre,pres_gasto,,,,,,,,,,,,,,,,,,,,,,
2629659,20210601,124205000,E.S.E. Hospital San Fernando - Amagá,2.4,GASTOS DE OPERACION COMERCIAL,GASTOS,GASTOS DE OPERACION COMERCIAL,No Aplica,No Aplica,No Aplica,No Aplica,No Aplica,No Aplica,No Aplica,No Aplica,CUENTAS POR PAGAR,ENTIDADES DIFERENTES A ENTIDADES TERRITORIALES - GESTION GENERAL,NO DEFINIDO,NO DEFINIDO,NO DEFINIDO,38384249.0,161403182.0,2021,Segundo Trimestre,pres_gasto,,,,,,,,,,,,,,,,,,,,,,
2634129,20230601,124205000,E.S.E. Hospital San Fernando - Amagá,2.4.5.01.03,"OTROS BIENES TRANSPORTABLES EXCEPTO PRODUCTOS METALICOS, MAQUINARIA Y EQUIPO",GASTOS,GASTOS DE OPERACION COMERCIAL,GASTOS DE COMERCIALIZACION Y PRODUCCION,MATERIALES Y SUMINISTROS,"OTROS BIENES TRANSPORTABLES EXCEPTO PRODUCTOS METALICOS, MAQUINARIA Y EQUIPO",No Aplica,No Aplica,No Aplica,No Aplica,No Aplica,VIGENCIA ACTUAL,ENTIDADES TERRITORIALES - SALUD,NO DEFINIDO,NO DEFINIDO,SALUD Y PROTECCION SOCIAL,615000000.0,644716129.0,2023,Segundo Trimestre,pres_gasto,,,,,,,,,,,,,,,,,,,,,,
2634402,20210601,124205000,E.S.E. Hospital San Fernando - Amagá,2,GASTOS,GASTOS,No Aplica,No Aplica,No Aplica,No Aplica,No Aplica,No Aplica,No Aplica,No Aplica,No Aplica,CUENTAS POR PAGAR,ENTIDADES DIFERENTES A ENTIDADES TERRITORIALES - GESTION GENERAL,NO DEFINIDO,NO DEFINIDO,NO DEFINIDO,419384249.0,1351466857.0,2021,Segundo Trimestre,pres_gasto,,,,,,,,,,,,,,,,,,,,,,
2634645,20210901,124205000,E.S.E. Hospital San Fernando - Amagá,2.1.1.01.02,CONTRIBUCIONES INHERENTES A LA NOMINA,GASTOS,FUNCIONAMIENTO,GASTOS DE PERSONAL,PLANTA DE PERSONAL PERMANENTE,CONTRIBUCIONES INHERENTES A LA NOMINA,No Aplica,No Aplica,No Aplica,No Aplica,No Aplica,VIGENCIA ACTUAL,ENTIDADES DIFERENTES A ENTIDADES TERRITORIALES - GESTION GENERAL,NO DEFINIDO,NO DEFINIDO,NO DEFINIDO,969244404.0,779244404.0,2021,Tercer Trimestre,pres_gasto,,,,,,,,,,,,,,,,,,,,,,
2636983,20210901,124205000,E.S.E. Hospital San Fernando - Amagá,2.4.5.02.08,SERVICIOS PRESTADOS A LAS EMPRESAS Y SERVICIOS DE PRODUCCION,GASTOS,GASTOS DE OPERACION COMERCIAL,GASTOS DE COMERCIALIZACION Y PRODUCCION,ADQUISICION DE SERVICIOS,SERVICIOS PRESTADOS A LAS EMPRESAS Y SERVICIOS DE PRODUCCION,No Aplica,No Aplica,No Aplica,No Aplica,No Aplica,VIGENCIA ACTUAL,ENTIDADES DIFERENTES A ENTIDADES TERRITORIALES - GESTION GENERAL,NO DEFINIDO,NO DEFINIDO,SALUD Y PROTECCION SOCIAL,20000000.0,20000000.0,2021,Tercer Trimestre,pres_gasto,,,,,,,,,,,,,,,,,,,,,,
2637865,20210301,124205000,E.S.E. Hospital San Fernando - Amagá,2.4.5.01,MATERIALES Y SUMINISTROS,GASTOS,GASTOS DE OPERACION COMERCIAL,GASTOS DE COMERCIALIZACION Y PRODUCCION,MATERIALES Y SUMINISTROS,No Aplica,No Aplica,No Aplica,No Aplica,No Aplica,No Aplica,VIGENCIA ACTUAL,ENTIDADES DIFERENTES A ENTIDADES TERRITORIALES - GESTION GENERAL,NO DEFINIDO,NO DEFINIDO,NO DEFINIDO,450000000.0,450000000.0,2021,Primer Trimestre,pres_gasto,,,,,,,,,,,,,,,,,,,,,,
2639733,20210601,124205000,E.S.E. Hospital San Fernando - Amagá,2.1.1.01.02.006,APORTES AL ICBF,GASTOS,FUNCIONAMIENTO,GASTOS DE PERSONAL,PLANTA DE PERSONAL PERMANENTE,CONTRIBUCIONES INHERENTES A LA NOMINA,APORTES AL ICBF,No Aplica,No Aplica,No Aplica,No Aplica,CUENTAS POR PAGAR,ENTIDADES DIFERENTES A ENTIDADES TERRITORIALES - GESTION GENERAL,NO DEFINIDO,NO DEFINIDO,SALUD Y PROTECCION SOCIAL,3000000.0,6241300.0,2021,Segundo Trimestre,pres_gasto,,,,,,,,,,,,,,,,,,,,,,
2647901,20211201,124205000,E.S.E. Hospital San Fernando - Amagá,2.1.1.01.03,REMUNERACIONES NO CONSTITUTIVAS DE FACTOR SALARIAL,GASTOS,FUNCIONAMIENTO,GASTOS DE PERSONAL,PLANTA DE PERSONAL PERMANENTE,REMUNERACIONES NO CONSTITUTIVAS DE FACTOR SALARIAL,No Aplica,No Aplica,No Aplica,No Aplica,No Aplica,VIGENCIA ACTUAL,ENTIDADES DIFERENTES A ENTIDADES TERRITORIALES - GESTION GENERAL,NO DEFINIDO,NO DEFINIDO,NO DEFINIDO,15378357.0,6412531.0,2021,Cuarto Trimestre,pres_gasto,,,,,,,,,,,,,,,,,,,,,,
2649989,20211201,124205000,E.S.E. Hospital San Fernando - Amagá,2.1.2.02.02.009,"SERVICIOS PARA LA COMUNIDAD, SOCIALES Y PERSONALES",GASTOS,FUNCIONAMIENTO,ADQUISICION DE BIENES Y SERVICIOS,ADQUISICIONES DIFERENTES DE ACTIVOS,ADQUISICION DE SERVICIOS,"SERVICIOS PARA LA COMUNIDAD, SOCIALES Y PERSONALES",No Aplica,No Aplica,No Aplica,No Aplica,VIGENCIA ACTUAL,ENTIDADES DIFERENTES A ENTIDADES TERRITORIALES - GESTION GENERAL,NO DEFINIDO,NO DEFINIDO,SALUD Y PROTECCION SOCIAL,205872946.0,275170265.0,2021,Cuarto Trimestre,pres_gasto,,,,,,,,,,,,,,,,,,,,,,
2652840,20211201,124205000,E.S.E. Hospital San Fernando - Amagá,2.1.1.01.02.005,APORTES GENERALES AL SISTEMA DE RIESGOS LABORALES,GASTOS,FUNCIONAMIENTO,GASTOS DE PERSONAL,PLANTA DE PERSONAL PERMANENTE,CONTRIBUCIONES INHERENTES A LA NOMINA,APORTES GENERALES AL SISTEMA DE RIESGOS LABORALES,No Aplica,No Aplica,No Aplica,No Aplica,VIGENCIA ACTUAL,ENTIDADES DIFERENTES A ENTIDADES TERRITORIALES - GESTION GENERAL,NO DEFINIDO,NO DEFINIDO,SALUD Y PROTECCION SOCIAL,54214727.0,34412400.0,2021,Cuarto Trimestre,pres_gasto,,,,,,,,,,,,,,,,,,,,,,
2653822,20210901,124205000,E.S.E. Hospital San Fernando - Amagá,2.1.1.01,PLANTA DE PERSONAL PERMANENTE,GASTOS,FUNCIONAMIENTO,GASTOS DE PERSONAL,PLANTA DE PERSONAL PERMANENTE,No Aplica,No Aplica,No Aplica,No Aplica,No Aplica,No Aplica,CUENTAS POR PAGAR,ENTIDADES DIFERENTES A ENTIDADES TERRITORIALES - GESTION GENERAL,NO DEFINIDO,NO DEFINIDO,NO DEFINIDO,3000000.0,548515970.0,2021,Tercer Trimestre,pres_gasto,,,,,,,,,,,,,,,,,,,,,,
2657985,20210901,124205000,E.S.E. Hospital San Fernando - Amagá,2.1.2.02.02,ADQUISICION DE SERVICIOS,GASTOS,FUNCIONAMIENTO,ADQUISICION DE BIENES Y SERVICIOS,ADQUISICIONES DIFERENTES DE ACTIVOS,ADQUISICION DE SERVICIOS,No Aplica,No Aplica,No Aplica,No Aplica,No Aplica,CUENTAS POR PAGAR,ENTIDADES DIFERENTES A ENTIDADES TERRITORIALES - GESTION GENERAL,NO DEFINIDO,NO DEFINIDO,NO DEFINIDO,363384249.0,643310613.0,2021,Tercer Trimestre,pres_gasto,,,,,,,,,,,,,,,,,,,,,,
2658679,20211201,124205000,E.S.E. Hospital San Fernando - Amagá,2.1.1.01.02.003,APORTES DE CESANTIAS,GASTOS,FUNCIONAMIENTO,GASTOS DE PERSONAL,PLANTA DE PERSONAL PERMANENTE,CONTRIBUCIONES INHERENTES A LA NOMINA,APORTES DE CESANTIAS,No Aplica,No Aplica,No Aplica,No Aplica,CUENTAS POR PAGAR,ENTIDADES DIFERENTES A ENTIDADES TERRITORIALES - GESTION GENERAL,NO DEFINIDO,NO DEFINIDO,SALUD Y PROTECCION SOCIAL,0.0,2061965.0,2021,Cuarto Trimestre,pres_gasto,,,,,,,,,,,,,,,,,,,,,,
2663136,20210901,124205000,E.S.E. Hospital San Fernando - Amagá,2.1.1.01.02.003,APORTES DE CESANTIAS,GASTOS,FUNCIONAMIENTO,GASTOS DE PERSONAL,PLANTA DE PERSONAL PERMANENTE,CONTRIBUCIONES INHERENTES A LA NOMINA,APORTES DE CESANTIAS,No Aplica,No Aplica,No Aplica,No Aplica,CUENTAS POR PAGAR,ENTIDADES DIFERENTES A ENTIDADES TERRITORIALES - GESTION GENERAL,NO DEFINIDO,NO DEFINIDO,SALUD Y PROTECCION SOCIAL,0.0,2061965.0,2021,Tercer Trimestre,pres_gasto,,,,,,,,,,,,,,,,,,,,,,
2669023,20220601,124205000,E.S.E. Hospital San Fernando - Amagá,2.1.1.01.02.005,APORTES GENERALES AL SISTEMA DE RIESGOS LABORALES,GASTOS,FUNCIONAMIENTO,GASTOS DE PERSONAL,PLANTA DE PERSONAL PERMANENTE,CONTRIBUCIONES INHERENTES A LA NOMINA,APORTES GENERALES AL SISTEMA DE RIESGOS LABORALES,No Aplica,No Aplica,No Aplica,No Aplica,VIGENCIA ACTUAL,ENTIDADES DIFERENTES A ENTIDADES TERRITORIALES - UNIDAD DE SALUD,NO DEFINIDO,NO DEFINIDO,MINAS Y ENERGIA,42600552.0,42600552.0,2022,Segundo Trimestre,pres_gasto,,,,,,,,,,,,,,,,,,,,,,
2670032,20210601,124205000,E.S.E. Hospital San Fernando - Amagá,2.1.1.01,PLANTA DE PERSONAL PERMANENTE,GASTOS,FUNCIONAMIENTO,GASTOS DE PERSONAL,PLANTA DE PERSONAL PERMANENTE,No Aplica,No Aplica,No Aplica,No Aplica,No Aplica,No Aplica,VIGENCIA ACTUAL,ENTIDADES DIFERENTES A ENTIDADES TERRITORIALES - GESTION GENERAL,NO DEFINIDO,NO DEFINIDO,NO DEFINIDO,3667099371.0,2728662369.0,2021,Segundo Trimestre,pres_gasto,,,,,,,,,,,,,,,,,,,,,,
2677155,20220901,124205000,E.S.E. Hospital San Fernando - Amagá,2.1.3,TRANSFERENCIAS CORRIENTES,GASTOS,FUNCIONAMIENTO,TRANSFERENCIAS CORRIENTES,No Aplica,No Aplica,No Aplica,No Aplica,No Aplica,No Aplica,No Aplica,VIGENCIA ACTUAL,ENTIDADES DIFERENTES A ENTIDADES TERRITORIALES - UNIDAD DE SALUD,NO DEFINIDO,NO DEFINIDO,NO DEFINIDO,13995758.0,13995758.0,2022,Tercer Trimestre,pres_gasto,,,,,,,,,,,,,,,,,,,,,,
2678447,20230601,124205000,E.S.E. Hospital San Fernando - Amagá,2.1.3.07.02,PRESTACIONES SOCIALES RELACIONADAS CON EL EMPLEO,GASTOS,FUNCIONAMIENTO,TRANSFERENCIAS CORRIENTES,PRESTACIONES PARA CUBRIR RIESGOS SOCIALES,PRESTACIONES SOCIALES RELACIONADAS CON EL EMPLEO,No Aplica,No Aplica,No Aplica,No Aplica,No Aplica,VIGENCIA ACTUAL,ENTIDADES TERRITORIALES - SALUD,NO DEFINIDO,NO DEFINIDO,NO DEFINIDO,15486241.0,15486241.0,2023,Segundo Trimestre,pres_gasto,,,,,,,,,,,,,,,,,,,,,,
2679404,20221201,124205000,E.S.E. Hospital San Fernando - Amagá,2.1.2.02.01.003,"OTROS BIENES TRANSPORTABLES EXCEPTO PRODUCTOS METALICOS, MAQUINARIA Y EQUIPO",GASTOS,FUNCIONAMIENTO,ADQUISICION DE BIENES Y SERVICIOS,ADQUISICIONES DIFERENTES DE ACTIVOS,MATERIALES Y SUMINISTROS,"OTROS BIENES TRANSPORTABLES EXCEPTO PRODUCTOS METALICOS, MAQUINARIA Y EQUIPO",No Aplica,No Aplica,No Aplica,No Aplica,VIGENCIA ACTUAL,ENTIDADES DIFERENTES A ENTIDADES TERRITORIALES - UNIDAD DE SALUD,NO DEFINIDO,NO DEFINIDO,SALUD Y PROTECCION SOCIAL,177600000.0,173978981.0,2022,Cuarto Trimestre,pres_gasto,,,,,,,,,,,,,,,,,,,,,,
2684078,20220301,124205000,E.S.E. Hospital San Fernando - Amagá,2.1.1.01.02.001,APORTES A LA SEGURIDAD SOCIAL EN PENSIONES,GASTOS,FUNCIONAMIENTO,GASTOS DE PERSONAL,PLANTA DE PERSONAL PERMANENTE,CONTRIBUCIONES INHERENTES A LA NOMINA,APORTES A LA SEGURIDAD SOCIAL EN PENSIONES,No Aplica,No Aplica,No Aplica,No Aplica,VIGENCIA ACTUAL,ENTIDADES DIFERENTES A ENTIDADES TERRITORIALES - UNIDAD DE SALUD,NO DEFINIDO,NO DEFINIDO,SALUD Y PROTECCION SOCIAL,209854937.0,209854937.0,2022,Primer Trimestre,pres_gasto,,,,,,,,,,,,,,,,,,,,,,
2687087,20210301,124205000,E.S.E. Hospital San Fernando - Amagá,2.1.1.01.03,REMUNERACIONES NO CONSTITUTIVAS DE FACTOR SALARIAL,GASTOS,FUNCIONAMIENTO,GASTOS DE PERSONAL,PLANTA DE PERSONAL PERMANENTE,REMUNERACIONES NO CONSTITUTIVAS DE FACTOR SALARIAL,No Aplica,No Aplica,No Aplica,No Aplica,No Aplica,VIGENCIA ACTUAL,ENTIDADES DIFERENTES A ENTIDADES TERRITORIALES - GESTION GENERAL,NO DEFINIDO,NO DEFINIDO,NO DEFINIDO,8853155.0,9039193.0,2021,Primer Trimestre,pres_gasto,,,,,,,,,,,,,,,,,,,,,,
2688530,20210301,124205000,E.S.E. Hospital San Fernando - Amagá,2.1.1.01.01.001.02,"HORAS EXTRAS, DOMINICALES, FESTIVOS Y RECARGOS",GASTOS,FUNCIONAMIENTO,GASTOS DE PERSONAL,PLANTA DE PERSONAL PERMANENTE,FACTORES CONSTITUTIVOS DE SALARIO,FACTORES SALARIALES COMUNES,"HORAS EXTRAS, DOMINICALES, FESTIVOS Y RECARGOS",No Aplica,No Aplica,No Aplica,VIGENCIA ACTUAL,ENTIDADES DIFERENTES A ENTIDADES TERRITORIALES - GESTION GENERAL,NO DEFINIDO,NO DEFINIDO,SALUD Y PROTECCION SOCIAL,258419280.0,258419280.0,2021,Primer Trimestre,pres_gasto,,,,,,,,,,,,,,,,,,,,,,
2696876,20221201,124205000,E.S.E. Hospital San Fernando - Amagá,2.1.2,ADQUISICION DE BIENES Y SERVICIOS,GASTOS,FUNCIONAMIENTO,ADQUISICION DE BIENES Y SERVICIOS,No Aplica,No Aplica,No Aplica,No Aplica,No Aplica,No Aplica,No Aplica,VIGENCIA ACTUAL,ENTIDADES DIFERENTES A ENTIDADES TERRITORIALES - UNIDAD DE SALUD,NO DEFINIDO,NO DEFINIDO,NO DEFINIDO,1475372785.0,2164717124.0,2022,Cuarto Trimestre,pres_gasto,,,,,,,,,,,,,,,,,,,,,,
2711102,20220601,124205000,E.S.E. Hospital San Fernando - Amagá,2.1.1.01.01.001.05,AUXILIO DE TRANSPORTE,GASTOS,FUNCIONAMIENTO,GASTOS DE PERSONAL,PLANTA DE PERSONAL PERMANENTE,FACTORES CONSTITUTIVOS DE SALARIO,FACTORES SALARIALES COMUNES,AUXILIO DE TRANSPORTE,No Aplica,No Aplica,No Aplica,VIGENCIA ACTUAL,ENTIDADES DIFERENTES A ENTIDADES TERRITORIALES - UNIDAD DE SALUD,NO DEFINIDO,NO DEFINIDO,MINAS Y ENERGIA,19440000.0,19440000.0,2022,Segundo Trimestre,pres_gasto,,,,,,,,,,,,,,,,,,,,,,
2715020,20211201,124205000,E.S.E. Hospital San Fernando - Amagá,2.1.3.07.02.003,BONOS PENSIONALES DE PENSIONES,GASTOS,FUNCIONAMIENTO,TRANSFERENCIAS CORRIENTES,PRESTACIONES PARA CUBRIR RIESGOS SOCIALES,PRESTACIONES SOCIALES RELACIONADAS CON EL EMPLEO,BONOS PENSIONALES DE PENSIONES,No Aplica,No Aplica,No Aplica,No Aplica,VIGENCIA ACTUAL,ENTIDADES DIFERENTES A ENTIDADES TERRITORIALES - GESTION GENERAL,NO DEFINIDO,NO DEFINIDO,NO DEFINIDO,15000000.0,4425774.0,2021,Cuarto Trimestre,pres_gasto,,,,,,,,,,,,,,,,,,,,,,
2717437,20210901,124205000,E.S.E. Hospital San Fernando - Amagá,2.1.1.01.02.006,APORTES AL ICBF,GASTOS,FUNCIONAMIENTO,GASTOS DE PERSONAL,PLANTA DE PERSONAL PERMANENTE,CONTRIBUCIONES INHERENTES A LA NOMINA,APORTES AL ICBF,No Aplica,No Aplica,No Aplica,No Aplica,VIGENCIA ACTUAL,ENTIDADES DIFERENTES A ENTIDADES TERRITORIALES - GESTION GENERAL,NO DEFINIDO,NO DEFINIDO,SALUD Y PROTECCION SOCIAL,77961063.0,77961063.0,2021,Tercer Trimestre,pres_gasto,,,,,,,,,,,,,,,,,,,,,,
2719470,20210901,124205000,E.S.E. Hospital San Fernando - Amagá,2.1.3.07.02.003,BONOS PENSIONALES DE PENSIONES,GASTOS,FUNCIONAMIENTO,TRANSFERENCIAS CORRIENTES,PRESTACIONES PARA CUBRIR RIESGOS SOCIALES,PRESTACIONES SOCIALES RELACIONADAS CON EL EMPLEO,BONOS PENSIONALES DE PENSIONES,No Aplica,No Aplica,No Aplica,No Aplica,VIGENCIA ACTUAL,ENTIDADES DIFERENTES A ENTIDADES TERRITORIALES - GESTION GENERAL,NO DEFINIDO,NO DEFINIDO,NO DEFINIDO,15000000.0,15000000.0,2021,Tercer Trimestre,pres_gasto,,,,,,,,,,,,,,,,,,,,,,
2725020,20210601,124205000,E.S.E. Hospital San Fernando - Amagá,2.1.1,GASTOS DE PERSONAL,GASTOS,FUNCIONAMIENTO,GASTOS DE PERSONAL,No Aplica,No Aplica,No Aplica,No Aplica,No Aplica,No Aplica,No Aplica,VIGENCIA ACTUAL,ENTIDADES DIFERENTES A ENTIDADES TERRITORIALES - GESTION GENERAL,NO DEFINIDO,NO DEFINIDO,NO DEFINIDO,3687099371.0,2748662369.0,2021,Segundo Trimestre,pres_gasto,,,,,,,,,,,,,,,,,,,,,,
2735093,20221201,124205000,E.S.E. Hospital San Fernando - Amagá,2.1.2.02.02.010,VIATICOS DE LOS FUNCIONARIOS EN COMISION,GASTOS,FUNCIONAMIENTO,ADQUISICION DE BIENES Y SERVICIOS,ADQUISICIONES DIFERENTES DE ACTIVOS,ADQUISICION DE SERVICIOS,VIATICOS DE LOS FUNCIONARIOS EN COMISION,No Aplica,No Aplica,No Aplica,No Aplica,VIGENCIA ACTUAL,ENTIDADES DIFERENTES A ENTIDADES TERRITORIALES - UNIDAD DE SALUD,NO DEFINIDO,NO DEFINIDO,SALUD Y PROTECCION SOCIAL,12000000.0,38766666.0,2022,Cuarto Trimestre,pres_gasto,,,,,,,,,,,,,,,,,,,,,,
2750173,20210601,124205000,E.S.E. Hospital San Fernando - Amagá,2.1.3.07.02,PRESTACIONES SOCIALES RELACIONADAS CON EL EMPLEO,GASTOS,FUNCIONAMIENTO,TRANSFERENCIAS CORRIENTES,PRESTACIONES PARA CUBRIR RIESGOS SOCIALES,PRESTACIONES SOCIALES RELACIONADAS CON EL EMPLEO,No Aplica,No Aplica,No Aplica,No Aplica,No Aplica,CUENTAS POR PAGAR,ENTIDADES DIFERENTES A ENTIDADES TERRITORIALES - GESTION GENERAL,NO DEFINIDO,NO DEFINIDO,NO DEFINIDO,0.0,2061965.0,2021,Segundo Trimestre,pres_gasto,,,,,,,,,,,,,,,,,,,,,,
2751850,20211201,124205000,E.S.E. Hospital San Fernando - Amagá,2.1.2.01.01,ACTIVOS FIJOS,GASTOS,FUNCIONAMIENTO,ADQUISICION DE BIENES Y SERVICIOS,ADQUISICION DE ACTIVOS NO FINANCIEROS,ACTIVOS FIJOS,No Aplica,No Aplica,No Aplica,No Aplica,No Aplica,VIGENCIA ACTUAL,ENTIDADES DIFERENTES A ENTIDADES TERRITORIALES - GESTION GENERAL,NO DEFINIDO,NO DEFINIDO,NO DEFINIDO,0.0,10000000.0,2021,Cuarto Trimestre,pres_gasto,,,,,,,,,,,,,,,,,,,,,,
2771169,20220601,124205000,E.S.E. Hospital San Fernando - Amagá,2.1.3,TRANSFERENCIAS CORRIENTES,GASTOS,FUNCIONAMIENTO,TRANSFERENCIAS CORRIENTES,No Aplica,No Aplica,No Aplica,No Aplica,No Aplica,No Aplica,No Aplica,VIGENCIA ACTUAL,ENTIDADES DIFERENTES A ENTIDADES TERRITORIALES - UNIDAD DE SALUD,NO DEFINIDO,NO DEFINIDO,NO DEFINIDO,13995758.0,13995758.0,2022,Segundo Trimestre,pres_gasto,,,,,,,,,,,,,,,,,,,,,,
2773863,20210301,124205000,E.S.E. Hospital San Fernando - Amagá,2.1.2.02.02.010,VIATICOS DE LOS FUNCIONARIOS EN COMISION,GASTOS,FUNCIONAMIENTO,ADQUISICION DE BIENES Y SERVICIOS,ADQUISICIONES DIFERENTES DE ACTIVOS,ADQUISICION DE SERVICIOS,VIATICOS DE LOS FUNCIONARIOS EN COMISION,No Aplica,No Aplica,No Aplica,No Aplica,VIGENCIA ACTUAL,ENTIDADES DIFERENTES A ENTIDADES TERRITORIALES - GESTION GENERAL,NO DEFINIDO,NO DEFINIDO,SALUD Y PROTECCION SOCIAL,13000000.0,13000000.0,2021,Primer Trimestre,pres_gasto,,,,,,,,,,,,,,,,,,,,,,
2778887,20220601,124205000,E.S.E. Hospital San Fernando - Amagá,2.4,GASTOS DE OPERACION COMERCIAL,GASTOS,GASTOS DE OPERACION COMERCIAL,No Aplica,No Aplica,No Aplica,No Aplica,No Aplica,No Aplica,No Aplica,No Aplica,VIGENCIA ACTUAL,ENTIDADES DIFERENTES A ENTIDADES TERRITORIALES - UNIDAD DE SALUD,NO DEFINIDO,NO DEFINIDO,NO DEFINIDO,635000000.0,645000000.0,2022,Segundo Trimestre,pres_gasto,,,,,,,,,,,,,,,,,,,,,,
2780952,20211201,124205000,E.S.E. Hospital San Fernando - Amagá,2.1.2.02.01.001,"MINERALES, ELECTRICIDAD, GAS Y AGUA",GASTOS,FUNCIONAMIENTO,ADQUISICION DE BIENES Y SERVICIOS,ADQUISICIONES DIFERENTES DE ACTIVOS,MATERIALES Y SUMINISTROS,"MINERALES, ELECTRICIDAD, GAS Y AGUA",No Aplica,No Aplica,No Aplica,No Aplica,VIGENCIA ACTUAL,ENTIDADES DIFERENTES A ENTIDADES TERRITORIALES - GESTION GENERAL,NO DEFINIDO,NO DEFINIDO,SALUD Y PROTECCION SOCIAL,55000000.0,90805137.0,2021,Cuarto Trimestre,pres_gasto,,,,,,,,,,,,,,,,,,,,,,
2782089,20210901,124205000,E.S.E. Hospital San Fernando - Amagá,2.4,GASTOS DE OPERACION COMERCIAL,GASTOS,GASTOS DE OPERACION COMERCIAL,No Aplica,No Aplica,No Aplica,No Aplica,No Aplica,No Aplica,No Aplica,No Aplica,CUENTAS POR PAGAR,ENTIDADES DIFERENTES A ENTIDADES TERRITORIALES - GESTION GENERAL,NO DEFINIDO,NO DEFINIDO,NO DEFINIDO,53000000.0,176494517.0,2021,Tercer Trimestre,pres_gasto,,,,,,,,,,,,,,,,,,,,,,
2782235,20211201,124205000,E.S.E. Hospital San Fernando - Amagá,2.1.1.01.01.001.03,GASTOS DE REPRESENTACION,GASTOS,FUNCIONAMIENTO,GASTOS DE PERSONAL,PLANTA DE PERSONAL PERMANENTE,FACTORES CONSTITUTIVOS DE SALARIO,FACTORES SALARIALES COMUNES,GASTOS DE REPRESENTACION,No Aplica,No Aplica,No Aplica,VIGENCIA ACTUAL,ENTIDADES DIFERENTES A ENTIDADES TERRITORIALES - GESTION GENERAL,NO DEFINIDO,NO DEFINIDO,SALUD Y PROTECCION SOCIAL,3244502.0,3441980.0,2021,Cuarto Trimestre,pres_gasto,,,,,,,,,,,,,,,,,,,,,,
2786588,20221201,124205000,E.S.E. Hospital San Fernando - Amagá,2.1.1.02.01.001,FACTORES SALARIALES COMUNES,GASTOS,FUNCIONAMIENTO,GASTOS DE PERSONAL,PERSONAL SUPERNUMERARIO Y PLANTA TEMPORAL,FACTORES CONSTITUTIVOS DE SALARIO,FACTORES SALARIALES COMUNES,No Aplica,No Aplica,No Aplica,No Aplica,VIGENCIA ACTUAL,ENTIDADES DIFERENTES A ENTIDADES TERRITORIALES - UNIDAD DE SALUD,NO DEFINIDO,NO DEFINIDO,NO DEFINIDO,119700000.0,85782428.0,2022,Cuarto Trimestre,pres_gasto,,,,,,,,,,,,,,,,,,,,,,
2787054,20221201,124205000,E.S.E. Hospital San Fernando - Amagá,2.4.5,GASTOS DE COMERCIALIZACION Y PRODUCCION,GASTOS,GASTOS DE OPERACION COMERCIAL,GASTOS DE COMERCIALIZACION Y PRODUCCION,No Aplica,No Aplica,No Aplica,No Aplica,No Aplica,No Aplica,No Aplica,VIGENCIA ACTUAL,ENTIDADES DIFERENTES A ENTIDADES TERRITORIALES - UNIDAD DE SALUD,NO DEFINIDO,NO DEFINIDO,NO DEFINIDO,635000000.0,921132546.0,2022,Cuarto Trimestre,pres_gasto,,,,,,,,,,,,,,,,,,,,,,
2791145,20210601,124205000,E.S.E. Hospital San Fernando - Amagá,2.1.1.01.02.004,APORTES A CAJAS DE COMPENSACION FAMILIAR,GASTOS,FUNCIONAMIENTO,GASTOS DE PERSONAL,PLANTA DE PERSONAL PERMANENTE,CONTRIBUCIONES INHERENTES A LA NOMINA,APORTES A CAJAS DE COMPENSACION FAMILIAR,No Aplica,No Aplica,No Aplica,No Aplica,VIGENCIA ACTUAL,ENTIDADES DIFERENTES A ENTIDADES TERRITORIALES - GESTION GENERAL,NO DEFINIDO,NO DEFINIDO,SALUD Y PROTECCION SOCIAL,103948085.0,103948085.0,2021,Segundo Trimestre,pres_gasto,,,,,,,,,,,,,,,,,,,,,,
2791318,20220601,124205000,E.S.E. Hospital San Fernando - Amagá,2.1.3.07.02,PRESTACIONES SOCIALES RELACIONADAS CON EL EMPLEO,GASTOS,FUNCIONAMIENTO,TRANSFERENCIAS CORRIENTES,PRESTACIONES PARA CUBRIR RIESGOS SOCIALES,PRESTACIONES SOCIALES RELACIONADAS CON EL EMPLEO,No Aplica,No Aplica,No Aplica,No Aplica,No Aplica,VIGENCIA ACTUAL,ENTIDADES DIFERENTES A ENTIDADES TERRITORIALES - UNIDAD DE SALUD,NO DEFINIDO,NO DEFINIDO,NO DEFINIDO,13995758.0,13995758.0,2022,Segundo Trimestre,pres_gasto,,,,,,,,,,,,,,,,,,,,,,
2792239,20211201,124205000,E.S.E. Hospital San Fernando - Amagá,2.1.1.01.01.001.05,AUXILIO DE TRANSPORTE,GASTOS,FUNCIONAMIENTO,GASTOS DE PERSONAL,PLANTA DE PERSONAL PERMANENTE,FACTORES CONSTITUTIVOS DE SALARIO,FACTORES SALARIALES COMUNES,AUXILIO DE TRANSPORTE,No Aplica,No Aplica,No Aplica,VIGENCIA ACTUAL,ENTIDADES DIFERENTES A ENTIDADES TERRITORIALES - GESTION GENERAL,NO DEFINIDO,NO DEFINIDO,SALUD Y PROTECCION SOCIAL,21534940.0,17518618.0,2021,Cuarto Trimestre,pres_gasto,,,,,,,,,,,,,,,,,,,,,,
2798348,20221201,124205000,E.S.E. Hospital San Fernando - Amagá,2.1.1.01.01.001.01,SUELDO BASICO,GASTOS,FUNCIONAMIENTO,GASTOS DE PERSONAL,PLANTA DE PERSONAL PERMANENTE,FACTORES CONSTITUTIVOS DE SALARIO,FACTORES SALARIALES COMUNES,SUELDO BASICO,No Aplica,No Aplica,No Aplica,VIGENCIA ACTUAL,ENTIDADES DIFERENTES A ENTIDADES TERRITORIALES - UNIDAD DE SALUD,NO DEFINIDO,NO DEFINIDO,SALUD Y PROTECCION SOCIAL,1640191140.0,1494449903.0,2022,Cuarto Trimestre,pres_gasto,,,,,,,,,,,,,,,,,,,,,,
2798827,20220601,124205000,E.S.E. Hospital San Fernando - Amagá,2.1.1.01.02.006,APORTES AL ICBF,GASTOS,FUNCIONAMIENTO,GASTOS DE PERSONAL,PLANTA DE PERSONAL PERMANENTE,CONTRIBUCIONES INHERENTES A LA NOMINA,APORTES AL ICBF,No Aplica,No Aplica,No Aplica,No Aplica,VIGENCIA ACTUAL,ENTIDADES DIFERENTES A ENTIDADES TERRITORIALES - UNIDAD DE SALUD,NO DEFINIDO,NO DEFINIDO,MINAS Y ENERGIA,52463734.0,52463734.0,2022,Segundo Trimestre,pres_gasto,,,,,,,,,,,,,,,,,,,,,,
2803614,20230601,124205000,E.S.E. Hospital San Fernando - Amagá,2.1.8.05,"MULTAS, SANCIONES E INTERESES DE MORA",GASTOS,FUNCIONAMIENTO,"GASTOS POR TRIBUTOS, TASAS, CONTRIBUCIONES, MULTAS, SANCIONES E INTERESES DE MORA","MULTAS, SANCIONES E INTERESES DE MORA",No Aplica,No Aplica,No Aplica,No Aplica,No Aplica,No Aplica,VIGENCIA ACTUAL,ENTIDADES TERRITORIALES - SALUD,NO DEFINIDO,NO DEFINIDO,NO DEFINIDO,0.0,1121000.0,2023,Segundo Trimestre,pres_gasto,,,,,,,,,,,,,,,,,,,,,,
2806436,20210601,124205000,E.S.E. Hospital San Fernando - Amagá,2.1.7.01.02,CESANTIAS PARCIALES,GASTOS,FUNCIONAMIENTO,DISMINUCION DE PASIVOS,CESANTIAS,CESANTIAS PARCIALES,No Aplica,No Aplica,No Aplica,No Aplica,No Aplica,VIGENCIA ACTUAL,ENTIDADES DIFERENTES A ENTIDADES TERRITORIALES - GESTION GENERAL,NO DEFINIDO,NO DEFINIDO,SALUD Y PROTECCION SOCIAL,26988714.0,26988714.0,2021,Segundo Trimestre,pres_gasto,,,,,,,,,,,,,,,,,,,,,,
2806800,20210301,124205000,E.S.E. Hospital San Fernando - Amagá,2.1,FUNCIONAMIENTO,GASTOS,FUNCIONAMIENTO,No Aplica,No Aplica,No Aplica,No Aplica,No Aplica,No Aplica,No Aplica,No Aplica,CUENTAS POR PAGAR,ENTIDADES DIFERENTES A ENTIDADES TERRITORIALES - GESTION GENERAL,NO DEFINIDO,NO DEFINIDO,NO DEFINIDO,381000000.0,1160339581.0,2021,Primer Trimestre,pres_gasto,,,,,,,,,,,,,,,,,,,,,,
2812697,20210901,124205000,E.S.E. Hospital San Fernando - Amagá,2.1.1.01.01.001.04,SUBSIDIO DE ALIMENTACION,GASTOS,FUNCIONAMIENTO,GASTOS DE PERSONAL,PLANTA DE PERSONAL PERMANENTE,FACTORES CONSTITUTIVOS DE SALARIO,FACTORES SALARIALES COMUNES,SUBSIDIO DE ALIMENTACION,No Aplica,No Aplica,No Aplica,VIGENCIA ACTUAL,ENTIDADES DIFERENTES A ENTIDADES TERRITORIALES - GESTION GENERAL,NO DEFINIDO,NO DEFINIDO,SALUD Y PROTECCION SOCIAL,1620000.0,29620000.0,2021,Tercer Trimestre,pres_gasto,,,,,,,,,,,,,,,,,,,,,,
2815638,20230601,124205000,E.S.E. Hospital San Fernando - Amagá,2.1.1.01.02.001,APORTES A LA SEGURIDAD SOCIAL EN PENSIONES,GASTOS,FUNCIONAMIENTO,GASTOS DE PERSONAL,PLANTA DE PERSONAL PERMANENTE,CONTRIBUCIONES INHERENTES A LA NOMINA,APORTES A LA SEGURIDAD SOCIAL EN PENSIONES,No Aplica,No Aplica,No Aplica,No Aplica,VIGENCIA ACTUAL,ENTIDADES TERRITORIALES - SALUD,NO DEFINIDO,NO DEFINIDO,SALUD Y PROTECCION SOCIAL,263731726.0,263731726.0,2023,Segundo Trimestre,pres_gasto,,,,,,,,,,,,,,,,,,,,,,
2818616,20210301,124205000,E.S.E. Hospital San Fernando - Amagá,2.1.1.02,PERSONAL SUPERNUMERARIO Y PLANTA TEMPORAL,GASTOS,FUNCIONAMIENTO,GASTOS DE PERSONAL,PERSONAL SUPERNUMERARIO Y PLANTA TEMPORAL,No Aplica,No Aplica,No Aplica,No Aplica,No Aplica,No Aplica,VIGENCIA ACTUAL,ENTIDADES DIFERENTES A ENTIDADES TERRITORIALES - GESTION GENERAL,NO DEFINIDO,NO DEFINIDO,NO DEFINIDO,20000000.0,20000000.0,2021,Primer Trimestre,pres_gasto,,,,,,,,,,,,,,,,,,,,,,
2825189,20211201,124205000,E.S.E. Hospital San Fernando - Amagá,2.1.8.04,CONTRIBUCIONES,GASTOS,FUNCIONAMIENTO,"GASTOS POR TRIBUTOS, TASAS, CONTRIBUCIONES, MULTAS, SANCIONES E INTERESES DE MORA",CONTRIBUCIONES,No Aplica,No Aplica,No Aplica,No Aplica,No Aplica,No Aplica,VIGENCIA ACTUAL,ENTIDADES DIFERENTES A ENTIDADES TERRITORIALES - GESTION GENERAL,NO DEFINIDO,NO DEFINIDO,NO DEFINIDO,6000000.0,5987314.0,2021,Cuarto Trimestre,pres_gasto,,,,,,,,,,,,,,,,,,,,,,
2827766,20221201,124205000,E.S.E. Hospital San Fernando - Amagá,2.1.8.05,"MULTAS, SANCIONES E INTERESES DE MORA",GASTOS,FUNCIONAMIENTO,"GASTOS POR TRIBUTOS, TASAS, CONTRIBUCIONES, MULTAS, SANCIONES E INTERESES DE MORA","MULTAS, SANCIONES E INTERESES DE MORA",No Aplica,No Aplica,No Aplica,No Aplica,No Aplica,No Aplica,VIGENCIA ACTUAL,ENTIDADES DIFERENTES A ENTIDADES TERRITORIALES - UNIDAD DE SALUD,NO DEFINIDO,NO DEFINIDO,NO DEFINIDO,0.0,4000.0,2022,Cuarto Trimestre,pres_gasto,,,,,,,,,,,,,,,,,,,,,,
2829382,20221201,124205000,E.S.E. Hospital San Fernando - Amagá,2.1.1.01.02.006,APORTES AL ICBF,GASTOS,FUNCIONAMIENTO,GASTOS DE PERSONAL,PLANTA DE PERSONAL PERMANENTE,CONTRIBUCIONES INHERENTES A LA NOMINA,APORTES AL ICBF,No Aplica,No Aplica,No Aplica,No Aplica,VIGENCIA ACTUAL,ENTIDADES DIFERENTES A ENTIDADES TERRITORIALES - UNIDAD DE SALUD,NO DEFINIDO,NO DEFINIDO,SALUD Y PROTECCION SOCIAL,52463734.0,52484668.0,2022,Cuarto Trimestre,pres_gasto,,,,,,,,,,,,,,,,,,,,,,
2837251,20220901,124205000,E.S.E. Hospital San Fernando - Amagá,2.1.1.02.01.001,FACTORES SALARIALES COMUNES,GASTOS,FUNCIONAMIENTO,GASTOS DE PERSONAL,PERSONAL SUPERNUMERARIO Y PLANTA TEMPORAL,FACTORES CONSTITUTIVOS DE SALARIO,FACTORES SALARIALES COMUNES,No Aplica,No Aplica,No Aplica,No Aplica,VIGENCIA ACTUAL,ENTIDADES DIFERENTES A ENTIDADES TERRITORIALES - UNIDAD DE SALUD,NO DEFINIDO,NO DEFINIDO,NO DEFINIDO,119700000.0,119700000.0,2022,Tercer Trimestre,pres_gasto,,,,,,,,,,,,,,,,,,,,,,
2841440,20210301,124205000,E.S.E. Hospital San Fernando - Amagá,2.1.1.01.01.001.08.01,PRIMA DE NAVIDAD,GASTOS,FUNCIONAMIENTO,GASTOS DE PERSONAL,PLANTA DE PERSONAL PERMANENTE,FACTORES CONSTITUTIVOS DE SALARIO,FACTORES SALARIALES COMUNES,PRESTACIONES SOCIALES,PRIMA DE NAVIDAD,No Aplica,No Aplica,VIGENCIA ACTUAL,ENTIDADES DIFERENTES A ENTIDADES TERRITORIALES - GESTION GENERAL,NO DEFINIDO,NO DEFINIDO,SALUD Y PROTECCION SOCIAL,186886406.0,36886406.0,2021,Primer Trimestre,pres_gasto,,,,,,,,,,,,,,,,,,,,,,
2842799,20210601,124205000,E.S.E. Hospital San Fernando - Amagá,2.1.1.01.01.001.03,GASTOS DE REPRESENTACION,GASTOS,FUNCIONAMIENTO,GASTOS DE PERSONAL,PLANTA DE PERSONAL PERMANENTE,FACTORES CONSTITUTIVOS DE SALARIO,FACTORES SALARIALES COMUNES,GASTOS DE REPRESENTACION,No Aplica,No Aplica,No Aplica,VIGENCIA ACTUAL,ENTIDADES DIFERENTES A ENTIDADES TERRITORIALES - GESTION GENERAL,NO DEFINIDO,NO DEFINIDO,SALUD Y PROTECCION SOCIAL,3244502.0,4403392.0,2021,Segundo Trimestre,pres_gasto,,,,,,,,,,,,,,,,,,,,,,
2844827,20211201,124205000,E.S.E. Hospital San Fernando - Amagá,2,GASTOS,GASTOS,No Aplica,No Aplica,No Aplica,No Aplica,No Aplica,No Aplica,No Aplica,No Aplica,No Aplica,VIGENCIA ACTUAL,ENTIDADES DIFERENTES A ENTIDADES TERRITORIALES - GESTION GENERAL,NO DEFINIDO,NO DEFINIDO,NO DEFINIDO,5143210295.0,5637025275.0,2021,Cuarto Trimestre,pres_gasto,,,,,,,,,,,,,,,,,,,,,,
2845490,20230601,124205000,E.S.E. Hospital San Fernando - Amagá,2.4.5.02.06,"COMERCIO Y DISTRIBUCION; ALOJAMIENTO; SERVICIOS DE SUMINISTRO DE COMIDAS Y BEBIDAS; SERVICIOS DE TRANSPORTE; Y SERVICIOS DE DISTRIBUCION DE ELECTRICIDAD, GAS Y AGUA",GASTOS,GASTOS DE OPERACION COMERCIAL,GASTOS DE COMERCIALIZACION Y PRODUCCION,ADQUISICION DE SERVICIOS,"COMERCIO Y DISTRIBUCION; ALOJAMIENTO; SERVICIOS DE SUMINISTRO DE COMIDAS Y BEBIDAS; SERVICIOS DE TRANSPORTE; Y SERVICIOS DE DISTRIBUCION DE ELECTRICIDAD, GAS Y AGUA",No Aplica,No Aplica,No Aplica,No Aplica,No Aplica,VIGENCIA ACTUAL,ENTIDADES TERRITORIALES - SALUD,NO DEFINIDO,NO DEFINIDO,SALUD Y PROTECCION SOCIAL,65000000.0,65000000.0,2023,Segundo Trimestre,pres_gasto,,,,,,,,,,,,,,,,,,,,,,
2847306,20220601,124205000,E.S.E. Hospital San Fernando - Amagá,2.4.5.01,MATERIALES Y SUMINISTROS,GASTOS,GASTOS DE OPERACION COMERCIAL,GASTOS DE COMERCIALIZACION Y PRODUCCION,MATERIALES Y SUMINISTROS,No Aplica,No Aplica,No Aplica,No Aplica,No Aplica,No Aplica,VIGENCIA ACTUAL,ENTIDADES DIFERENTES A ENTIDADES TERRITORIALES - UNIDAD DE SALUD,NO DEFINIDO,NO DEFINIDO,NO DEFINIDO,590000000.0,600000000.0,2022,Segundo Trimestre,pres_gasto,,,,,,,,,,,,,,,,,,,,,,
2850425,20211201,124205000,E.S.E. Hospital San Fernando - Amagá,2.1.2.02.02.006,"COMERCIO Y DISTRIBUCION; ALOJAMIENTO; SERVICIOS DE SUMINISTRO DE COMIDAS Y BEBIDAS; SERVICIOS DE TRANSPORTE; Y SERVICIOS DE DISTRIBUCION DE ELECTRICIDAD, GAS Y AGUA",GASTOS,FUNCIONAMIENTO,ADQUISICION DE BIENES Y SERVICIOS,ADQUISICIONES DIFERENTES DE ACTIVOS,ADQUISICION DE SERVICIOS,"COMERCIO Y DISTRIBUCION; ALOJAMIENTO; SERVICIOS DE SUMINISTRO DE COMIDAS Y BEBIDAS; SERVICIOS DE TRANSPORTE; Y SERVICIOS DE DISTRIBUCION DE ELECTRICIDAD, GAS Y AGUA",No Aplica,No Aplica,No Aplica,No Aplica,VIGENCIA ACTUAL,ENTIDADES DIFERENTES A ENTIDADES TERRITORIALES - GESTION GENERAL,NO DEFINIDO,NO DEFINIDO,SALUD Y PROTECCION SOCIAL,2000000.0,2632250.0,2021,Cuarto Trimestre,pres_gasto,,,,,,,,,,,,,,,,,,,,,,
2857660,20220301,124205000,E.S.E. Hospital San Fernando - Amagá,2.1.1.01,PLANTA DE PERSONAL PERMANENTE,GASTOS,FUNCIONAMIENTO,GASTOS DE PERSONAL,PLANTA DE PERSONAL PERMANENTE,No Aplica,No Aplica,No Aplica,No Aplica,No Aplica,No Aplica,VIGENCIA ACTUAL,ENTIDADES DIFERENTES A ENTIDADES TERRITORIALES - UNIDAD DE SALUD,NO DEFINIDO,NO DEFINIDO,NO DEFINIDO,3069131457.0,3069131457.0,2022,Primer Trimestre,pres_gasto,,,,,,,,,,,,,,,,,,,,,,
2860386,20211201,124205000,E.S.E. Hospital San Fernando - Amagá,2.1.1.01.02.007,APORTES AL SENA,GASTOS,FUNCIONAMIENTO,GASTOS DE PERSONAL,PLANTA DE PERSONAL PERMANENTE,CONTRIBUCIONES INHERENTES A LA NOMINA,APORTES AL SENA,No Aplica,No Aplica,No Aplica,No Aplica,VIGENCIA ACTUAL,ENTIDADES DIFERENTES A ENTIDADES TERRITORIALES - GESTION GENERAL,NO DEFINIDO,NO DEFINIDO,SALUD Y PROTECCION SOCIAL,51974042.0,35192840.0,2021,Cuarto Trimestre,pres_gasto,,,,,,,,,,,,,,,,,,,,,,
2861502,20210901,124205000,E.S.E. Hospital San Fernando - Amagá,2,GASTOS,GASTOS,No Aplica,No Aplica,No Aplica,No Aplica,No Aplica,No Aplica,No Aplica,No Aplica,No Aplica,VIGENCIA ACTUAL,ENTIDADES DIFERENTES A ENTIDADES TERRITORIALES - GESTION GENERAL,NO DEFINIDO,NO DEFINIDO,NO DEFINIDO,5143210295.0,5250586716.0,2021,Tercer Trimestre,pres_gasto,,,,,,,,,,,,,,,,,,,,,,
2867906,20210301,124205000,E.S.E. Hospital San Fernando - Amagá,2.1.1.01.02,CONTRIBUCIONES INHERENTES A LA NOMINA,GASTOS,FUNCIONAMIENTO,GASTOS DE PERSONAL,PLANTA DE PERSONAL PERMANENTE,CONTRIBUCIONES INHERENTES A LA NOMINA,No Aplica,No Aplica,No Aplica,No Aplica,No Aplica,VIGENCIA ACTUAL,ENTIDADES DIFERENTES A ENTIDADES TERRITORIALES - GESTION GENERAL,NO DEFINIDO,NO DEFINIDO,NO DEFINIDO,969244404.0,779244404.0,2021,Primer Trimestre,pres_gasto,,,,,,,,,,,,,,,,,,,,,,
2869471,20221201,124205000,E.S.E. Hospital San Fernando - Amagá,2.1.1.01.01.001.08.01,PRIMA DE NAVIDAD,GASTOS,FUNCIONAMIENTO,GASTOS DE PERSONAL,PLANTA DE PERSONAL PERMANENTE,FACTORES CONSTITUTIVOS DE SALARIO,FACTORES SALARIALES COMUNES,PRESTACIONES SOCIALES,PRIMA DE NAVIDAD,No Aplica,No Aplica,VIGENCIA ACTUAL,ENTIDADES DIFERENTES A ENTIDADES TERRITORIALES - UNIDAD DE SALUD,NO DEFINIDO,NO DEFINIDO,SALUD Y PROTECCION SOCIAL,145732595.0,146277607.0,2022,Cuarto Trimestre,pres_gasto,,,,,,,,,,,,,,,,,,,,,,
2869859,20210301,124205000,E.S.E. Hospital San Fernando - Amagá,2.1.8.04.07,CONTRIBUCION DE VIGILANCIA - SUPERINTENDENCIA NACIONAL DE SALUD,GASTOS,FUNCIONAMIENTO,"GASTOS POR TRIBUTOS, TASAS, CONTRIBUCIONES, MULTAS, SANCIONES E INTERESES DE MORA",CONTRIBUCIONES,CONTRIBUCION DE VIGILANCIA - SUPERINTENDENCIA NACIONAL DE SALUD,No Aplica,No Aplica,No Aplica,No Aplica,No Aplica,VIGENCIA ACTUAL,ENTIDADES DIFERENTES A ENTIDADES TERRITORIALES - GESTION GENERAL,NO DEFINIDO,NO DEFINIDO,SALUD Y PROTECCION SOCIAL,6000000.0,6000000.0,2021,Primer Trimestre,pres_gasto,,,,,,,,,,,,,,,,,,,,,,
2870302,20220901,124205000,E.S.E. Hospital San Fernando - Amagá,2.1.1.01.02.004,APORTES A CAJAS DE COMPENSACION FAMILIAR,GASTOS,FUNCIONAMIENTO,GASTOS DE PERSONAL,PLANTA DE PERSONAL PERMANENTE,CONTRIBUCIONES INHERENTES A LA NOMINA,APORTES A CAJAS DE COMPENSACION FAMILIAR,No Aplica,No Aplica,No Aplica,No Aplica,VIGENCIA ACTUAL,ENTIDADES DIFERENTES A ENTIDADES TERRITORIALES - UNIDAD DE SALUD,NO DEFINIDO,NO DEFINIDO,SALUD Y PROTECCION SOCIAL,69951646.0,69951646.0,2022,Tercer Trimestre,pres_gasto,,,,,,,,,,,,,,,,,,,,,,
2873990,20210301,124205000,E.S.E. Hospital San Fernando - Amagá,2.1.3.07,PRESTACIONES PARA CUBRIR RIESGOS SOCIALES,GASTOS,FUNCIONAMIENTO,TRANSFERENCIAS CORRIENTES,PRESTACIONES PARA CUBRIR RIESGOS SOCIALES,No Aplica,No Aplica,No Aplica,No Aplica,No Aplica,No Aplica,VIGENCIA ACTUAL,ENTIDADES DIFERENTES A ENTIDADES TERRITORIALES - GESTION GENERAL,NO DEFINIDO,NO DEFINIDO,NO DEFINIDO,28249264.0,28249264.0,2021,Primer Trimestre,pres_gasto,,,,,,,,,,,,,,,,,,,,,,
2875967,20210901,124205000,E.S.E. Hospital San Fernando - Amagá,2.4.5,GASTOS DE COMERCIALIZACION Y PRODUCCION,GASTOS,GASTOS DE OPERACION COMERCIAL,GASTOS DE COMERCIALIZACION Y PRODUCCION,No Aplica,No Aplica,No Aplica,No Aplica,No Aplica,No Aplica,No Aplica,CUENTAS POR PAGAR,ENTIDADES DIFERENTES A ENTIDADES TERRITORIALES - GESTION GENERAL,NO DEFINIDO,NO DEFINIDO,NO DEFINIDO,53000000.0,176494517.0,2021,Tercer Trimestre,pres_gasto,,,,,,,,,,,,,,,,,,,,,,
2883185,20210301,124205000,E.S.E. Hospital San Fernando - Amagá,2.1.2.02.02.008,SERVICIOS PRESTADOS A LAS EMPRESAS Y SERVICIOS DE PRODUCCION,GASTOS,FUNCIONAMIENTO,ADQUISICION DE BIENES Y SERVICIOS,ADQUISICIONES DIFERENTES DE ACTIVOS,ADQUISICION DE SERVICIOS,SERVICIOS PRESTADOS A LAS EMPRESAS Y SERVICIOS DE PRODUCCION,No Aplica,No Aplica,No Aplica,No Aplica,VIGENCIA ACTUAL,ENTIDADES DIFERENTES A ENTIDADES TERRITORIALES - GESTION GENERAL,NO DEFINIDO,NO DEFINIDO,SALUD Y PROTECCION SOCIAL,297000000.0,521457415.0,2021,Primer Trimestre,pres_gasto,,,,,,,,,,,,,,,,,,,,,,
2886340,20210601,124205000,E.S.E. Hospital San Fernando - Amagá,2.1.2.02.02.009,"SERVICIOS PARA LA COMUNIDAD, SOCIALES Y PERSONALES",GASTOS,FUNCIONAMIENTO,ADQUISICION DE BIENES Y SERVICIOS,ADQUISICIONES DIFERENTES DE ACTIVOS,ADQUISICION DE SERVICIOS,"SERVICIOS PARA LA COMUNIDAD, SOCIALES Y PERSONALES",No Aplica,No Aplica,No Aplica,No Aplica,VIGENCIA ACTUAL,ENTIDADES DIFERENTES A ENTIDADES TERRITORIALES - GESTION GENERAL,NO DEFINIDO,NO DEFINIDO,SALUD Y PROTECCION SOCIAL,205872946.0,377586148.0,2021,Segundo Trimestre,pres_gasto,,,,,,,,,,,,,,,,,,,,,,
2886537,20210901,124205000,E.S.E. Hospital San Fernando - Amagá,2.4.5.02,ADQUISICION DE SERVICIOS,GASTOS,GASTOS DE OPERACION COMERCIAL,GASTOS DE COMERCIALIZACION Y PRODUCCION,ADQUISICION DE SERVICIOS,No Aplica,No Aplica,No Aplica,No Aplica,No Aplica,No Aplica,VIGENCIA ACTUAL,ENTIDADES DIFERENTES A ENTIDADES TERRITORIALES - GESTION GENERAL,NO DEFINIDO,NO DEFINIDO,NO DEFINIDO,50000000.0,62798100.0,2021,Tercer Trimestre,pres_gasto,,,,,,,,,,,,,,,,,,,,,,
2887706,20210901,124205000,E.S.E. Hospital San Fernando - Amagá,2.1.2.02.01.001,"MINERALES, ELECTRICIDAD, GAS Y AGUA",GASTOS,FUNCIONAMIENTO,ADQUISICION DE BIENES Y SERVICIOS,ADQUISICIONES DIFERENTES DE ACTIVOS,MATERIALES Y SUMINISTROS,"MINERALES, ELECTRICIDAD, GAS Y AGUA",No Aplica,No Aplica,No Aplica,No Aplica,CUENTAS POR PAGAR,ENTIDADES DIFERENTES A ENTIDADES TERRITORIALES - GESTION GENERAL,NO DEFINIDO,NO DEFINIDO,SALUD Y PROTECCION SOCIAL,0.0,972000.0,2021,Tercer Trimestre,pres_gasto,,,,,,,,,,,,,,,,,,,,,,
2892447,20220301,124205000,E.S.E. Hospital San Fernando - Amagá,2.4.5,GASTOS DE COMERCIALIZACION Y PRODUCCION,GASTOS,GASTOS DE OPERACION COMERCIAL,GASTOS DE COMERCIALIZACION Y PRODUCCION,No Aplica,No Aplica,No Aplica,No Aplica,No Aplica,No Aplica,No Aplica,VIGENCIA ACTUAL,ENTIDADES DIFERENTES A ENTIDADES TERRITORIALES - UNIDAD DE SALUD,NO DEFINIDO,NO DEFINIDO,NO DEFINIDO,635000000.0,635000000.0,2022,Primer Trimestre,pres_gasto,,,,,,,,,,,,,,,,,,,,,,
2897631,20210601,124205000,E.S.E. Hospital San Fernando - Amagá,2.4.5.01.03,"OTROS BIENES TRANSPORTABLES EXCEPTO PRODUCTOS METALICOS, MAQUINARIA Y EQUIPO",GASTOS,GASTOS DE OPERACION COMERCIAL,GASTOS DE COMERCIALIZACION Y PRODUCCION,MATERIALES Y SUMINISTROS,"OTROS BIENES TRANSPORTABLES EXCEPTO PRODUCTOS METALICOS, MAQUINARIA Y EQUIPO",No Aplica,No Aplica,No Aplica,No Aplica,No Aplica,CUENTAS POR PAGAR,ENTIDADES DIFERENTES A ENTIDADES TERRITORIALES - GESTION GENERAL,NO DEFINIDO,NO DEFINIDO,SALUD Y PROTECCION SOCIAL,38384249.0,161403182.0,2021,Segundo Trimestre,pres_gasto,,,,,,,,,,,,,,,,,,,,,,
2902237,20220901,124205000,E.S.E. Hospital San Fernando - Amagá,2.1.1.01.01.001.08,PRESTACIONES SOCIALES,GASTOS,FUNCIONAMIENTO,GASTOS DE PERSONAL,PLANTA DE PERSONAL PERMANENTE,FACTORES CONSTITUTIVOS DE SALARIO,FACTORES SALARIALES COMUNES,PRESTACIONES SOCIALES,No Aplica,No Aplica,No Aplica,VIGENCIA ACTUAL,ENTIDADES DIFERENTES A ENTIDADES TERRITORIALES - UNIDAD DE SALUD,NO DEFINIDO,NO DEFINIDO,NO DEFINIDO,218598892.0,218598892.0,2022,Tercer Trimestre,pres_gasto,,,,,,,,,,,,,,,,,,,,,,
2904334,20210301,124205000,E.S.E. Hospital San Fernando - Amagá,2.1.1.01.02.007,APORTES AL SENA,GASTOS,FUNCIONAMIENTO,GASTOS DE PERSONAL,PLANTA DE PERSONAL PERMANENTE,CONTRIBUCIONES INHERENTES A LA NOMINA,APORTES AL SENA,No Aplica,No Aplica,No Aplica,No Aplica,VIGENCIA ACTUAL,ENTIDADES DIFERENTES A ENTIDADES TERRITORIALES - GESTION GENERAL,NO DEFINIDO,NO DEFINIDO,SALUD Y PROTECCION SOCIAL,51974042.0,51974042.0,2021,Primer Trimestre,pres_gasto,,,,,,,,,,,,,,,,,,,,,,
2906576,20211201,124205000,E.S.E. Hospital San Fernando - Amagá,2.1.1.01.01.001.08.02,PRIMA DE VACACIONES,GASTOS,FUNCIONAMIENTO,GASTOS DE PERSONAL,PLANTA DE PERSONAL PERMANENTE,FACTORES CONSTITUTIVOS DE SALARIO,FACTORES SALARIALES COMUNES,PRESTACIONES SOCIALES,PRIMA DE VACACIONES,No Aplica,No Aplica,VIGENCIA ACTUAL,ENTIDADES DIFERENTES A ENTIDADES TERRITORIALES - GESTION GENERAL,NO DEFINIDO,NO DEFINIDO,SALUD Y PROTECCION SOCIAL,96851136.0,56701048.0,2021,Cuarto Trimestre,pres_gasto,,,,,,,,,,,,,,,,,,,,,,
2907359,20220301,124205000,E.S.E. Hospital San Fernando - Amagá,2.4.5.02.06,"COMERCIO Y DISTRIBUCION; ALOJAMIENTO; SERVICIOS DE SUMINISTRO DE COMIDAS Y BEBIDAS; SERVICIOS DE TRANSPORTE; Y SERVICIOS DE DISTRIBUCION DE ELECTRICIDAD, GAS Y AGUA",GASTOS,GASTOS DE OPERACION COMERCIAL,GASTOS DE COMERCIALIZACION Y PRODUCCION,ADQUISICION DE SERVICIOS,"COMERCIO Y DISTRIBUCION; ALOJAMIENTO; SERVICIOS DE SUMINISTRO DE COMIDAS Y BEBIDAS; SERVICIOS DE TRANSPORTE; Y SERVICIOS DE DISTRIBUCION DE ELECTRICIDAD, GAS Y AGUA",No Aplica,No Aplica,No Aplica,No Aplica,No Aplica,VIGENCIA ACTUAL,ENTIDADES DIFERENTES A ENTIDADES TERRITORIALES - UNIDAD DE SALUD,NO DEFINIDO,NO DEFINIDO,SALUD Y PROTECCION SOCIAL,45000000.0,45000000.0,2022,Primer Trimestre,pres_gasto,,,,,,,,,,,,,,,,,,,,,,
2910389,20220601,124205000,E.S.E. Hospital San Fernando - Amagá,2.1.1.01.03.001.01,VACACIONES,GASTOS,FUNCIONAMIENTO,GASTOS DE PERSONAL,PLANTA DE PERSONAL PERMANENTE,REMUNERACIONES NO CONSTITUTIVAS DE FACTOR SALARIAL,PRESTACIONES SOCIALES,VACACIONES,No Aplica,No Aplica,No Aplica,VIGENCIA ACTUAL,ENTIDADES DIFERENTES A ENTIDADES TERRITORIALES - UNIDAD DE SALUD,NO DEFINIDO,NO DEFINIDO,MINAS Y ENERGIA,72866298.0,72866298.0,2022,Segundo Trimestre,pres_gasto,,,,,,,,,,,,,,,,,,,,,,
2916452,20220601,124205000,E.S.E. Hospital San Fernando - Amagá,2.1,FUNCIONAMIENTO,GASTOS,FUNCIONAMIENTO,No Aplica,No Aplica,No Aplica,No Aplica,No Aplica,No Aplica,No Aplica,No Aplica,VIGENCIA ACTUAL,ENTIDADES DIFERENTES A ENTIDADES TERRITORIALES - UNIDAD DE SALUD,NO DEFINIDO,NO DEFINIDO,NO DEFINIDO,4678200000.0,4846466165.0,2022,Segundo Trimestre,pres_gasto,,,,,,,,,,,,,,,,,,,,,,
2931425,20220301,124205000,E.S.E. Hospital San Fernando - Amagá,2.1.3.07.02,PRESTACIONES SOCIALES RELACIONADAS CON EL EMPLEO,GASTOS,FUNCIONAMIENTO,TRANSFERENCIAS CORRIENTES,PRESTACIONES PARA CUBRIR RIESGOS SOCIALES,PRESTACIONES SOCIALES RELACIONADAS CON EL EMPLEO,No Aplica,No Aplica,No Aplica,No Aplica,No Aplica,VIGENCIA ACTUAL,ENTIDADES DIFERENTES A ENTIDADES TERRITORIALES - UNIDAD DE SALUD,NO DEFINIDO,NO DEFINIDO,NO DEFINIDO,13995758.0,13995758.0,2022,Primer Trimestre,pres_gasto,,,,,,,,,,,,,,,,,,,,,,
2935515,20210901,124205000,E.S.E. Hospital San Fernando - Amagá,2.1.8.04,CONTRIBUCIONES,GASTOS,FUNCIONAMIENTO,"GASTOS POR TRIBUTOS, TASAS, CONTRIBUCIONES, MULTAS, SANCIONES E INTERESES DE MORA",CONTRIBUCIONES,No Aplica,No Aplica,No Aplica,No Aplica,No Aplica,No Aplica,VIGENCIA ACTUAL,ENTIDADES DIFERENTES A ENTIDADES TERRITORIALES - GESTION GENERAL,NO DEFINIDO,NO DEFINIDO,NO DEFINIDO,6000000.0,6000000.0,2021,Tercer Trimestre,pres_gasto,,,,,,,,,,,,,,,,,,,,,,
2937560,20210301,124205000,E.S.E. Hospital San Fernando - Amagá,2.4.5.01.03,"OTROS BIENES TRANSPORTABLES EXCEPTO PRODUCTOS METALICOS, MAQUINARIA Y EQUIPO",GASTOS,GASTOS DE OPERACION COMERCIAL,GASTOS DE COMERCIALIZACION Y PRODUCCION,MATERIALES Y SUMINISTROS,"OTROS BIENES TRANSPORTABLES EXCEPTO PRODUCTOS METALICOS, MAQUINARIA Y EQUIPO",No Aplica,No Aplica,No Aplica,No Aplica,No Aplica,VIGENCIA ACTUAL,ENTIDADES DIFERENTES A ENTIDADES TERRITORIALES - GESTION GENERAL,NO DEFINIDO,NO DEFINIDO,SALUD Y PROTECCION SOCIAL,450000000.0,450000000.0,2021,Primer Trimestre,pres_gasto,,,,,,,,,,,,,,,,,,,,,,
2945141,20220901,124205000,E.S.E. Hospital San Fernando - Amagá,2.1.1.01.02.001,APORTES A LA SEGURIDAD SOCIAL EN PENSIONES,GASTOS,FUNCIONAMIENTO,GASTOS DE PERSONAL,PLANTA DE PERSONAL PERMANENTE,CONTRIBUCIONES INHERENTES A LA NOMINA,APORTES A LA SEGURIDAD SOCIAL EN PENSIONES,No Aplica,No Aplica,No Aplica,No Aplica,VIGENCIA ACTUAL,ENTIDADES DIFERENTES A ENTIDADES TERRITORIALES - UNIDAD DE SALUD,NO DEFINIDO,NO DEFINIDO,SALUD Y PROTECCION SOCIAL,209854937.0,209854937.0,2022,Tercer Trimestre,pres_gasto,,,,,,,,,,,,,,,,,,,,,,
2945759,20211201,124205000,E.S.E. Hospital San Fernando - Amagá,2.1.1.01.01.001,FACTORES SALARIALES COMUNES,GASTOS,FUNCIONAMIENTO,GASTOS DE PERSONAL,PLANTA DE PERSONAL PERMANENTE,FACTORES CONSTITUTIVOS DE SALARIO,FACTORES SALARIALES COMUNES,No Aplica,No Aplica,No Aplica,No Aplica,CUENTAS POR PAGAR,ENTIDADES DIFERENTES A ENTIDADES TERRITORIALES - GESTION GENERAL,NO DEFINIDO,NO DEFINIDO,NO DEFINIDO,0.0,549899832.0,2021,Cuarto Trimestre,pres_gasto,,,,,,,,,,,,,,,,,,,,,,
2948861,20211201,124205000,E.S.E. Hospital San Fernando - Amagá,2.4.5,GASTOS DE COMERCIALIZACION Y PRODUCCION,GASTOS,GASTOS DE OPERACION COMERCIAL,GASTOS DE COMERCIALIZACION Y PRODUCCION,No Aplica,No Aplica,No Aplica,No Aplica,No Aplica,No Aplica,No Aplica,VIGENCIA ACTUAL,ENTIDADES DIFERENTES A ENTIDADES TERRITORIALES - GESTION GENERAL,NO DEFINIDO,NO DEFINIDO,NO DEFINIDO,500000000.0,815117111.0,2021,Cuarto Trimestre,pres_gasto,,,,,,,,,,,,,,,,,,,,,,
2949220,20221201,124205000,E.S.E. Hospital San Fernando - Amagá,2.1.3,TRANSFERENCIAS CORRIENTES,GASTOS,FUNCIONAMIENTO,TRANSFERENCIAS CORRIENTES,No Aplica,No Aplica,No Aplica,No Aplica,No Aplica,No Aplica,No Aplica,VIGENCIA ACTUAL,ENTIDADES DIFERENTES A ENTIDADES TERRITORIALES - UNIDAD DE SALUD,NO DEFINIDO,NO DEFINIDO,NO DEFINIDO,13995758.0,14078400.0,2022,Cuarto Trimestre,pres_gasto,,,,,,,,,,,,,,,,,,,,,,
2956255,20221201,124205000,E.S.E. Hospital San Fernando - Amagá,2.4,GASTOS DE OPERACION COMERCIAL,GASTOS,GASTOS DE OPERACION COMERCIAL,No Aplica,No Aplica,No Aplica,No Aplica,No Aplica,No Aplica,No Aplica,No Aplica,VIGENCIA ACTUAL,ENTIDADES DIFERENTES A ENTIDADES TERRITORIALES - UNIDAD DE SALUD,NO DEFINIDO,NO DEFINIDO,NO DEFINIDO,635000000.0,921132546.0,2022,Cuarto Trimestre,pres_gasto,,,,,,,,,,,,,,,,,,,,,,
2956272,20220601,124205000,E.S.E. Hospital San Fernando - Amagá,2.1.1.02.01,FACTORES CONSTITUTIVOS DE SALARIO,GASTOS,FUNCIONAMIENTO,GASTOS DE PERSONAL,PERSONAL SUPERNUMERARIO Y PLANTA TEMPORAL,FACTORES CONSTITUTIVOS DE SALARIO,No Aplica,No Aplica,No Aplica,No Aplica,No Aplica,VIGENCIA ACTUAL,ENTIDADES DIFERENTES A ENTIDADES TERRITORIALES - UNIDAD DE SALUD,NO DEFINIDO,NO DEFINIDO,NO DEFINIDO,119700000.0,119700000.0,2022,Segundo Trimestre,pres_gasto,,,,,,,,,,,,,,,,,,,,,,
2961161,20210901,124205000,E.S.E. Hospital San Fernando - Amagá,2.1.2.02,ADQUISICIONES DIFERENTES DE ACTIVOS,GASTOS,FUNCIONAMIENTO,ADQUISICION DE BIENES Y SERVICIOS,ADQUISICIONES DIFERENTES DE ACTIVOS,No Aplica,No Aplica,No Aplica,No Aplica,No Aplica,No Aplica,VIGENCIA ACTUAL,ENTIDADES DIFERENTES A ENTIDADES TERRITORIALES - GESTION GENERAL,NO DEFINIDO,NO DEFINIDO,NO DEFINIDO,914872946.0,1808799807.0,2021,Tercer Trimestre,pres_gasto,,,,,,,,,,,,,,,,,,,,,,
2961271,20221201,124205000,E.S.E. Hospital San Fernando - Amagá,2.1.8.05.02,INTERESES DE MORA,GASTOS,FUNCIONAMIENTO,"GASTOS POR TRIBUTOS, TASAS, CONTRIBUCIONES, MULTAS, SANCIONES E INTERESES DE MORA","MULTAS, SANCIONES E INTERESES DE MORA",INTERESES DE MORA,No Aplica,No Aplica,No Aplica,No Aplica,No Aplica,VIGENCIA ACTUAL,ENTIDADES DIFERENTES A ENTIDADES TERRITORIALES - UNIDAD DE SALUD,NO DEFINIDO,NO DEFINIDO,SALUD Y PROTECCION SOCIAL,0.0,4000.0,2022,Cuarto Trimestre,pres_gasto,,,,,,,,,,,,,,,,,,,,,,
2961418,20210901,124205000,E.S.E. Hospital San Fernando - Amagá,2.1.1.01.01.001.01,SUELDO BASICO,GASTOS,FUNCIONAMIENTO,GASTOS DE PERSONAL,PLANTA DE PERSONAL PERMANENTE,FACTORES CONSTITUTIVOS DE SALARIO,FACTORES SALARIALES COMUNES,SUELDO BASICO,No Aplica,No Aplica,No Aplica,CUENTAS POR PAGAR,ENTIDADES DIFERENTES A ENTIDADES TERRITORIALES - GESTION GENERAL,NO DEFINIDO,NO DEFINIDO,SALUD Y PROTECCION SOCIAL,0.0,540212705.0,2021,Tercer Trimestre,pres_gasto,,,,,,,,,,,,,,,,,,,,,,
2968785,20211201,124205000,E.S.E. Hospital San Fernando - Amagá,2.1.2.02.01.001,"MINERALES, ELECTRICIDAD, GAS Y AGUA",GASTOS,FUNCIONAMIENTO,ADQUISICION DE BIENES Y SERVICIOS,ADQUISICIONES DIFERENTES DE ACTIVOS,MATERIALES Y SUMINISTROS,"MINERALES, ELECTRICIDAD, GAS Y AGUA",No Aplica,No Aplica,No Aplica,No Aplica,CUENTAS POR PAGAR,ENTIDADES DIFERENTES A ENTIDADES TERRITORIALES - GESTION GENERAL,NO DEFINIDO,NO DEFINIDO,SALUD Y PROTECCION SOCIAL,0.0,972000.0,2021,Cuarto Trimestre,pres_gasto,,,,,,,,,,,,,,,,,,,,,,
2971603,20210301,124205000,E.S.E. Hospital San Fernando - Amagá,2.1.1.01.01,FACTORES CONSTITUTIVOS DE SALARIO,GASTOS,FUNCIONAMIENTO,GASTOS DE PERSONAL,PLANTA DE PERSONAL PERMANENTE,FACTORES CONSTITUTIVOS DE SALARIO,No Aplica,No Aplica,No Aplica,No Aplica,No Aplica,VIGENCIA ACTUAL,ENTIDADES DIFERENTES A ENTIDADES TERRITORIALES - GESTION GENERAL,NO DEFINIDO,NO DEFINIDO,NO DEFINIDO,2690160702.0,2036014403.0,2021,Primer Trimestre,pres_gasto,,,,,,,,,,,,,,,,,,,,,,
2974964,20210301,124205000,E.S.E. Hospital San Fernando - Amagá,2.1.2.02.02.007,SERVICIOS FINANCIEROS Y SERVICIOS CONEXOS; SERVICIOS INMOBILIARIOS; Y SERVICIOS DE ARRENDAMIENTO Y LEASING,GASTOS,FUNCIONAMIENTO,ADQUISICION DE BIENES Y SERVICIOS,ADQUISICIONES DIFERENTES DE ACTIVOS,ADQUISICION DE SERVICIOS,SERVICIOS FINANCIEROS Y SERVICIOS CONEXOS; SERVICIOS INMOBILIARIOS; Y SERVICIOS DE ARRENDAMIENTO Y LEASING,No Aplica,No Aplica,No Aplica,No Aplica,CUENTAS POR PAGAR,ENTIDADES DIFERENTES A ENTIDADES TERRITORIALES - GESTION GENERAL,NO DEFINIDO,NO DEFINIDO,SALUD Y PROTECCION SOCIAL,0.0,10996173.0,2021,Primer Trimestre,pres_gasto,,,,,,,,,,,,,,,,,,,,,,
2981894,20210301,124205000,E.S.E. Hospital San Fernando - Amagá,2.1.1.01.02.005,APORTES GENERALES AL SISTEMA DE RIESGOS LABORALES,GASTOS,FUNCIONAMIENTO,GASTOS DE PERSONAL,PLANTA DE PERSONAL PERMANENTE,CONTRIBUCIONES INHERENTES A LA NOMINA,APORTES GENERALES AL SISTEMA DE RIESGOS LABORALES,No Aplica,No Aplica,No Aplica,No Aplica,VIGENCIA ACTUAL,ENTIDADES DIFERENTES A ENTIDADES TERRITORIALES - GESTION GENERAL,NO DEFINIDO,NO DEFINIDO,SALUD Y PROTECCION SOCIAL,54214727.0,54214727.0,2021,Primer Trimestre,pres_gasto,,,,,,,,,,,,,,,,,,,,,,
2987226,20220901,124205000,E.S.E. Hospital San Fernando - Amagá,2.4.5.02,ADQUISICION DE SERVICIOS,GASTOS,GASTOS DE OPERACION COMERCIAL,GASTOS DE COMERCIALIZACION Y PRODUCCION,ADQUISICION DE SERVICIOS,No Aplica,No Aplica,No Aplica,No Aplica,No Aplica,No Aplica,VIGENCIA ACTUAL,ENTIDADES DIFERENTES A ENTIDADES TERRITORIALES - UNIDAD DE SALUD,NO DEFINIDO,NO DEFINIDO,NO DEFINIDO,45000000.0,47707592.0,2022,Tercer Trimestre,pres_gasto,,,,,,,,,,,,,,,,,,,,,,
2988735,20210901,124205000,E.S.E. Hospital San Fernando - Amagá,2.1.2.02,ADQUISICIONES DIFERENTES DE ACTIVOS,GASTOS,FUNCIONAMIENTO,ADQUISICION DE BIENES Y SERVICIOS,ADQUISICIONES DIFERENTES DE ACTIVOS,No Aplica,No Aplica,No Aplica,No Aplica,No Aplica,No Aplica,CUENTAS POR PAGAR,ENTIDADES DIFERENTES A ENTIDADES TERRITORIALES - GESTION GENERAL,NO DEFINIDO,NO DEFINIDO,NO DEFINIDO,363384249.0,669613583.0,2021,Tercer Trimestre,pres_gasto,,,,,,,,,,,,,,,,,,,,,,
2989573,20210901,124205000,E.S.E. Hospital San Fernando - Amagá,2.4.5.02.06,"COMERCIO Y DISTRIBUCION; ALOJAMIENTO; SERVICIOS DE SUMINISTRO DE COMIDAS Y BEBIDAS; SERVICIOS DE TRANSPORTE; Y SERVICIOS DE DISTRIBUCION DE ELECTRICIDAD, GAS Y AGUA",GASTOS,GASTOS DE OPERACION COMERCIAL,GASTOS DE COMERCIALIZACION Y PRODUCCION,ADQUISICION DE SERVICIOS,"COMERCIO Y DISTRIBUCION; ALOJAMIENTO; SERVICIOS DE SUMINISTRO DE COMIDAS Y BEBIDAS; SERVICIOS DE TRANSPORTE; Y SERVICIOS DE DISTRIBUCION DE ELECTRICIDAD, GAS Y AGUA",No Aplica,No Aplica,No Aplica,No Aplica,No Aplica,VIGENCIA ACTUAL,ENTIDADES DIFERENTES A ENTIDADES TERRITORIALES - GESTION GENERAL,NO DEFINIDO,NO DEFINIDO,SALUD Y PROTECCION SOCIAL,30000000.0,42798100.0,2021,Tercer Trimestre,pres_gasto,,,,,,,,,,,,,,,,,,,,,,
2993420,20221201,124205000,E.S.E. Hospital San Fernando - Amagá,2.1.1.01.02.003,APORTES DE CESANTIAS,GASTOS,FUNCIONAMIENTO,GASTOS DE PERSONAL,PLANTA DE PERSONAL PERMANENTE,CONTRIBUCIONES INHERENTES A LA NOMINA,APORTES DE CESANTIAS,No Aplica,No Aplica,No Aplica,No Aplica,VIGENCIA ACTUAL,ENTIDADES DIFERENTES A ENTIDADES TERRITORIALES - UNIDAD DE SALUD,NO DEFINIDO,NO DEFINIDO,SALUD Y PROTECCION SOCIAL,302013441.0,262013441.0,2022,Cuarto Trimestre,pres_gasto,,,,,,,,,,,,,,,,,,,,,,
2996203,20211201,124205000,E.S.E. Hospital San Fernando - Amagá,2.1.3,TRANSFERENCIAS CORRIENTES,GASTOS,FUNCIONAMIENTO,TRANSFERENCIAS CORRIENTES,No Aplica,No Aplica,No Aplica,No Aplica,No Aplica,No Aplica,No Aplica,VIGENCIA ACTUAL,ENTIDADES DIFERENTES A ENTIDADES TERRITORIALES - GESTION GENERAL,NO DEFINIDO,NO DEFINIDO,NO DEFINIDO,15000000.0,4425774.0,2021,Cuarto Trimestre,pres_gasto,,,,,,,,,,,,,,,,,,,,,,
3002241,20230601,124205000,E.S.E. Hospital San Fernando - Amagá,2.1.1.01.01,FACTORES CONSTITUTIVOS DE SALARIO,GASTOS,FUNCIONAMIENTO,GASTOS DE PERSONAL,PLANTA DE PERSONAL PERMANENTE,FACTORES CONSTITUTIVOS DE SALARIO,No Aplica,No Aplica,No Aplica,No Aplica,No Aplica,VIGENCIA ACTUAL,ENTIDADES TERRITORIALES - SALUD,NO DEFINIDO,NO DEFINIDO,NO DEFINIDO,2767427210.0,2761306210.0,2023,Segundo Trimestre,pres_gasto,,,,,,,,,,,,,,,,,,,,,,
3002757,20220601,124205000,E.S.E. Hospital San Fernando - Amagá,2.1.2.02,ADQUISICIONES DIFERENTES DE ACTIVOS,GASTOS,FUNCIONAMIENTO,ADQUISICION DE BIENES Y SERVICIOS,ADQUISICIONES DIFERENTES DE ACTIVOS,No Aplica,No Aplica,No Aplica,No Aplica,No Aplica,No Aplica,VIGENCIA ACTUAL,ENTIDADES DIFERENTES A ENTIDADES TERRITORIALES - UNIDAD DE SALUD,NO DEFINIDO,NO DEFINIDO,NO DEFINIDO,1475372785.0,1647320539.0,2022,Segundo Trimestre,pres_gasto,,,,,,,,,,,,,,,,,,,,,,
3003870,20211201,124205000,E.S.E. Hospital San Fernando - Amagá,2.1.2.02.02,ADQUISICION DE SERVICIOS,GASTOS,FUNCIONAMIENTO,ADQUISICION DE BIENES Y SERVICIOS,ADQUISICIONES DIFERENTES DE ACTIVOS,ADQUISICION DE SERVICIOS,No Aplica,No Aplica,No Aplica,No Aplica,No Aplica,CUENTAS POR PAGAR,ENTIDADES DIFERENTES A ENTIDADES TERRITORIALES - GESTION GENERAL,NO DEFINIDO,NO DEFINIDO,NO DEFINIDO,325000000.0,339480679.0,2021,Cuarto Trimestre,pres_gasto,,,,,,,,,,,,,,,,,,,,,,
3005391,20210301,124205000,E.S.E. Hospital San Fernando - Amagá,2.1.2.02.02,ADQUISICION DE SERVICIOS,GASTOS,FUNCIONAMIENTO,ADQUISICION DE BIENES Y SERVICIOS,ADQUISICIONES DIFERENTES DE ACTIVOS,ADQUISICION DE SERVICIOS,No Aplica,No Aplica,No Aplica,No Aplica,No Aplica,CUENTAS POR PAGAR,ENTIDADES DIFERENTES A ENTIDADES TERRITORIALES - GESTION GENERAL,NO DEFINIDO,NO DEFINIDO,NO DEFINIDO,378000000.0,415614728.0,2021,Primer Trimestre,pres_gasto,,,,,,,,,,,,,,,,,,,,,,
3009992,20220301,124205000,E.S.E. Hospital San Fernando - Amagá,2.1.1.01.02.003,APORTES DE CESANTIAS,GASTOS,FUNCIONAMIENTO,GASTOS DE PERSONAL,PLANTA DE PERSONAL PERMANENTE,CONTRIBUCIONES INHERENTES A LA NOMINA,APORTES DE CESANTIAS,No Aplica,No Aplica,No Aplica,No Aplica,VIGENCIA ACTUAL,ENTIDADES DIFERENTES A ENTIDADES TERRITORIALES - UNIDAD DE SALUD,NO DEFINIDO,NO DEFINIDO,SALUD Y PROTECCION SOCIAL,302013441.0,302013441.0,2022,Primer Trimestre,pres_gasto,,,,,,,,,,,,,,,,,,,,,,
3018080,20210601,124205000,E.S.E. Hospital San Fernando - Amagá,2.1.2.02.02.008,SERVICIOS PRESTADOS A LAS EMPRESAS Y SERVICIOS DE PRODUCCION,GASTOS,FUNCIONAMIENTO,ADQUISICION DE BIENES Y SERVICIOS,ADQUISICIONES DIFERENTES DE ACTIVOS,ADQUISICION DE SERVICIOS,SERVICIOS PRESTADOS A LAS EMPRESAS Y SERVICIOS DE PRODUCCION,No Aplica,No Aplica,No Aplica,No Aplica,CUENTAS POR PAGAR,ENTIDADES DIFERENTES A ENTIDADES TERRITORIALES - GESTION GENERAL,NO DEFINIDO,NO DEFINIDO,SALUD Y PROTECCION SOCIAL,378000000.0,419021092.0,2021,Segundo Trimestre,pres_gasto,,,,,,,,,,,,,,,,,,,,,,
3022697,20211201,124205000,E.S.E. Hospital San Fernando - Amagá,2.1.2.02.01,MATERIALES Y SUMINISTROS,GASTOS,FUNCIONAMIENTO,ADQUISICION DE BIENES Y SERVICIOS,ADQUISICIONES DIFERENTES DE ACTIVOS,MATERIALES Y SUMINISTROS,No Aplica,No Aplica,No Aplica,No Aplica,No Aplica,CUENTAS POR PAGAR,ENTIDADES DIFERENTES A ENTIDADES TERRITORIALES - GESTION GENERAL,NO DEFINIDO,NO DEFINIDO,NO DEFINIDO,0.0,26971085.0,2021,Cuarto Trimestre,pres_gasto,,,,,,,,,,,,,,,,,,,,,,
3025628,20211201,124205000,E.S.E. Hospital San Fernando - Amagá,2.1.2,ADQUISICION DE BIENES Y SERVICIOS,GASTOS,FUNCIONAMIENTO,ADQUISICION DE BIENES Y SERVICIOS,No Aplica,No Aplica,No Aplica,No Aplica,No Aplica,No Aplica,No Aplica,CUENTAS POR PAGAR,ENTIDADES DIFERENTES A ENTIDADES TERRITORIALES - GESTION GENERAL,NO DEFINIDO,NO DEFINIDO,NO DEFINIDO,325000000.0,366451764.0,2021,Cuarto Trimestre,pres_gasto,,,,,,,,,,,,,,,,,,,,,,
3026014,20220301,124205000,E.S.E. Hospital San Fernando - Amagá,2.1.2.02.01,MATERIALES Y SUMINISTROS,GASTOS,FUNCIONAMIENTO,ADQUISICION DE BIENES Y SERVICIOS,ADQUISICIONES DIFERENTES DE ACTIVOS,MATERIALES Y SUMINISTROS,No Aplica,No Aplica,No Aplica,No Aplica,No Aplica,VIGENCIA ACTUAL,ENTIDADES DIFERENTES A ENTIDADES TERRITORIALES - UNIDAD DE SALUD,NO DEFINIDO,NO DEFINIDO,NO DEFINIDO,187600000.0,187600000.0,2022,Primer Trimestre,pres_gasto,,,,,,,,,,,,,,,,,,,,,,
3027934,20211201,124205000,E.S.E. Hospital San Fernando - Amagá,2.1.2.02.02.008,SERVICIOS PRESTADOS A LAS EMPRESAS Y SERVICIOS DE PRODUCCION,GASTOS,FUNCIONAMIENTO,ADQUISICION DE BIENES Y SERVICIOS,ADQUISICIONES DIFERENTES DE ACTIVOS,ADQUISICION DE SERVICIOS,SERVICIOS PRESTADOS A LAS EMPRESAS Y SERVICIOS DE PRODUCCION,No Aplica,No Aplica,No Aplica,No Aplica,CUENTAS POR PAGAR,ENTIDADES DIFERENTES A ENTIDADES TERRITORIALES - GESTION GENERAL,NO DEFINIDO,NO DEFINIDO,SALUD Y PROTECCION SOCIAL,15000000.0,31540438.0,2021,Cuarto Trimestre,pres_gasto,,,,,,,,,,,,,,,,,,,,,,
3028014,20210601,124205000,E.S.E. Hospital San Fernando - Amagá,2.4.5.01,MATERIALES Y SUMINISTROS,GASTOS,GASTOS DE OPERACION COMERCIAL,GASTOS DE COMERCIALIZACION Y PRODUCCION,MATERIALES Y SUMINISTROS,No Aplica,No Aplica,No Aplica,No Aplica,No Aplica,No Aplica,CUENTAS POR PAGAR,ENTIDADES DIFERENTES A ENTIDADES TERRITORIALES - GESTION GENERAL,NO DEFINIDO,NO DEFINIDO,NO DEFINIDO,38384249.0,161403182.0,2021,Segundo Trimestre,pres_gasto,,,,,,,,,,,,,,,,,,,,,,
3028835,20210601,124205000,E.S.E. Hospital San Fernando - Amagá,2.1.1,GASTOS DE PERSONAL,GASTOS,FUNCIONAMIENTO,GASTOS DE PERSONAL,No Aplica,No Aplica,No Aplica,No Aplica,No Aplica,No Aplica,No Aplica,CUENTAS POR PAGAR,ENTIDADES DIFERENTES A ENTIDADES TERRITORIALES - GESTION GENERAL,NO DEFINIDO,NO DEFINIDO,NO DEFINIDO,3000000.0,710884385.0,2021,Segundo Trimestre,pres_gasto,,,,,,,,,,,,,,,,,,,,,,
3033922,20210901,124205000,E.S.E. Hospital San Fernando - Amagá,2.1.7.01,CESANTIAS,GASTOS,FUNCIONAMIENTO,DISMINUCION DE PASIVOS,CESANTIAS,No Aplica,No Aplica,No Aplica,No Aplica,No Aplica,No Aplica,VIGENCIA ACTUAL,ENTIDADES DIFERENTES A ENTIDADES TERRITORIALES - GESTION GENERAL,NO DEFINIDO,NO DEFINIDO,NO DEFINIDO,26988714.0,26988714.0,2021,Tercer Trimestre,pres_gasto,,,,,,,,,,,,,,,,,,,,,,
3040837,20220901,124205000,E.S.E. Hospital San Fernando - Amagá,2.1.2.02.02.005,CONSTRUCCION Y SERVICIOS DE LA CONSTRUCCION,GASTOS,FUNCIONAMIENTO,ADQUISICION DE BIENES Y SERVICIOS,ADQUISICIONES DIFERENTES DE ACTIVOS,ADQUISICION DE SERVICIOS,CONSTRUCCION Y SERVICIOS DE LA CONSTRUCCION,No Aplica,No Aplica,No Aplica,No Aplica,VIGENCIA ACTUAL,ENTIDADES DIFERENTES A ENTIDADES TERRITORIALES - UNIDAD DE SALUD,NO DEFINIDO,NO DEFINIDO,SALUD Y PROTECCION SOCIAL,127660000.0,127660000.0,2022,Tercer Trimestre,pres_gasto,,,,,,,,,,,,,,,,,,,,,,
3041767,20230601,124205000,E.S.E. Hospital San Fernando - Amagá,2.1.2,ADQUISICION DE BIENES Y SERVICIOS,GASTOS,FUNCIONAMIENTO,ADQUISICION DE BIENES Y SERVICIOS,No Aplica,No Aplica,No Aplica,No Aplica,No Aplica,No Aplica,No Aplica,VIGENCIA ACTUAL,ENTIDADES TERRITORIALES - SALUD,NO DEFINIDO,NO DEFINIDO,NO DEFINIDO,1501200000.0,1800837152.0,2023,Segundo Trimestre,pres_gasto,,,,,,,,,,,,,,,,,,,,,,
3042319,20220601,124205000,E.S.E. Hospital San Fernando - Amagá,2.1.8.05.02,INTERESES DE MORA,GASTOS,FUNCIONAMIENTO,"GASTOS POR TRIBUTOS, TASAS, CONTRIBUCIONES, MULTAS, SANCIONES E INTERESES DE MORA","MULTAS, SANCIONES E INTERESES DE MORA",INTERESES DE MORA,No Aplica,No Aplica,No Aplica,No Aplica,No Aplica,VIGENCIA ACTUAL,ENTIDADES DIFERENTES A ENTIDADES TERRITORIALES - UNIDAD DE SALUD,NO DEFINIDO,NO DEFINIDO,MINAS Y ENERGIA,0.0,4000.0,2022,Segundo Trimestre,pres_gasto,,,,,,,,,,,,,,,,,,,,,,
3042898,20210301,124205000,E.S.E. Hospital San Fernando - Amagá,2.1.1.02.01.001,FACTORES SALARIALES COMUNES,GASTOS,FUNCIONAMIENTO,GASTOS DE PERSONAL,PERSONAL SUPERNUMERARIO Y PLANTA TEMPORAL,FACTORES CONSTITUTIVOS DE SALARIO,FACTORES SALARIALES COMUNES,No Aplica,No Aplica,No Aplica,No Aplica,VIGENCIA ACTUAL,ENTIDADES DIFERENTES A ENTIDADES TERRITORIALES - GESTION GENERAL,NO DEFINIDO,NO DEFINIDO,NO DEFINIDO,20000000.0,20000000.0,2021,Primer Trimestre,pres_gasto,,,,,,,,,,,,,,,,,,,,,,
3044140,20230301,124205000,E.S.E. Hospital San Fernando - Amagá,2,GASTOS,GASTOS,No Aplica,No Aplica,No Aplica,No Aplica,No Aplica,No Aplica,No Aplica,No Aplica,No Aplica,VIGENCIA ACTUAL,ENTIDADES DIFERENTES A ENTIDADES TERRITORIALES - UNIDAD DE SALUD,NO DEFINIDO,NO DEFINIDO,NO DEFINIDO,615000000.0,615000000.0,2023,Primer Trimestre,pres_gasto,,,,,,,,,,,,,,,,,,,,,,
3048519,20211201,124205000,E.S.E. Hospital San Fernando - Amagá,2.1.1.01.01,FACTORES CONSTITUTIVOS DE SALARIO,GASTOS,FUNCIONAMIENTO,GASTOS DE PERSONAL,PLANTA DE PERSONAL PERMANENTE,FACTORES CONSTITUTIVOS DE SALARIO,No Aplica,No Aplica,No Aplica,No Aplica,No Aplica,VIGENCIA ACTUAL,ENTIDADES DIFERENTES A ENTIDADES TERRITORIALES - GESTION GENERAL,NO DEFINIDO,NO DEFINIDO,NO DEFINIDO,2695725874.0,2110388364.0,2021,Cuarto Trimestre,pres_gasto,,,,,,,,,,,,,,,,,,,,,,
3058256,20220901,124205000,E.S.E. Hospital San Fernando - Amagá,2.1.1.01.03.001.01,VACACIONES,GASTOS,FUNCIONAMIENTO,GASTOS DE PERSONAL,PLANTA DE PERSONAL PERMANENTE,REMUNERACIONES NO CONSTITUTIVAS DE FACTOR SALARIAL,PRESTACIONES SOCIALES,VACACIONES,No Aplica,No Aplica,No Aplica,VIGENCIA ACTUAL,ENTIDADES DIFERENTES A ENTIDADES TERRITORIALES - UNIDAD DE SALUD,NO DEFINIDO,NO DEFINIDO,SALUD Y PROTECCION SOCIAL,72866298.0,78366298.0,2022,Tercer Trimestre,pres_gasto,,,,,,,,,,,,,,,,,,,,,,
3059198,20220601,124205000,E.S.E. Hospital San Fernando - Amagá,2.1.1.02.01.001,FACTORES SALARIALES COMUNES,GASTOS,FUNCIONAMIENTO,GASTOS DE PERSONAL,PERSONAL SUPERNUMERARIO Y PLANTA TEMPORAL,FACTORES CONSTITUTIVOS DE SALARIO,FACTORES SALARIALES COMUNES,No Aplica,No Aplica,No Aplica,No Aplica,VIGENCIA ACTUAL,ENTIDADES DIFERENTES A ENTIDADES TERRITORIALES - UNIDAD DE SALUD,NO DEFINIDO,NO DEFINIDO,NO DEFINIDO,119700000.0,119700000.0,2022,Segundo Trimestre,pres_gasto,,,,,,,,,,,,,,,,,,,,,,
3066307,20230601,124205000,E.S.E. Hospital San Fernando - Amagá,2.1.1.01.01.001.07,BONIFICACION POR SERVICIOS PRESTADOS,GASTOS,FUNCIONAMIENTO,GASTOS DE PERSONAL,PLANTA DE PERSONAL PERMANENTE,FACTORES CONSTITUTIVOS DE SALARIO,FACTORES SALARIALES COMUNES,BONIFICACION POR SERVICIOS PRESTADOS,No Aplica,No Aplica,No Aplica,VIGENCIA ACTUAL,ENTIDADES TERRITORIALES - SALUD,NO DEFINIDO,NO DEFINIDO,SALUD Y PROTECCION SOCIAL,68695285.0,68695285.0,2023,Segundo Trimestre,pres_gasto,,,,,,,,,,,,,,,,,,,,,,
3066710,20230601,124205000,E.S.E. Hospital San Fernando - Amagá,2.1.1.01.01.001,FACTORES SALARIALES COMUNES,GASTOS,FUNCIONAMIENTO,GASTOS DE PERSONAL,PLANTA DE PERSONAL PERMANENTE,FACTORES CONSTITUTIVOS DE SALARIO,FACTORES SALARIALES COMUNES,No Aplica,No Aplica,No Aplica,No Aplica,VIGENCIA ACTUAL,ENTIDADES TERRITORIALES - SALUD,NO DEFINIDO,NO DEFINIDO,NO DEFINIDO,2767427210.0,2761306210.0,2023,Segundo Trimestre,pres_gasto,,,,,,,,,,,,,,,,,,,,,,
3069439,20221201,124205000,E.S.E. Hospital San Fernando - Amagá,2.1.1.01.02,CONTRIBUCIONES INHERENTES A LA NOMINA,GASTOS,FUNCIONAMIENTO,GASTOS DE PERSONAL,PLANTA DE PERSONAL PERMANENTE,CONTRIBUCIONES INHERENTES A LA NOMINA,No Aplica,No Aplica,No Aplica,No Aplica,No Aplica,VIGENCIA ACTUAL,ENTIDADES DIFERENTES A ENTIDADES TERRITORIALES - UNIDAD DE SALUD,NO DEFINIDO,NO DEFINIDO,NO DEFINIDO,860507380.0,820831626.0,2022,Cuarto Trimestre,pres_gasto,,,,,,,,,,,,,,,,,,,,,,
3070815,20221201,124205000,E.S.E. Hospital San Fernando - Amagá,2.1.2.02.01.002,"PRODUCTOS ALIMENTICIOS, BEBIDAS Y TABACO, TEXTILES, PRENDAS DE VESTIR Y PRODUCTOS DE CUERO",GASTOS,FUNCIONAMIENTO,ADQUISICION DE BIENES Y SERVICIOS,ADQUISICIONES DIFERENTES DE ACTIVOS,MATERIALES Y SUMINISTROS,"PRODUCTOS ALIMENTICIOS, BEBIDAS Y TABACO, TEXTILES, PRENDAS DE VESTIR Y PRODUCTOS DE CUERO",No Aplica,No Aplica,No Aplica,No Aplica,VIGENCIA ACTUAL,ENTIDADES DIFERENTES A ENTIDADES TERRITORIALES - UNIDAD DE SALUD,NO DEFINIDO,NO DEFINIDO,SALUD Y PROTECCION SOCIAL,10000000.0,10000000.0,2022,Cuarto Trimestre,pres_gasto,,,,,,,,,,,,,,,,,,,,,,
3074574,20210301,124205000,E.S.E. Hospital San Fernando - Amagá,2.1.3.07.02,PRESTACIONES SOCIALES RELACIONADAS CON EL EMPLEO,GASTOS,FUNCIONAMIENTO,TRANSFERENCIAS CORRIENTES,PRESTACIONES PARA CUBRIR RIESGOS SOCIALES,PRESTACIONES SOCIALES RELACIONADAS CON EL EMPLEO,No Aplica,No Aplica,No Aplica,No Aplica,No Aplica,CUENTAS POR PAGAR,ENTIDADES DIFERENTES A ENTIDADES TERRITORIALES - GESTION GENERAL,NO DEFINIDO,NO DEFINIDO,NO DEFINIDO,0.0,2061965.0,2021,Primer Trimestre,pres_gasto,,,,,,,,,,,,,,,,,,,,,,
3074989,20230601,124205000,E.S.E. Hospital San Fernando - Amagá,2.1.1.01.03,REMUNERACIONES NO CONSTITUTIVAS DE FACTOR SALARIAL,GASTOS,FUNCIONAMIENTO,GASTOS DE PERSONAL,PLANTA DE PERSONAL PERMANENTE,REMUNERACIONES NO CONSTITUTIVAS DE FACTOR SALARIAL,No Aplica,No Aplica,No Aplica,No Aplica,No Aplica,VIGENCIA ACTUAL,ENTIDADES TERRITORIALES - SALUD,NO DEFINIDO,NO DEFINIDO,NO DEFINIDO,92902531.0,92902531.0,2023,Segundo Trimestre,pres_gasto,,,,,,,,,,,,,,,,,,,,,,
3075790,20210601,124205000,E.S.E. Hospital San Fernando - Amagá,2.1.2.02.02,ADQUISICION DE SERVICIOS,GASTOS,FUNCIONAMIENTO,ADQUISICION DE BIENES Y SERVICIOS,ADQUISICIONES DIFERENTES DE ACTIVOS,ADQUISICION DE SERVICIOS,No Aplica,No Aplica,No Aplica,No Aplica,No Aplica,VIGENCIA ACTUAL,ENTIDADES DIFERENTES A ENTIDADES TERRITORIALES - GESTION GENERAL,NO DEFINIDO,NO DEFINIDO,NO DEFINIDO,702872946.0,1346873336.0,2021,Segundo Trimestre,pres_gasto,,,,,,,,,,,,,,,,,,,,,,
3080561,20220601,124205000,E.S.E. Hospital San Fernando - Amagá,2.1.2.02.01.002,"PRODUCTOS ALIMENTICIOS, BEBIDAS Y TABACO, TEXTILES, PRENDAS DE VESTIR Y PRODUCTOS DE CUERO",GASTOS,FUNCIONAMIENTO,ADQUISICION DE BIENES Y SERVICIOS,ADQUISICIONES DIFERENTES DE ACTIVOS,MATERIALES Y SUMINISTROS,"PRODUCTOS ALIMENTICIOS, BEBIDAS Y TABACO, TEXTILES, PRENDAS DE VESTIR Y PRODUCTOS DE CUERO",No Aplica,No Aplica,No Aplica,No Aplica,VIGENCIA ACTUAL,ENTIDADES DIFERENTES A ENTIDADES TERRITORIALES - UNIDAD DE SALUD,NO DEFINIDO,NO DEFINIDO,MINAS Y ENERGIA,10000000.0,10000000.0,2022,Segundo Trimestre,pres_gasto,,,,,,,,,,,,,,,,,,,,,,
3083746,20220301,124205000,E.S.E. Hospital San Fernando - Amagá,2.1.2.02.01.002,"PRODUCTOS ALIMENTICIOS, BEBIDAS Y TABACO, TEXTILES, PRENDAS DE VESTIR Y PRODUCTOS DE CUERO",GASTOS,FUNCIONAMIENTO,ADQUISICION DE BIENES Y SERVICIOS,ADQUISICIONES DIFERENTES DE ACTIVOS,MATERIALES Y SUMINISTROS,"PRODUCTOS ALIMENTICIOS, BEBIDAS Y TABACO, TEXTILES, PRENDAS DE VESTIR Y PRODUCTOS DE CUERO",No Aplica,No Aplica,No Aplica,No Aplica,VIGENCIA ACTUAL,ENTIDADES DIFERENTES A ENTIDADES TERRITORIALES - UNIDAD DE SALUD,NO DEFINIDO,NO DEFINIDO,SALUD Y PROTECCION SOCIAL,10000000.0,10000000.0,2022,Primer Trimestre,pres_gasto,,,,,,,,,,,,,,,,,,,,,,
3085581,20210601,124205000,E.S.E. Hospital San Fernando - Amagá,2.1.1.01.02.007,APORTES AL SENA,GASTOS,FUNCIONAMIENTO,GASTOS DE PERSONAL,PLANTA DE PERSONAL PERMANENTE,CONTRIBUCIONES INHERENTES A LA NOMINA,APORTES AL SENA,No Aplica,No Aplica,No Aplica,No Aplica,VIGENCIA ACTUAL,ENTIDADES DIFERENTES A ENTIDADES TERRITORIALES - GESTION GENERAL,NO DEFINIDO,NO DEFINIDO,SALUD Y PROTECCION SOCIAL,51974042.0,51974042.0,2021,Segundo Trimestre,pres_gasto,,,,,,,,,,,,,,,,,,,,,,
3089499,20210301,124205000,E.S.E. Hospital San Fernando - Amagá,2.1.2.02.02.007,SERVICIOS FINANCIEROS Y SERVICIOS CONEXOS; SERVICIOS INMOBILIARIOS; Y SERVICIOS DE ARRENDAMIENTO Y LEASING,GASTOS,FUNCIONAMIENTO,ADQUISICION DE BIENES Y SERVICIOS,ADQUISICIONES DIFERENTES DE ACTIVOS,ADQUISICION DE SERVICIOS,SERVICIOS FINANCIEROS Y SERVICIOS CONEXOS; SERVICIOS INMOBILIARIOS; Y SERVICIOS DE ARRENDAMIENTO Y LEASING,No Aplica,No Aplica,No Aplica,No Aplica,VIGENCIA ACTUAL,ENTIDADES DIFERENTES A ENTIDADES TERRITORIALES - GESTION GENERAL,NO DEFINIDO,NO DEFINIDO,SALUD Y PROTECCION SOCIAL,185000000.0,185000000.0,2021,Primer Trimestre,pres_gasto,,,,,,,,,,,,,,,,,,,,,,
3091383,20220301,124205000,E.S.E. Hospital San Fernando - Amagá,2.1.3.07.02.001.02,MESADAS PENSIONALES A CARGO DE LA ENTIDAD DE PENSIONES,GASTOS,FUNCIONAMIENTO,TRANSFERENCIAS CORRIENTES,PRESTACIONES PARA CUBRIR RIESGOS SOCIALES,PRESTACIONES SOCIALES RELACIONADAS CON EL EMPLEO,MESADAS PENSIONALES DE PENSIONES,MESADAS PENSIONALES A CARGO DE LA ENTIDAD DE PENSIONES,No Aplica,No Aplica,No Aplica,VIGENCIA ACTUAL,ENTIDADES DIFERENTES A ENTIDADES TERRITORIALES - UNIDAD DE SALUD,NO DEFINIDO,NO DEFINIDO,SALUD Y PROTECCION SOCIAL,13995758.0,13995758.0,2022,Primer Trimestre,pres_gasto,,,,,,,,,,,,,,,,,,,,,,
3092727,20211201,124205000,E.S.E. Hospital San Fernando - Amagá,2.1.2.01.01.003.02.08,OTRA MAQUINARIA PARA USOS ESPECIALES Y SUS PARTES Y PIEZAS,GASTOS,FUNCIONAMIENTO,ADQUISICION DE BIENES Y SERVICIOS,ADQUISICION DE ACTIVOS NO FINANCIEROS,ACTIVOS FIJOS,MAQUINARIA Y EQUIPO,MAQUINARIA PARA USOS ESPECIALES,OTRA MAQUINARIA PARA USOS ESPECIALES Y SUS PARTES Y PIEZAS,No Aplica,No Aplica,VIGENCIA ACTUAL,ENTIDADES DIFERENTES A ENTIDADES TERRITORIALES - GESTION GENERAL,NO DEFINIDO,NO DEFINIDO,SALUD Y PROTECCION SOCIAL,0.0,10000000.0,2021,Cuarto Trimestre,pres_gasto,,,,,,,,,,,,,,,,,,,,,,
3095013,20220601,124205000,E.S.E. Hospital San Fernando - Amagá,2.1.2.02.02,ADQUISICION DE SERVICIOS,GASTOS,FUNCIONAMIENTO,ADQUISICION DE BIENES Y SERVICIOS,ADQUISICIONES DIFERENTES DE ACTIVOS,ADQUISICION DE SERVICIOS,No Aplica,No Aplica,No Aplica,No Aplica,No Aplica,VIGENCIA ACTUAL,ENTIDADES DIFERENTES A ENTIDADES TERRITORIALES - UNIDAD DE SALUD,NO DEFINIDO,NO DEFINIDO,NO DEFINIDO,1287772785.0,1459720539.0,2022,Segundo Trimestre,pres_gasto,,,,,,,,,,,,,,,,,,,,,,
3096993,20210601,124205000,E.S.E. Hospital San Fernando - Amagá,2.1.1.01.01.001.08.01,PRIMA DE NAVIDAD,GASTOS,FUNCIONAMIENTO,GASTOS DE PERSONAL,PLANTA DE PERSONAL PERMANENTE,FACTORES CONSTITUTIVOS DE SALARIO,FACTORES SALARIALES COMUNES,PRESTACIONES SOCIALES,PRIMA DE NAVIDAD,No Aplica,No Aplica,VIGENCIA ACTUAL,ENTIDADES DIFERENTES A ENTIDADES TERRITORIALES - GESTION GENERAL,NO DEFINIDO,NO DEFINIDO,SALUD Y PROTECCION SOCIAL,186886406.0,36886406.0,2021,Segundo Trimestre,pres_gasto,,,,,,,,,,,,,,,,,,,,,,
3098913,20220301,124205000,E.S.E. Hospital San Fernando - Amagá,2.1.1.01.01.001.08.01,PRIMA DE NAVIDAD,GASTOS,FUNCIONAMIENTO,GASTOS DE PERSONAL,PLANTA DE PERSONAL PERMANENTE,FACTORES CONSTITUTIVOS DE SALARIO,FACTORES SALARIALES COMUNES,PRESTACIONES SOCIALES,PRIMA DE NAVIDAD,No Aplica,No Aplica,VIGENCIA ACTUAL,ENTIDADES DIFERENTES A ENTIDADES TERRITORIALES - UNIDAD DE SALUD,NO DEFINIDO,NO DEFINIDO,SALUD Y PROTECCION SOCIAL,145732595.0,145732595.0,2022,Primer Trimestre,pres_gasto,,,,,,,,,,,,,,,,,,,,,,
3108964,20230601,124205000,E.S.E. Hospital San Fernando - Amagá,2.1.1.01,PLANTA DE PERSONAL PERMANENTE,GASTOS,FUNCIONAMIENTO,GASTOS DE PERSONAL,PLANTA DE PERSONAL PERMANENTE,No Aplica,No Aplica,No Aplica,No Aplica,No Aplica,No Aplica,VIGENCIA ACTUAL,ENTIDADES TERRITORIALES - SALUD,NO DEFINIDO,NO DEFINIDO,NO DEFINIDO,3888395295.0,3882274295.0,2023,Segundo Trimestre,pres_gasto,,,,,,,,,,,,,,,,,,,,,,
3113154,20210301,124205000,E.S.E. Hospital San Fernando - Amagá,2.1.1.01.01.001.01,SUELDO BASICO,GASTOS,FUNCIONAMIENTO,GASTOS DE PERSONAL,PLANTA DE PERSONAL PERMANENTE,FACTORES CONSTITUTIVOS DE SALARIO,FACTORES SALARIALES COMUNES,SUELDO BASICO,No Aplica,No Aplica,No Aplica,CUENTAS POR PAGAR,ENTIDADES DIFERENTES A ENTIDADES TERRITORIALES - GESTION GENERAL,NO DEFINIDO,NO DEFINIDO,SALUD Y PROTECCION SOCIAL,0.0,524788334.0,2021,Primer Trimestre,pres_gasto,,,,,,,,,,,,,,,,,,,,,,
3118932,20211201,124205000,E.S.E. Hospital San Fernando - Amagá,2.1.1.01.01.001.07,BONIFICACION POR SERVICIOS PRESTADOS,GASTOS,FUNCIONAMIENTO,GASTOS DE PERSONAL,PLANTA DE PERSONAL PERMANENTE,FACTORES CONSTITUTIVOS DE SALARIO,FACTORES SALARIALES COMUNES,BONIFICACION POR SERVICIOS PRESTADOS,No Aplica,No Aplica,No Aplica,VIGENCIA ACTUAL,ENTIDADES DIFERENTES A ENTIDADES TERRITORIALES - GESTION GENERAL,NO DEFINIDO,NO DEFINIDO,SALUD Y PROTECCION SOCIAL,57375050.0,49862892.0,2021,Cuarto Trimestre,pres_gasto,,,,,,,,,,,,,,,,,,,,,,
3121236,20221201,124205000,E.S.E. Hospital San Fernando - Amagá,2.1.1.01.02.002,APORTES A LA SEGURIDAD SOCIAL EN SALUD,GASTOS,FUNCIONAMIENTO,GASTOS DE PERSONAL,PLANTA DE PERSONAL PERMANENTE,CONTRIBUCIONES INHERENTES A LA NOMINA,APORTES A LA SEGURIDAD SOCIAL EN SALUD,No Aplica,No Aplica,No Aplica,No Aplica,VIGENCIA ACTUAL,ENTIDADES DIFERENTES A ENTIDADES TERRITORIALES - UNIDAD DE SALUD,NO DEFINIDO,NO DEFINIDO,SALUD Y PROTECCION SOCIAL,148647247.0,151757519.0,2022,Cuarto Trimestre,pres_gasto,,,,,,,,,,,,,,,,,,,,,,
3122188,20210601,124205000,E.S.E. Hospital San Fernando - Amagá,2.4.5.02.08,SERVICIOS PRESTADOS A LAS EMPRESAS Y SERVICIOS DE PRODUCCION,GASTOS,GASTOS DE OPERACION COMERCIAL,GASTOS DE COMERCIALIZACION Y PRODUCCION,ADQUISICION DE SERVICIOS,SERVICIOS PRESTADOS A LAS EMPRESAS Y SERVICIOS DE PRODUCCION,No Aplica,No Aplica,No Aplica,No Aplica,No Aplica,VIGENCIA ACTUAL,ENTIDADES DIFERENTES A ENTIDADES TERRITORIALES - GESTION GENERAL,NO DEFINIDO,NO DEFINIDO,SALUD Y PROTECCION SOCIAL,20000000.0,20000000.0,2021,Segundo Trimestre,pres_gasto,,,,,,,,,,,,,,,,,,,,,,
3131300,20211201,124205000,E.S.E. Hospital San Fernando - Amagá,2.1.1.01.01.001,FACTORES SALARIALES COMUNES,GASTOS,FUNCIONAMIENTO,GASTOS DE PERSONAL,PLANTA DE PERSONAL PERMANENTE,FACTORES CONSTITUTIVOS DE SALARIO,FACTORES SALARIALES COMUNES,No Aplica,No Aplica,No Aplica,No Aplica,VIGENCIA ACTUAL,ENTIDADES DIFERENTES A ENTIDADES TERRITORIALES - GESTION GENERAL,NO DEFINIDO,NO DEFINIDO,NO DEFINIDO,2695725874.0,2110388364.0,2021,Cuarto Trimestre,pres_gasto,,,,,,,,,,,,,,,,,,,,,,
3131816,20210901,124205000,E.S.E. Hospital San Fernando - Amagá,2.1.3.07,PRESTACIONES PARA CUBRIR RIESGOS SOCIALES,GASTOS,FUNCIONAMIENTO,TRANSFERENCIAS CORRIENTES,PRESTACIONES PARA CUBRIR RIESGOS SOCIALES,No Aplica,No Aplica,No Aplica,No Aplica,No Aplica,No Aplica,VIGENCIA ACTUAL,ENTIDADES DIFERENTES A ENTIDADES TERRITORIALES - GESTION GENERAL,NO DEFINIDO,NO DEFINIDO,NO DEFINIDO,15000000.0,15000000.0,2021,Tercer Trimestre,pres_gasto,,,,,,,,,,,,,,,,,,,,,,
3138441,20211201,124205000,E.S.E. Hospital San Fernando - Amagá,2.1.1.01.01.001.06,PRIMA DE SERVICIO,GASTOS,FUNCIONAMIENTO,GASTOS DE PERSONAL,PLANTA DE PERSONAL PERMANENTE,FACTORES CONSTITUTIVOS DE SALARIO,FACTORES SALARIALES COMUNES,PRIMA DE SERVICIO,No Aplica,No Aplica,No Aplica,VIGENCIA ACTUAL,ENTIDADES DIFERENTES A ENTIDADES TERRITORIALES - GESTION GENERAL,NO DEFINIDO,NO DEFINIDO,SALUD Y PROTECCION SOCIAL,89401064.0,65700749.0,2021,Cuarto Trimestre,pres_gasto,,,,,,,,,,,,,,,,,,,,,,
3139777,20220301,124205000,E.S.E. Hospital San Fernando - Amagá,2.1.1.01.01.001.02,"HORAS EXTRAS, DOMINICALES, FESTIVOS Y RECARGOS",GASTOS,FUNCIONAMIENTO,GASTOS DE PERSONAL,PLANTA DE PERSONAL PERMANENTE,FACTORES CONSTITUTIVOS DE SALARIO,FACTORES SALARIALES COMUNES,"HORAS EXTRAS, DOMINICALES, FESTIVOS Y RECARGOS",No Aplica,No Aplica,No Aplica,VIGENCIA ACTUAL,ENTIDADES DIFERENTES A ENTIDADES TERRITORIALES - UNIDAD DE SALUD,NO DEFINIDO,NO DEFINIDO,SALUD Y PROTECCION SOCIAL,108600000.0,108600000.0,2022,Primer Trimestre,pres_gasto,,,,,,,,,,,,,,,,,,,,,,
3140967,20210601,124205000,E.S.E. Hospital San Fernando - Amagá,2.1.8,"GASTOS POR TRIBUTOS, TASAS, CONTRIBUCIONES, MULTAS, SANCIONES E INTERESES DE MORA",GASTOS,FUNCIONAMIENTO,"GASTOS POR TRIBUTOS, TASAS, CONTRIBUCIONES, MULTAS, SANCIONES E INTERESES DE MORA",No Aplica,No Aplica,No Aplica,No Aplica,No Aplica,No Aplica,No Aplica,VIGENCIA ACTUAL,ENTIDADES DIFERENTES A ENTIDADES TERRITORIALES - GESTION GENERAL,NO DEFINIDO,NO DEFINIDO,NO DEFINIDO,6000000.0,6000000.0,2021,Segundo Trimestre,pres_gasto,,,,,,,,,,,,,,,,,,,,,,
3146109,20220601,124205000,E.S.E. Hospital San Fernando - Amagá,2.1.1.01.01.001.04,SUBSIDIO DE ALIMENTACION,GASTOS,FUNCIONAMIENTO,GASTOS DE PERSONAL,PLANTA DE PERSONAL PERMANENTE,FACTORES CONSTITUTIVOS DE SALARIO,FACTORES SALARIALES COMUNES,SUBSIDIO DE ALIMENTACION,No Aplica,No Aplica,No Aplica,VIGENCIA ACTUAL,ENTIDADES DIFERENTES A ENTIDADES TERRITORIALES - UNIDAD DE SALUD,NO DEFINIDO,NO DEFINIDO,MINAS Y ENERGIA,12060000.0,17060000.0,2022,Segundo Trimestre,pres_gasto,,,,,,,,,,,,,,,,,,,,,,
3151348,20220601,124205000,E.S.E. Hospital San Fernando - Amagá,2,GASTOS,GASTOS,No Aplica,No Aplica,No Aplica,No Aplica,No Aplica,No Aplica,No Aplica,No Aplica,No Aplica,VIGENCIA ACTUAL,ENTIDADES DIFERENTES A ENTIDADES TERRITORIALES - UNIDAD DE SALUD,NO DEFINIDO,NO DEFINIDO,NO DEFINIDO,5313200000.0,5491466165.0,2022,Segundo Trimestre,pres_gasto,,,,,,,,,,,,,,,,,,,,,,
3152268,20221201,124205000,E.S.E. Hospital San Fernando - Amagá,2.1.2.02.02,ADQUISICION DE SERVICIOS,GASTOS,FUNCIONAMIENTO,ADQUISICION DE BIENES Y SERVICIOS,ADQUISICIONES DIFERENTES DE ACTIVOS,ADQUISICION DE SERVICIOS,No Aplica,No Aplica,No Aplica,No Aplica,No Aplica,VIGENCIA ACTUAL,ENTIDADES DIFERENTES A ENTIDADES TERRITORIALES - UNIDAD DE SALUD,NO DEFINIDO,NO DEFINIDO,NO DEFINIDO,1287772785.0,1980738143.0,2022,Cuarto Trimestre,pres_gasto,,,,,,,,,,,,,,,,,,,,,,
3158114,20210601,124205000,E.S.E. Hospital San Fernando - Amagá,2.1.1.01.01.001.01,SUELDO BASICO,GASTOS,FUNCIONAMIENTO,GASTOS DE PERSONAL,PLANTA DE PERSONAL PERMANENTE,FACTORES CONSTITUTIVOS DE SALARIO,FACTORES SALARIALES COMUNES,SUELDO BASICO,No Aplica,No Aplica,No Aplica,VIGENCIA ACTUAL,ENTIDADES DIFERENTES A ENTIDADES TERRITORIALES - GESTION GENERAL,NO DEFINIDO,NO DEFINIDO,SALUD Y PROTECCION SOCIAL,1967144232.0,1329548340.0,2021,Segundo Trimestre,pres_gasto,,,,,,,,,,,,,,,,,,,,,,
3164155,20210901,124205000,E.S.E. Hospital San Fernando - Amagá,2.1.1.01,PLANTA DE PERSONAL PERMANENTE,GASTOS,FUNCIONAMIENTO,GASTOS DE PERSONAL,PLANTA DE PERSONAL PERMANENTE,No Aplica,No Aplica,No Aplica,No Aplica,No Aplica,No Aplica,VIGENCIA ACTUAL,ENTIDADES DIFERENTES A ENTIDADES TERRITORIALES - GESTION GENERAL,NO DEFINIDO,NO DEFINIDO,NO DEFINIDO,3680348635.0,2647297534.0,2021,Tercer Trimestre,pres_gasto,,,,,,,,,,,,,,,,,,,,,,
3164960,20210901,124205000,E.S.E. Hospital San Fernando - Amagá,2.1.1.01.02.004,APORTES A CAJAS DE COMPENSACION FAMILIAR,GASTOS,FUNCIONAMIENTO,GASTOS DE PERSONAL,PLANTA DE PERSONAL PERMANENTE,CONTRIBUCIONES INHERENTES A LA NOMINA,APORTES A CAJAS DE COMPENSACION FAMILIAR,No Aplica,No Aplica,No Aplica,No Aplica,VIGENCIA ACTUAL,ENTIDADES DIFERENTES A ENTIDADES TERRITORIALES - GESTION GENERAL,NO DEFINIDO,NO DEFINIDO,SALUD Y PROTECCION SOCIAL,103948085.0,103948085.0,2021,Tercer Trimestre,pres_gasto,,,,,,,,,,,,,,,,,,,,,,
3168588,20210901,124205000,E.S.E. Hospital San Fernando - Amagá,2.1.2,ADQUISICION DE BIENES Y SERVICIOS,GASTOS,FUNCIONAMIENTO,ADQUISICION DE BIENES Y SERVICIOS,No Aplica,No Aplica,No Aplica,No Aplica,No Aplica,No Aplica,No Aplica,VIGENCIA ACTUAL,ENTIDADES DIFERENTES A ENTIDADES TERRITORIALES - GESTION GENERAL,NO DEFINIDO,NO DEFINIDO,NO DEFINIDO,914872946.0,1818799807.0,2021,Tercer Trimestre,pres_gasto,,,,,,,,,,,,,,,,,,,,,,
3171566,20211201,124205000,E.S.E. Hospital San Fernando - Amagá,2.4.5.01.03,"OTROS BIENES TRANSPORTABLES EXCEPTO PRODUCTOS METALICOS, MAQUINARIA Y EQUIPO",GASTOS,GASTOS DE OPERACION COMERCIAL,GASTOS DE COMERCIALIZACION Y PRODUCCION,MATERIALES Y SUMINISTROS,"OTROS BIENES TRANSPORTABLES EXCEPTO PRODUCTOS METALICOS, MAQUINARIA Y EQUIPO",No Aplica,No Aplica,No Aplica,No Aplica,No Aplica,CUENTAS POR PAGAR,ENTIDADES DIFERENTES A ENTIDADES TERRITORIALES - GESTION GENERAL,NO DEFINIDO,NO DEFINIDO,SALUD Y PROTECCION SOCIAL,0.0,14746802.0,2021,Cuarto Trimestre,pres_gasto,,,,,,,,,,,,,,,,,,,,,,
3180139,20221201,124205000,E.S.E. Hospital San Fernando - Amagá,2.1.1.01.02.004,APORTES A CAJAS DE COMPENSACION FAMILIAR,GASTOS,FUNCIONAMIENTO,GASTOS DE PERSONAL,PLANTA DE PERSONAL PERMANENTE,CONTRIBUCIONES INHERENTES A LA NOMINA,APORTES A CAJAS DE COMPENSACION FAMILIAR,No Aplica,No Aplica,No Aplica,No Aplica,VIGENCIA ACTUAL,ENTIDADES DIFERENTES A ENTIDADES TERRITORIALES - UNIDAD DE SALUD,NO DEFINIDO,NO DEFINIDO,SALUD Y PROTECCION SOCIAL,69951646.0,69911500.0,2022,Cuarto Trimestre,pres_gasto,,,,,,,,,,,,,,,,,,,,,,
3187941,20220901,124205000,E.S.E. Hospital San Fernando - Amagá,2.1.1.01.01.001.08.02,PRIMA DE VACACIONES,GASTOS,FUNCIONAMIENTO,GASTOS DE PERSONAL,PLANTA DE PERSONAL PERMANENTE,FACTORES CONSTITUTIVOS DE SALARIO,FACTORES SALARIALES COMUNES,PRESTACIONES SOCIALES,PRIMA DE VACACIONES,No Aplica,No Aplica,VIGENCIA ACTUAL,ENTIDADES DIFERENTES A ENTIDADES TERRITORIALES - UNIDAD DE SALUD,NO DEFINIDO,NO DEFINIDO,SALUD Y PROTECCION SOCIAL,72866297.0,72866297.0,2022,Tercer Trimestre,pres_gasto,,,,,,,,,,,,,,,,,,,,,,
3192393,20220601,124205000,E.S.E. Hospital San Fernando - Amagá,2.1.2.02.01.003,"OTROS BIENES TRANSPORTABLES EXCEPTO PRODUCTOS METALICOS, MAQUINARIA Y EQUIPO",GASTOS,FUNCIONAMIENTO,ADQUISICION DE BIENES Y SERVICIOS,ADQUISICIONES DIFERENTES DE ACTIVOS,MATERIALES Y SUMINISTROS,"OTROS BIENES TRANSPORTABLES EXCEPTO PRODUCTOS METALICOS, MAQUINARIA Y EQUIPO",No Aplica,No Aplica,No Aplica,No Aplica,VIGENCIA ACTUAL,ENTIDADES DIFERENTES A ENTIDADES TERRITORIALES - UNIDAD DE SALUD,NO DEFINIDO,NO DEFINIDO,MINAS Y ENERGIA,177600000.0,177600000.0,2022,Segundo Trimestre,pres_gasto,,,,,,,,,,,,,,,,,,,,,,
3195899,20210601,124205000,E.S.E. Hospital San Fernando - Amagá,2.1.3.07.02.001,MESADAS PENSIONALES DE PENSIONES,GASTOS,FUNCIONAMIENTO,TRANSFERENCIAS CORRIENTES,PRESTACIONES PARA CUBRIR RIESGOS SOCIALES,PRESTACIONES SOCIALES RELACIONADAS CON EL EMPLEO,MESADAS PENSIONALES DE PENSIONES,No Aplica,No Aplica,No Aplica,No Aplica,VIGENCIA ACTUAL,ENTIDADES DIFERENTES A ENTIDADES TERRITORIALES - GESTION GENERAL,NO DEFINIDO,NO DEFINIDO,NO DEFINIDO,13249264.0,13249264.0,2021,Segundo Trimestre,pres_gasto,,,,,,,,,,,,,,,,,,,,,,
3200450,20211201,124205000,E.S.E. Hospital San Fernando - Amagá,2.1.1.01.02.001,APORTES A LA SEGURIDAD SOCIAL EN PENSIONES,GASTOS,FUNCIONAMIENTO,GASTOS DE PERSONAL,PLANTA DE PERSONAL PERMANENTE,CONTRIBUCIONES INHERENTES A LA NOMINA,APORTES A LA SEGURIDAD SOCIAL EN PENSIONES,No Aplica,No Aplica,No Aplica,No Aplica,VIGENCIA ACTUAL,ENTIDADES DIFERENTES A ENTIDADES TERRITORIALES - GESTION GENERAL,NO DEFINIDO,NO DEFINIDO,SALUD Y PROTECCION SOCIAL,267067620.0,208010802.0,2021,Cuarto Trimestre,pres_gasto,,,,,,,,,,,,,,,,,,,,,,
3200932,20220901,124205000,E.S.E. Hospital San Fernando - Amagá,2.1.1.01.01.001.06,PRIMA DE SERVICIO,GASTOS,FUNCIONAMIENTO,GASTOS DE PERSONAL,PLANTA DE PERSONAL PERMANENTE,FACTORES CONSTITUTIVOS DE SALARIO,FACTORES SALARIALES COMUNES,PRIMA DE SERVICIO,No Aplica,No Aplica,No Aplica,VIGENCIA ACTUAL,ENTIDADES DIFERENTES A ENTIDADES TERRITORIALES - UNIDAD DE SALUD,NO DEFINIDO,NO DEFINIDO,SALUD Y PROTECCION SOCIAL,72866297.0,72866297.0,2022,Tercer Trimestre,pres_gasto,,,,,,,,,,,,,,,,,,,,,,
3204637,20210601,124205000,E.S.E. Hospital San Fernando - Amagá,2.1.3.07.02.003.02,BONOS PENSIONALES A CARGO DE LA ENTIDAD DE PENSIONES,GASTOS,FUNCIONAMIENTO,TRANSFERENCIAS CORRIENTES,PRESTACIONES PARA CUBRIR RIESGOS SOCIALES,PRESTACIONES SOCIALES RELACIONADAS CON EL EMPLEO,BONOS PENSIONALES DE PENSIONES,BONOS PENSIONALES A CARGO DE LA ENTIDAD DE PENSIONES,No Aplica,No Aplica,No Aplica,CUENTAS POR PAGAR,ENTIDADES DIFERENTES A ENTIDADES TERRITORIALES - GESTION GENERAL,NO DEFINIDO,NO DEFINIDO,SALUD Y PROTECCION SOCIAL,0.0,2061965.0,2021,Segundo Trimestre,pres_gasto,,,,,,,,,,,,,,,,,,,,,,
3206757,20210601,124205000,E.S.E. Hospital San Fernando - Amagá,2.4,GASTOS DE OPERACION COMERCIAL,GASTOS,GASTOS DE OPERACION COMERCIAL,No Aplica,No Aplica,No Aplica,No Aplica,No Aplica,No Aplica,No Aplica,No Aplica,VIGENCIA ACTUAL,ENTIDADES DIFERENTES A ENTIDADES TERRITORIALES - GESTION GENERAL,NO DEFINIDO,NO DEFINIDO,NO DEFINIDO,500000000.0,515606000.0,2021,Segundo Trimestre,pres_gasto,,,,,,,,,,,,,,,,,,,,,,
3207770,20220601,124205000,E.S.E. Hospital San Fernando - Amagá,2.1.1.01.01.001.08.02,PRIMA DE VACACIONES,GASTOS,FUNCIONAMIENTO,GASTOS DE PERSONAL,PLANTA DE PERSONAL PERMANENTE,FACTORES CONSTITUTIVOS DE SALARIO,FACTORES SALARIALES COMUNES,PRESTACIONES SOCIALES,PRIMA DE VACACIONES,No Aplica,No Aplica,VIGENCIA ACTUAL,ENTIDADES DIFERENTES A ENTIDADES TERRITORIALES - UNIDAD DE SALUD,NO DEFINIDO,NO DEFINIDO,MINAS Y ENERGIA,72866297.0,72866297.0,2022,Segundo Trimestre,pres_gasto,,,,,,,,,,,,,,,,,,,,,,
3215017,20210301,124205000,E.S.E. Hospital San Fernando - Amagá,2.1.2.02.02.009,"SERVICIOS PARA LA COMUNIDAD, SOCIALES Y PERSONALES",GASTOS,FUNCIONAMIENTO,ADQUISICION DE BIENES Y SERVICIOS,ADQUISICIONES DIFERENTES DE ACTIVOS,ADQUISICION DE SERVICIOS,"SERVICIOS PARA LA COMUNIDAD, SOCIALES Y PERSONALES",No Aplica,No Aplica,No Aplica,No Aplica,VIGENCIA ACTUAL,ENTIDADES DIFERENTES A ENTIDADES TERRITORIALES - GESTION GENERAL,NO DEFINIDO,NO DEFINIDO,SALUD Y PROTECCION SOCIAL,205872946.0,205872946.0,2021,Primer Trimestre,pres_gasto,,,,,,,,,,,,,,,,,,,,,,
3216585,20220901,124205000,E.S.E. Hospital San Fernando - Amagá,2.1.3.07,PRESTACIONES PARA CUBRIR RIESGOS SOCIALES,GASTOS,FUNCIONAMIENTO,TRANSFERENCIAS CORRIENTES,PRESTACIONES PARA CUBRIR RIESGOS SOCIALES,No Aplica,No Aplica,No Aplica,No Aplica,No Aplica,No Aplica,VIGENCIA ACTUAL,ENTIDADES DIFERENTES A ENTIDADES TERRITORIALES - UNIDAD DE SALUD,NO DEFINIDO,NO DEFINIDO,NO DEFINIDO,13995758.0,13995758.0,2022,Tercer Trimestre,pres_gasto,,,,,,,,,,,,,,,,,,,,,,
3219005,20210901,124205000,E.S.E. Hospital San Fernando - Amagá,2.1.1.01.01,FACTORES CONSTITUTIVOS DE SALARIO,GASTOS,FUNCIONAMIENTO,GASTOS DE PERSONAL,PLANTA DE PERSONAL PERMANENTE,FACTORES CONSTITUTIVOS DE SALARIO,No Aplica,No Aplica,No Aplica,No Aplica,No Aplica,CUENTAS POR PAGAR,ENTIDADES DIFERENTES A ENTIDADES TERRITORIALES - GESTION GENERAL,NO DEFINIDO,NO DEFINIDO,NO DEFINIDO,0.0,540212705.0,2021,Tercer Trimestre,pres_gasto,,,,,,,,,,,,,,,,,,,,,,
3219041,20210901,124205000,E.S.E. Hospital San Fernando - Amagá,2.1,FUNCIONAMIENTO,GASTOS,FUNCIONAMIENTO,No Aplica,No Aplica,No Aplica,No Aplica,No Aplica,No Aplica,No Aplica,No Aplica,VIGENCIA ACTUAL,ENTIDADES DIFERENTES A ENTIDADES TERRITORIALES - GESTION GENERAL,NO DEFINIDO,NO DEFINIDO,NO DEFINIDO,4643210295.0,4514086055.0,2021,Tercer Trimestre,pres_gasto,,,,,,,,,,,,,,,,,,,,,,
3232154,20210901,124205000,E.S.E. Hospital San Fernando - Amagá,2.1.1.01.01.001,FACTORES SALARIALES COMUNES,GASTOS,FUNCIONAMIENTO,GASTOS DE PERSONAL,PLANTA DE PERSONAL PERMANENTE,FACTORES CONSTITUTIVOS DE SALARIO,FACTORES SALARIALES COMUNES,No Aplica,No Aplica,No Aplica,No Aplica,VIGENCIA ACTUAL,ENTIDADES DIFERENTES A ENTIDADES TERRITORIALES - GESTION GENERAL,NO DEFINIDO,NO DEFINIDO,NO DEFINIDO,2695725874.0,1852674773.0,2021,Tercer Trimestre,pres_gasto,,,,,,,,,,,,,,,,,,,,,,
3233560,20230601,124205000,E.S.E. Hospital San Fernando - Amagá,2.1.1.01.01.001.04,SUBSIDIO DE ALIMENTACION,GASTOS,FUNCIONAMIENTO,GASTOS DE PERSONAL,PLANTA DE PERSONAL PERMANENTE,FACTORES CONSTITUTIVOS DE SALARIO,FACTORES SALARIALES COMUNES,SUBSIDIO DE ALIMENTACION,No Aplica,No Aplica,No Aplica,VIGENCIA ACTUAL,ENTIDADES TERRITORIALES - SALUD,NO DEFINIDO,NO DEFINIDO,SALUD Y PROTECCION SOCIAL,32112000.0,32112000.0,2023,Segundo Trimestre,pres_gasto,,,,,,,,,,,,,,,,,,,,,,
3233948,20210301,124205000,E.S.E. Hospital San Fernando - Amagá,2.1.7.01,CESANTIAS,GASTOS,FUNCIONAMIENTO,DISMINUCION DE PASIVOS,CESANTIAS,No Aplica,No Aplica,No Aplica,No Aplica,No Aplica,No Aplica,VIGENCIA ACTUAL,ENTIDADES DIFERENTES A ENTIDADES TERRITORIALES - GESTION GENERAL,NO DEFINIDO,NO DEFINIDO,NO DEFINIDO,26988714.0,26988714.0,2021,Primer Trimestre,pres_gasto,,,,,,,,,,,,,,,,,,,,,,
3239438,20210301,124205000,E.S.E. Hospital San Fernando - Amagá,2.1.1.01,PLANTA DE PERSONAL PERMANENTE,GASTOS,FUNCIONAMIENTO,GASTOS DE PERSONAL,PLANTA DE PERSONAL PERMANENTE,No Aplica,No Aplica,No Aplica,No Aplica,No Aplica,No Aplica,VIGENCIA ACTUAL,ENTIDADES DIFERENTES A ENTIDADES TERRITORIALES - GESTION GENERAL,NO DEFINIDO,NO DEFINIDO,NO DEFINIDO,3668258261.0,2824298000.0,2021,Primer Trimestre,pres_gasto,,,,,,,,,,,,,,,,,,,,,,
3251261,20220601,124205000,E.S.E. Hospital San Fernando - Amagá,2.1.1.01.01.001.02,"HORAS EXTRAS, DOMINICALES, FESTIVOS Y RECARGOS",GASTOS,FUNCIONAMIENTO,GASTOS DE PERSONAL,PLANTA DE PERSONAL PERMANENTE,FACTORES CONSTITUTIVOS DE SALARIO,FACTORES SALARIALES COMUNES,"HORAS EXTRAS, DOMINICALES, FESTIVOS Y RECARGOS",No Aplica,No Aplica,No Aplica,VIGENCIA ACTUAL,ENTIDADES DIFERENTES A ENTIDADES TERRITORIALES - UNIDAD DE SALUD,NO DEFINIDO,NO DEFINIDO,MINAS Y ENERGIA,108600000.0,108600000.0,2022,Segundo Trimestre,pres_gasto,,,,,,,,,,,,,,,,,,,,,,
3252372,20230601,124205000,E.S.E. Hospital San Fernando - Amagá,2.1.1.01.03.001.01,VACACIONES,GASTOS,FUNCIONAMIENTO,GASTOS DE PERSONAL,PLANTA DE PERSONAL PERMANENTE,REMUNERACIONES NO CONSTITUTIVAS DE FACTOR SALARIAL,PRESTACIONES SOCIALES,VACACIONES,No Aplica,No Aplica,No Aplica,VIGENCIA ACTUAL,ENTIDADES TERRITORIALES - SALUD,NO DEFINIDO,NO DEFINIDO,SALUD Y PROTECCION SOCIAL,81972821.0,81972821.0,2023,Segundo Trimestre,pres_gasto,,,,,,,,,,,,,,,,,,,,,,
3253658,20210301,124205000,E.S.E. Hospital San Fernando - Amagá,2.1.1.01.02.001,APORTES A LA SEGURIDAD SOCIAL EN PENSIONES,GASTOS,FUNCIONAMIENTO,GASTOS DE PERSONAL,PLANTA DE PERSONAL PERMANENTE,CONTRIBUCIONES INHERENTES A LA NOMINA,APORTES A LA SEGURIDAD SOCIAL EN PENSIONES,No Aplica,No Aplica,No Aplica,No Aplica,VIGENCIA ACTUAL,ENTIDADES DIFERENTES A ENTIDADES TERRITORIALES - GESTION GENERAL,NO DEFINIDO,NO DEFINIDO,SALUD Y PROTECCION SOCIAL,267067620.0,267067620.0,2021,Primer Trimestre,pres_gasto,,,,,,,,,,,,,,,,,,,,,,
3254114,20230601,124205000,E.S.E. Hospital San Fernando - Amagá,2.1.1.01.02.007,APORTES AL SENA,GASTOS,FUNCIONAMIENTO,GASTOS DE PERSONAL,PLANTA DE PERSONAL PERMANENTE,CONTRIBUCIONES INHERENTES A LA NOMINA,APORTES AL SENA,No Aplica,No Aplica,No Aplica,No Aplica,VIGENCIA ACTUAL,ENTIDADES TERRITORIALES - SALUD,NO DEFINIDO,NO DEFINIDO,SALUD Y PROTECCION SOCIAL,42746954.0,42746954.0,2023,Segundo Trimestre,pres_gasto,,,,,,,,,,,,,,,,,,,,,,
3255141,20210301,124205000,E.S.E. Hospital San Fernando - Amagá,2.1.2,ADQUISICION DE BIENES Y SERVICIOS,GASTOS,FUNCIONAMIENTO,ADQUISICION DE BIENES Y SERVICIOS,No Aplica,No Aplica,No Aplica,No Aplica,No Aplica,No Aplica,No Aplica,CUENTAS POR PAGAR,ENTIDADES DIFERENTES A ENTIDADES TERRITORIALES - GESTION GENERAL,NO DEFINIDO,NO DEFINIDO,NO DEFINIDO,378000000.0,457756088.0,2021,Primer Trimestre,pres_gasto,,,,,,,,,,,,,,,,,,,,,,
3256816,20210601,124205000,E.S.E. Hospital San Fernando - Amagá,2.1.1.02.01.001.01,SUELDO BASICO,GASTOS,FUNCIONAMIENTO,GASTOS DE PERSONAL,PERSONAL SUPERNUMERARIO Y PLANTA TEMPORAL,FACTORES CONSTITUTIVOS DE SALARIO,FACTORES SALARIALES COMUNES,SUELDO BASICO,No Aplica,No Aplica,No Aplica,VIGENCIA ACTUAL,ENTIDADES DIFERENTES A ENTIDADES TERRITORIALES - GESTION GENERAL,NO DEFINIDO,NO DEFINIDO,SALUD Y PROTECCION SOCIAL,20000000.0,20000000.0,2021,Segundo Trimestre,pres_gasto,,,,,,,,,,,,,,,,,,,,,,
3256934,20211201,124205000,E.S.E. Hospital San Fernando - Amagá,2.1,FUNCIONAMIENTO,GASTOS,FUNCIONAMIENTO,No Aplica,No Aplica,No Aplica,No Aplica,No Aplica,No Aplica,No Aplica,No Aplica,VIGENCIA ACTUAL,ENTIDADES DIFERENTES A ENTIDADES TERRITORIALES - GESTION GENERAL,NO DEFINIDO,NO DEFINIDO,NO DEFINIDO,4643210295.0,4821908164.0,2021,Cuarto Trimestre,pres_gasto,,,,,,,,,,,,,,,,,,,,,,
3257275,20210901,124205000,E.S.E. Hospital San Fernando - Amagá,2.1.2,ADQUISICION DE BIENES Y SERVICIOS,GASTOS,FUNCIONAMIENTO,ADQUISICION DE BIENES Y SERVICIOS,No Aplica,No Aplica,No Aplica,No Aplica,No Aplica,No Aplica,No Aplica,CUENTAS POR PAGAR,ENTIDADES DIFERENTES A ENTIDADES TERRITORIALES - GESTION GENERAL,NO DEFINIDO,NO DEFINIDO,NO DEFINIDO,363384249.0,669613583.0,2021,Tercer Trimestre,pres_gasto,,,,,,,,,,,,,,,,,,,,,,
3269982,20210601,124205000,E.S.E. Hospital San Fernando - Amagá,2.1.1.01.02.003,APORTES DE CESANTIAS,GASTOS,FUNCIONAMIENTO,GASTOS DE PERSONAL,PLANTA DE PERSONAL PERMANENTE,CONTRIBUCIONES INHERENTES A LA NOMINA,APORTES DE CESANTIAS,No Aplica,No Aplica,No Aplica,No Aplica,VIGENCIA ACTUAL,ENTIDADES DIFERENTES A ENTIDADES TERRITORIALES - GESTION GENERAL,NO DEFINIDO,NO DEFINIDO,SALUD Y PROTECCION SOCIAL,224905947.0,34905947.0,2021,Segundo Trimestre,pres_gasto,,,,,,,,,,,,,,,,,,,,,,
3270179,20210301,124205000,E.S.E. Hospital San Fernando - Amagá,2.1.1.01.02.002,APORTES A LA SEGURIDAD SOCIAL EN SALUD,GASTOS,FUNCIONAMIENTO,GASTOS DE PERSONAL,PLANTA DE PERSONAL PERMANENTE,CONTRIBUCIONES INHERENTES A LA NOMINA,APORTES A LA SEGURIDAD SOCIAL EN SALUD,No Aplica,No Aplica,No Aplica,No Aplica,VIGENCIA ACTUAL,ENTIDADES DIFERENTES A ENTIDADES TERRITORIALES - GESTION GENERAL,NO DEFINIDO,NO DEFINIDO,SALUD Y PROTECCION SOCIAL,189172920.0,189172920.0,2021,Primer Trimestre,pres_gasto,,,,,,,,,,,,,,,,,,,,,,
3274309,20211201,124205000,E.S.E. Hospital San Fernando - Amagá,2.1.1,GASTOS DE PERSONAL,GASTOS,FUNCIONAMIENTO,GASTOS DE PERSONAL,No Aplica,No Aplica,No Aplica,No Aplica,No Aplica,No Aplica,No Aplica,VIGENCIA ACTUAL,ENTIDADES DIFERENTES A ENTIDADES TERRITORIALES - GESTION GENERAL,NO DEFINIDO,NO DEFINIDO,NO DEFINIDO,3680348635.0,2821861278.0,2021,Cuarto Trimestre,pres_gasto,,,,,,,,,,,,,,,,,,,,,,
3276701,20210301,124205000,E.S.E. Hospital San Fernando - Amagá,2.1.2,ADQUISICION DE BIENES Y SERVICIOS,GASTOS,FUNCIONAMIENTO,ADQUISICION DE BIENES Y SERVICIOS,No Aplica,No Aplica,No Aplica,No Aplica,No Aplica,No Aplica,No Aplica,VIGENCIA ACTUAL,ENTIDADES DIFERENTES A ENTIDADES TERRITORIALES - GESTION GENERAL,NO DEFINIDO,NO DEFINIDO,NO DEFINIDO,894872946.0,1119330361.0,2021,Primer Trimestre,pres_gasto,,,,,,,,,,,,,,,,,,,,,,
3283656,20210901,124205000,E.S.E. Hospital San Fernando - Amagá,2.4,GASTOS DE OPERACION COMERCIAL,GASTOS,GASTOS DE OPERACION COMERCIAL,No Aplica,No Aplica,No Aplica,No Aplica,No Aplica,No Aplica,No Aplica,No Aplica,VIGENCIA ACTUAL,ENTIDADES DIFERENTES A ENTIDADES TERRITORIALES - GESTION GENERAL,NO DEFINIDO,NO DEFINIDO,NO DEFINIDO,500000000.0,736500661.0,2021,Tercer Trimestre,pres_gasto,,,,,,,,,,,,,,,,,,,,,,
3284598,20211201,124205000,E.S.E. Hospital San Fernando - Amagá,2.1.2.02.01.003,"OTROS BIENES TRANSPORTABLES EXCEPTO PRODUCTOS METALICOS, MAQUINARIA Y EQUIPO",GASTOS,FUNCIONAMIENTO,ADQUISICION DE BIENES Y SERVICIOS,ADQUISICIONES DIFERENTES DE ACTIVOS,MATERIALES Y SUMINISTROS,"OTROS BIENES TRANSPORTABLES EXCEPTO PRODUCTOS METALICOS, MAQUINARIA Y EQUIPO",No Aplica,No Aplica,No Aplica,No Aplica,VIGENCIA ACTUAL,ENTIDADES DIFERENTES A ENTIDADES TERRITORIALES - GESTION GENERAL,NO DEFINIDO,NO DEFINIDO,SALUD Y PROTECCION SOCIAL,137000000.0,245651299.0,2021,Cuarto Trimestre,pres_gasto,,,,,,,,,,,,,,,,,,,,,,
3289794,20220601,124205000,E.S.E. Hospital San Fernando - Amagá,2.4.5.02.06,"COMERCIO Y DISTRIBUCION; ALOJAMIENTO; SERVICIOS DE SUMINISTRO DE COMIDAS Y BEBIDAS; SERVICIOS DE TRANSPORTE; Y SERVICIOS DE DISTRIBUCION DE ELECTRICIDAD, GAS Y AGUA",GASTOS,GASTOS DE OPERACION COMERCIAL,GASTOS DE COMERCIALIZACION Y PRODUCCION,ADQUISICION DE SERVICIOS,"COMERCIO Y DISTRIBUCION; ALOJAMIENTO; SERVICIOS DE SUMINISTRO DE COMIDAS Y BEBIDAS; SERVICIOS DE TRANSPORTE; Y SERVICIOS DE DISTRIBUCION DE ELECTRICIDAD, GAS Y AGUA",No Aplica,No Aplica,No Aplica,No Aplica,No Aplica,VIGENCIA ACTUAL,ENTIDADES DIFERENTES A ENTIDADES TERRITORIALES - UNIDAD DE SALUD,NO DEFINIDO,NO DEFINIDO,MINAS Y ENERGIA,45000000.0,45000000.0,2022,Segundo Trimestre,pres_gasto,,,,,,,,,,,,,,,,,,,,,,
3290655,20220301,124205000,E.S.E. Hospital San Fernando - Amagá,2.1.2.02,ADQUISICIONES DIFERENTES DE ACTIVOS,GASTOS,FUNCIONAMIENTO,ADQUISICION DE BIENES Y SERVICIOS,ADQUISICIONES DIFERENTES DE ACTIVOS,No Aplica,No Aplica,No Aplica,No Aplica,No Aplica,No Aplica,VIGENCIA ACTUAL,ENTIDADES DIFERENTES A ENTIDADES TERRITORIALES - UNIDAD DE SALUD,NO DEFINIDO,NO DEFINIDO,NO DEFINIDO,1475372785.0,1475368785.0,2022,Primer Trimestre,pres_gasto,,,,,,,,,,,,,,,,,,,,,,
3291752,20210901,124205000,E.S.E. Hospital San Fernando - Amagá,2.1.2.01.01.003,MAQUINARIA Y EQUIPO,GASTOS,FUNCIONAMIENTO,ADQUISICION DE BIENES Y SERVICIOS,ADQUISICION DE ACTIVOS NO FINANCIEROS,ACTIVOS FIJOS,MAQUINARIA Y EQUIPO,No Aplica,No Aplica,No Aplica,No Aplica,VIGENCIA ACTUAL,ENTIDADES DIFERENTES A ENTIDADES TERRITORIALES - GESTION GENERAL,NO DEFINIDO,NO DEFINIDO,NO DEFINIDO,0.0,10000000.0,2021,Tercer Trimestre,pres_gasto,,,,,,,,,,,,,,,,,,,,,,
3291789,20210601,124205000,E.S.E. Hospital San Fernando - Amagá,2.4.5,GASTOS DE COMERCIALIZACION Y PRODUCCION,GASTOS,GASTOS DE OPERACION COMERCIAL,GASTOS DE COMERCIALIZACION Y PRODUCCION,No Aplica,No Aplica,No Aplica,No Aplica,No Aplica,No Aplica,No Aplica,VIGENCIA ACTUAL,ENTIDADES DIFERENTES A ENTIDADES TERRITORIALES - GESTION GENERAL,NO DEFINIDO,NO DEFINIDO,NO DEFINIDO,500000000.0,515606000.0,2021,Segundo Trimestre,pres_gasto,,,,,,,,,,,,,,,,,,,,,,
3292165,20221201,124205000,E.S.E. Hospital San Fernando - Amagá,2.1.1,GASTOS DE PERSONAL,GASTOS,FUNCIONAMIENTO,GASTOS DE PERSONAL,No Aplica,No Aplica,No Aplica,No Aplica,No Aplica,No Aplica,No Aplica,VIGENCIA ACTUAL,ENTIDADES DIFERENTES A ENTIDADES TERRITORIALES - UNIDAD DE SALUD,NO DEFINIDO,NO DEFINIDO,NO DEFINIDO,3188831457.0,3137295013.0,2022,Cuarto Trimestre,pres_gasto,,,,,,,,,,,,,,,,,,,,,,
3295251,20221201,124205000,E.S.E. Hospital San Fernando - Amagá,2.1.1.01.01.001.02,"HORAS EXTRAS, DOMINICALES, FESTIVOS Y RECARGOS",GASTOS,FUNCIONAMIENTO,GASTOS DE PERSONAL,PLANTA DE PERSONAL PERMANENTE,FACTORES CONSTITUTIVOS DE SALARIO,FACTORES SALARIALES COMUNES,"HORAS EXTRAS, DOMINICALES, FESTIVOS Y RECARGOS",No Aplica,No Aplica,No Aplica,VIGENCIA ACTUAL,ENTIDADES DIFERENTES A ENTIDADES TERRITORIALES - UNIDAD DE SALUD,NO DEFINIDO,NO DEFINIDO,SALUD Y PROTECCION SOCIAL,108600000.0,224084761.0,2022,Cuarto Trimestre,pres_gasto,,,,,,,,,,,,,,,,,,,,,,
3301541,20211201,124205000,E.S.E. Hospital San Fernando - Amagá,2.1.7.01,CESANTIAS,GASTOS,FUNCIONAMIENTO,DISMINUCION DE PASIVOS,CESANTIAS,No Aplica,No Aplica,No Aplica,No Aplica,No Aplica,No Aplica,VIGENCIA ACTUAL,ENTIDADES DIFERENTES A ENTIDADES TERRITORIALES - GESTION GENERAL,NO DEFINIDO,NO DEFINIDO,NO DEFINIDO,26988714.0,18811074.0,2021,Cuarto Trimestre,pres_gasto,,,,,,,,,,,,,,,,,,,,,,
3311091,20220901,124205000,E.S.E. Hospital San Fernando - Amagá,2.1.1.01.02.007,APORTES AL SENA,GASTOS,FUNCIONAMIENTO,GASTOS DE PERSONAL,PLANTA DE PERSONAL PERMANENTE,CONTRIBUCIONES INHERENTES A LA NOMINA,APORTES AL SENA,No Aplica,No Aplica,No Aplica,No Aplica,VIGENCIA ACTUAL,ENTIDADES DIFERENTES A ENTIDADES TERRITORIALES - UNIDAD DE SALUD,NO DEFINIDO,NO DEFINIDO,SALUD Y PROTECCION SOCIAL,34975823.0,34975823.0,2022,Tercer Trimestre,pres_gasto,,,,,,,,,,,,,,,,,,,,,,
3312525,20210601,124205000,E.S.E. Hospital San Fernando - Amagá,2.1.1.02.01.001,FACTORES SALARIALES COMUNES,GASTOS,FUNCIONAMIENTO,GASTOS DE PERSONAL,PERSONAL SUPERNUMERARIO Y PLANTA TEMPORAL,FACTORES CONSTITUTIVOS DE SALARIO,FACTORES SALARIALES COMUNES,No Aplica,No Aplica,No Aplica,No Aplica,VIGENCIA ACTUAL,ENTIDADES DIFERENTES A ENTIDADES TERRITORIALES - GESTION GENERAL,NO DEFINIDO,NO DEFINIDO,NO DEFINIDO,20000000.0,20000000.0,2021,Segundo Trimestre,pres_gasto,,,,,,,,,,,,,,,,,,,,,,
3315296,20230601,124205000,E.S.E. Hospital San Fernando - Amagá,2.4,GASTOS DE OPERACION COMERCIAL,GASTOS,GASTOS DE OPERACION COMERCIAL,No Aplica,No Aplica,No Aplica,No Aplica,No Aplica,No Aplica,No Aplica,No Aplica,VIGENCIA ACTUAL,ENTIDADES TERRITORIALES - SALUD,NO DEFINIDO,NO DEFINIDO,NO DEFINIDO,680000000.0,709716129.0,2023,Segundo Trimestre,pres_gasto,,,,,,,,,,,,,,,,,,,,,,
3319477,20210901,124205000,E.S.E. Hospital San Fernando - Amagá,2.1.1.01.01.001.03,GASTOS DE REPRESENTACION,GASTOS,FUNCIONAMIENTO,GASTOS DE PERSONAL,PLANTA DE PERSONAL PERMANENTE,FACTORES CONSTITUTIVOS DE SALARIO,FACTORES SALARIALES COMUNES,GASTOS DE REPRESENTACION,No Aplica,No Aplica,No Aplica,VIGENCIA ACTUAL,ENTIDADES DIFERENTES A ENTIDADES TERRITORIALES - GESTION GENERAL,NO DEFINIDO,NO DEFINIDO,SALUD Y PROTECCION SOCIAL,3244502.0,4403392.0,2021,Tercer Trimestre,pres_gasto,,,,,,,,,,,,,,,,,,,,,,
3320082,20221201,124205000,E.S.E. Hospital San Fernando - Amagá,2.1.1.02.01.001.05,AUXILIO DE TRANSPORTE,GASTOS,FUNCIONAMIENTO,GASTOS DE PERSONAL,PERSONAL SUPERNUMERARIO Y PLANTA TEMPORAL,FACTORES CONSTITUTIVOS DE SALARIO,FACTORES SALARIALES COMUNES,AUXILIO DE TRANSPORTE,No Aplica,No Aplica,No Aplica,VIGENCIA ACTUAL,ENTIDADES DIFERENTES A ENTIDADES TERRITORIALES - UNIDAD DE SALUD,NO DEFINIDO,NO DEFINIDO,SALUD Y PROTECCION SOCIAL,73872000.0,67604195.0,2022,Cuarto Trimestre,pres_gasto,,,,,,,,,,,,,,,,,,,,,,
3321771,20210301,124205000,E.S.E. Hospital San Fernando - Amagá,2.1.1.01.01.001.03,GASTOS DE REPRESENTACION,GASTOS,FUNCIONAMIENTO,GASTOS DE PERSONAL,PLANTA DE PERSONAL PERMANENTE,FACTORES CONSTITUTIVOS DE SALARIO,FACTORES SALARIALES COMUNES,GASTOS DE REPRESENTACION,No Aplica,No Aplica,No Aplica,VIGENCIA ACTUAL,ENTIDADES DIFERENTES A ENTIDADES TERRITORIALES - GESTION GENERAL,NO DEFINIDO,NO DEFINIDO,SALUD Y PROTECCION SOCIAL,3244502.0,3244502.0,2021,Primer Trimestre,pres_gasto,,,,,,,,,,,,,,,,,,,,,,
3323027,20230601,124205000,E.S.E. Hospital San Fernando - Amagá,2.1.2.02.02.006,"COMERCIO Y DISTRIBUCION; ALOJAMIENTO; SERVICIOS DE SUMINISTRO DE COMIDAS Y BEBIDAS; SERVICIOS DE TRANSPORTE; Y SERVICIOS DE DISTRIBUCION DE ELECTRICIDAD, GAS Y AGUA",GASTOS,FUNCIONAMIENTO,ADQUISICION DE BIENES Y SERVICIOS,ADQUISICIONES DIFERENTES DE ACTIVOS,ADQUISICION DE SERVICIOS,"COMERCIO Y DISTRIBUCION; ALOJAMIENTO; SERVICIOS DE SUMINISTRO DE COMIDAS Y BEBIDAS; SERVICIOS DE TRANSPORTE; Y SERVICIOS DE DISTRIBUCION DE ELECTRICIDAD, GAS Y AGUA",No Aplica,No Aplica,No Aplica,No Aplica,VIGENCIA ACTUAL,ENTIDADES TERRITORIALES - SALUD,NO DEFINIDO,NO DEFINIDO,SALUD Y PROTECCION SOCIAL,0.0,5000000.0,2023,Segundo Trimestre,pres_gasto,,,,,,,,,,,,,,,,,,,,,,
3323159,20210901,124205000,E.S.E. Hospital San Fernando - Amagá,2.1.1,GASTOS DE PERSONAL,GASTOS,FUNCIONAMIENTO,GASTOS DE PERSONAL,No Aplica,No Aplica,No Aplica,No Aplica,No Aplica,No Aplica,No Aplica,VIGENCIA ACTUAL,ENTIDADES DIFERENTES A ENTIDADES TERRITORIALES - GESTION GENERAL,NO DEFINIDO,NO DEFINIDO,NO DEFINIDO,3680348635.0,2647297534.0,2021,Tercer Trimestre,pres_gasto,,,,,,,,,,,,,,,,,,,,,,
3328164,20211201,124205000,E.S.E. Hospital San Fernando - Amagá,2.1.2.01,ADQUISICION DE ACTIVOS NO FINANCIEROS,GASTOS,FUNCIONAMIENTO,ADQUISICION DE BIENES Y SERVICIOS,ADQUISICION DE ACTIVOS NO FINANCIEROS,No Aplica,No Aplica,No Aplica,No Aplica,No Aplica,No Aplica,VIGENCIA ACTUAL,ENTIDADES DIFERENTES A ENTIDADES TERRITORIALES - GESTION GENERAL,NO DEFINIDO,NO DEFINIDO,NO DEFINIDO,0.0,10000000.0,2021,Cuarto Trimestre,pres_gasto,,,,,,,,,,,,,,,,,,,,,,
3330249,20210601,124205000,E.S.E. Hospital San Fernando - Amagá,2.1.1.01.02.001,APORTES A LA SEGURIDAD SOCIAL EN PENSIONES,GASTOS,FUNCIONAMIENTO,GASTOS DE PERSONAL,PLANTA DE PERSONAL PERMANENTE,CONTRIBUCIONES INHERENTES A LA NOMINA,APORTES A LA SEGURIDAD SOCIAL EN PENSIONES,No Aplica,No Aplica,No Aplica,No Aplica,VIGENCIA ACTUAL,ENTIDADES DIFERENTES A ENTIDADES TERRITORIALES - GESTION GENERAL,NO DEFINIDO,NO DEFINIDO,SALUD Y PROTECCION SOCIAL,267067620.0,267067620.0,2021,Segundo Trimestre,pres_gasto,,,,,,,,,,,,,,,,,,,,,,
3331972,20230601,124205000,E.S.E. Hospital San Fernando - Amagá,2.1.1.01.01.001.10,VIATICOS DE LOS FUNCIONARIOS EN COMISION,GASTOS,FUNCIONAMIENTO,GASTOS DE PERSONAL,PLANTA DE PERSONAL PERMANENTE,FACTORES CONSTITUTIVOS DE SALARIO,FACTORES SALARIALES COMUNES,VIATICOS DE LOS FUNCIONARIOS EN COMISION,No Aplica,No Aplica,No Aplica,VIGENCIA ACTUAL,ENTIDADES TERRITORIALES - SALUD,NO DEFINIDO,NO DEFINIDO,SALUD Y PROTECCION SOCIAL,30000000.0,30000000.0,2023,Segundo Trimestre,pres_gasto,,,,,,,,,,,,,,,,,,,,,,
3332865,20220901,124205000,E.S.E. Hospital San Fernando - Amagá,2.1.1.01.01.001.02,"HORAS EXTRAS, DOMINICALES, FESTIVOS Y RECARGOS",GASTOS,FUNCIONAMIENTO,GASTOS DE PERSONAL,PLANTA DE PERSONAL PERMANENTE,FACTORES CONSTITUTIVOS DE SALARIO,FACTORES SALARIALES COMUNES,"HORAS EXTRAS, DOMINICALES, FESTIVOS Y RECARGOS",No Aplica,No Aplica,No Aplica,VIGENCIA ACTUAL,ENTIDADES DIFERENTES A ENTIDADES TERRITORIALES - UNIDAD DE SALUD,NO DEFINIDO,NO DEFINIDO,SALUD Y PROTECCION SOCIAL,108600000.0,168600000.0,2022,Tercer Trimestre,pres_gasto,,,,,,,,,,,,,,,,,,,,,,
3334852,20210601,124205000,E.S.E. Hospital San Fernando - Amagá,2.1.1.01.02.002,APORTES A LA SEGURIDAD SOCIAL EN SALUD,GASTOS,FUNCIONAMIENTO,GASTOS DE PERSONAL,PLANTA DE PERSONAL PERMANENTE,CONTRIBUCIONES INHERENTES A LA NOMINA,APORTES A LA SEGURIDAD SOCIAL EN SALUD,No Aplica,No Aplica,No Aplica,No Aplica,VIGENCIA ACTUAL,ENTIDADES DIFERENTES A ENTIDADES TERRITORIALES - GESTION GENERAL,NO DEFINIDO,NO DEFINIDO,SALUD Y PROTECCION SOCIAL,189172920.0,189172920.0,2021,Segundo Trimestre,pres_gasto,,,,,,,,,,,,,,,,,,,,,,
3337873,20210601,124205000,E.S.E. Hospital San Fernando - Amagá,2.4.5.02,ADQUISICION DE SERVICIOS,GASTOS,GASTOS DE OPERACION COMERCIAL,GASTOS DE COMERCIALIZACION Y PRODUCCION,ADQUISICION DE SERVICIOS,No Aplica,No Aplica,No Aplica,No Aplica,No Aplica,No Aplica,VIGENCIA ACTUAL,ENTIDADES DIFERENTES A ENTIDADES TERRITORIALES - GESTION GENERAL,NO DEFINIDO,NO DEFINIDO,NO DEFINIDO,50000000.0,50000000.0,2021,Segundo Trimestre,pres_gasto,,,,,,,,,,,,,,,,,,,,,,
3338445,20210601,124205000,E.S.E. Hospital San Fernando - Amagá,2.4.5.01.03,"OTROS BIENES TRANSPORTABLES EXCEPTO PRODUCTOS METALICOS, MAQUINARIA Y EQUIPO",GASTOS,GASTOS DE OPERACION COMERCIAL,GASTOS DE COMERCIALIZACION Y PRODUCCION,MATERIALES Y SUMINISTROS,"OTROS BIENES TRANSPORTABLES EXCEPTO PRODUCTOS METALICOS, MAQUINARIA Y EQUIPO",No Aplica,No Aplica,No Aplica,No Aplica,No Aplica,VIGENCIA ACTUAL,ENTIDADES DIFERENTES A ENTIDADES TERRITORIALES - GESTION GENERAL,NO DEFINIDO,NO DEFINIDO,SALUD Y PROTECCION SOCIAL,450000000.0,465606000.0,2021,Segundo Trimestre,pres_gasto,,,,,,,,,,,,,,,,,,,,,,
3340249,20230601,124205000,E.S.E. Hospital San Fernando - Amagá,2.1.8,"GASTOS POR TRIBUTOS, TASAS, CONTRIBUCIONES, MULTAS, SANCIONES E INTERESES DE MORA",GASTOS,FUNCIONAMIENTO,"GASTOS POR TRIBUTOS, TASAS, CONTRIBUCIONES, MULTAS, SANCIONES E INTERESES DE MORA",No Aplica,No Aplica,No Aplica,No Aplica,No Aplica,No Aplica,No Aplica,VIGENCIA ACTUAL,ENTIDADES TERRITORIALES - SALUD,NO DEFINIDO,NO DEFINIDO,NO DEFINIDO,0.0,6406998.0,2023,Segundo Trimestre,pres_gasto,,,,,,,,,,,,,,,,,,,,,,
3342856,20230301,124205000,E.S.E. Hospital San Fernando - Amagá,2.4.5.01,MATERIALES Y SUMINISTROS,GASTOS,GASTOS DE OPERACION COMERCIAL,GASTOS DE COMERCIALIZACION Y PRODUCCION,MATERIALES Y SUMINISTROS,No Aplica,No Aplica,No Aplica,No Aplica,No Aplica,No Aplica,VIGENCIA ACTUAL,ENTIDADES DIFERENTES A ENTIDADES TERRITORIALES - UNIDAD DE SALUD,NO DEFINIDO,NO DEFINIDO,NO DEFINIDO,615000000.0,615000000.0,2023,Primer Trimestre,pres_gasto,,,,,,,,,,,,,,,,,,,,,,
3342905,20210301,124205000,E.S.E. Hospital San Fernando - Amagá,2.1.2.02.01.001,"MINERALES, ELECTRICIDAD, GAS Y AGUA",GASTOS,FUNCIONAMIENTO,ADQUISICION DE BIENES Y SERVICIOS,ADQUISICIONES DIFERENTES DE ACTIVOS,MATERIALES Y SUMINISTROS,"MINERALES, ELECTRICIDAD, GAS Y AGUA",No Aplica,No Aplica,No Aplica,No Aplica,VIGENCIA ACTUAL,ENTIDADES DIFERENTES A ENTIDADES TERRITORIALES - GESTION GENERAL,NO DEFINIDO,NO DEFINIDO,SALUD Y PROTECCION SOCIAL,55000000.0,55000000.0,2021,Primer Trimestre,pres_gasto,,,,,,,,,,,,,,,,,,,,,,
3343418,20230601,124205000,E.S.E. Hospital San Fernando - Amagá,2.1.2.02.01.002,"PRODUCTOS ALIMENTICIOS, BEBIDAS Y TABACO, TEXTILES, PRENDAS DE VESTIR Y PRODUCTOS DE CUERO",GASTOS,FUNCIONAMIENTO,ADQUISICION DE BIENES Y SERVICIOS,ADQUISICIONES DIFERENTES DE ACTIVOS,MATERIALES Y SUMINISTROS,"PRODUCTOS ALIMENTICIOS, BEBIDAS Y TABACO, TEXTILES, PRENDAS DE VESTIR Y PRODUCTOS DE CUERO",No Aplica,No Aplica,No Aplica,No Aplica,VIGENCIA ACTUAL,ENTIDADES TERRITORIALES - SALUD,NO DEFINIDO,NO DEFINIDO,SALUD Y PROTECCION SOCIAL,11000000.0,11000000.0,2023,Segundo Trimestre,pres_gasto,,,,,,,,,,,,,,,,,,,,,,
3347208,20220601,124205000,E.S.E. Hospital San Fernando - Amagá,2.1.1.01.01.001.08,PRESTACIONES SOCIALES,GASTOS,FUNCIONAMIENTO,GASTOS DE PERSONAL,PLANTA DE PERSONAL PERMANENTE,FACTORES CONSTITUTIVOS DE SALARIO,FACTORES SALARIALES COMUNES,PRESTACIONES SOCIALES,No Aplica,No Aplica,No Aplica,VIGENCIA ACTUAL,ENTIDADES DIFERENTES A ENTIDADES TERRITORIALES - UNIDAD DE SALUD,NO DEFINIDO,NO DEFINIDO,NO DEFINIDO,218598892.0,218598892.0,2022,Segundo Trimestre,pres_gasto,,,,,,,,,,,,,,,,,,,,,,
3351701,20230301,124205000,E.S.E. Hospital San Fernando - Amagá,2.4,GASTOS DE OPERACION COMERCIAL,GASTOS,GASTOS DE OPERACION COMERCIAL,No Aplica,No Aplica,No Aplica,No Aplica,No Aplica,No Aplica,No Aplica,No Aplica,VIGENCIA ACTUAL,ENTIDADES DIFERENTES A ENTIDADES TERRITORIALES - UNIDAD DE SALUD,NO DEFINIDO,NO DEFINIDO,NO DEFINIDO,615000000.0,615000000.0,2023,Primer Trimestre,pres_gasto,,,,,,,,,,,,,,,,,,,,,,
3352511,20211201,124205000,E.S.E. Hospital San Fernando - Amagá,2.1.1.01.01.001.04,SUBSIDIO DE ALIMENTACION,GASTOS,FUNCIONAMIENTO,GASTOS DE PERSONAL,PLANTA DE PERSONAL PERMANENTE,FACTORES CONSTITUTIVOS DE SALARIO,FACTORES SALARIALES COMUNES,SUBSIDIO DE ALIMENTACION,No Aplica,No Aplica,No Aplica,VIGENCIA ACTUAL,ENTIDADES DIFERENTES A ENTIDADES TERRITORIALES - GESTION GENERAL,NO DEFINIDO,NO DEFINIDO,SALUD Y PROTECCION SOCIAL,1620000.0,28581056.0,2021,Cuarto Trimestre,pres_gasto,,,,,,,,,,,,,,,,,,,,,,
3359666,20221201,124205000,E.S.E. Hospital San Fernando - Amagá,2.1.1.01.01.001.06,PRIMA DE SERVICIO,GASTOS,FUNCIONAMIENTO,GASTOS DE PERSONAL,PLANTA DE PERSONAL PERMANENTE,FACTORES CONSTITUTIVOS DE SALARIO,FACTORES SALARIALES COMUNES,PRIMA DE SERVICIO,No Aplica,No Aplica,No Aplica,VIGENCIA ACTUAL,ENTIDADES DIFERENTES A ENTIDADES TERRITORIALES - UNIDAD DE SALUD,NO DEFINIDO,NO DEFINIDO,SALUD Y PROTECCION SOCIAL,72866297.0,72866297.0,2022,Cuarto Trimestre,pres_gasto,,,,,,,,,,,,,,,,,,,,,,
3364585,20221201,124205000,E.S.E. Hospital San Fernando - Amagá,2.1.1.02,PERSONAL SUPERNUMERARIO Y PLANTA TEMPORAL,GASTOS,FUNCIONAMIENTO,GASTOS DE PERSONAL,PERSONAL SUPERNUMERARIO Y PLANTA TEMPORAL,No Aplica,No Aplica,No Aplica,No Aplica,No Aplica,No Aplica,VIGENCIA ACTUAL,ENTIDADES DIFERENTES A ENTIDADES TERRITORIALES - UNIDAD DE SALUD,NO DEFINIDO,NO DEFINIDO,NO DEFINIDO,119700000.0,85782428.0,2022,Cuarto Trimestre,pres_gasto,,,,,,,,,,,,,,,,,,,,,,
3369345,20210901,124205000,E.S.E. Hospital San Fernando - Amagá,2.1.2.02.01.001,"MINERALES, ELECTRICIDAD, GAS Y AGUA",GASTOS,FUNCIONAMIENTO,ADQUISICION DE BIENES Y SERVICIOS,ADQUISICIONES DIFERENTES DE ACTIVOS,MATERIALES Y SUMINISTROS,"MINERALES, ELECTRICIDAD, GAS Y AGUA",No Aplica,No Aplica,No Aplica,No Aplica,VIGENCIA ACTUAL,ENTIDADES DIFERENTES A ENTIDADES TERRITORIALES - GESTION GENERAL,NO DEFINIDO,NO DEFINIDO,SALUD Y PROTECCION SOCIAL,55000000.0,86203773.0,2021,Tercer Trimestre,pres_gasto,,,,,,,,,,,,,,,,,,,,,,
3375035,20210301,124205000,E.S.E. Hospital San Fernando - Amagá,2.1.8.04,CONTRIBUCIONES,GASTOS,FUNCIONAMIENTO,"GASTOS POR TRIBUTOS, TASAS, CONTRIBUCIONES, MULTAS, SANCIONES E INTERESES DE MORA",CONTRIBUCIONES,No Aplica,No Aplica,No Aplica,No Aplica,No Aplica,No Aplica,VIGENCIA ACTUAL,ENTIDADES DIFERENTES A ENTIDADES TERRITORIALES - GESTION GENERAL,NO DEFINIDO,NO DEFINIDO,NO DEFINIDO,6000000.0,6000000.0,2021,Primer Trimestre,pres_gasto,,,,,,,,,,,,,,,,,,,,,,
3377311,20220301,124205000,E.S.E. Hospital San Fernando - Amagá,2.1.1.01.02.002,APORTES A LA SEGURIDAD SOCIAL EN SALUD,GASTOS,FUNCIONAMIENTO,GASTOS DE PERSONAL,PLANTA DE PERSONAL PERMANENTE,CONTRIBUCIONES INHERENTES A LA NOMINA,APORTES A LA SEGURIDAD SOCIAL EN SALUD,No Aplica,No Aplica,No Aplica,No Aplica,VIGENCIA ACTUAL,ENTIDADES DIFERENTES A ENTIDADES TERRITORIALES - UNIDAD DE SALUD,NO DEFINIDO,NO DEFINIDO,SALUD Y PROTECCION SOCIAL,148647247.0,148647247.0,2022,Primer Trimestre,pres_gasto,,,,,,,,,,,,,,,,,,,,,,
3385213,20221201,124205000,E.S.E. Hospital San Fernando - Amagá,2.1.1.02.01.001.04,SUBSIDIO DE ALIMENTACION,GASTOS,FUNCIONAMIENTO,GASTOS DE PERSONAL,PERSONAL SUPERNUMERARIO Y PLANTA TEMPORAL,FACTORES CONSTITUTIVOS DE SALARIO,FACTORES SALARIALES COMUNES,SUBSIDIO DE ALIMENTACION,No Aplica,No Aplica,No Aplica,VIGENCIA ACTUAL,ENTIDADES DIFERENTES A ENTIDADES TERRITORIALES - UNIDAD DE SALUD,NO DEFINIDO,NO DEFINIDO,SALUD Y PROTECCION SOCIAL,45828000.0,18178233.0,2022,Cuarto Trimestre,pres_gasto,,,,,,,,,,,,,,,,,,,,,,
3386227,20210601,124205000,E.S.E. Hospital San Fernando - Amagá,2.1.1.01,PLANTA DE PERSONAL PERMANENTE,GASTOS,FUNCIONAMIENTO,GASTOS DE PERSONAL,PLANTA DE PERSONAL PERMANENTE,No Aplica,No Aplica,No Aplica,No Aplica,No Aplica,No Aplica,CUENTAS POR PAGAR,ENTIDADES DIFERENTES A ENTIDADES TERRITORIALES - GESTION GENERAL,NO DEFINIDO,NO DEFINIDO,NO DEFINIDO,3000000.0,710884385.0,2021,Segundo Trimestre,pres_gasto,,,,,,,,,,,,,,,,,,,,,,
3386243,20211201,124205000,E.S.E. Hospital San Fernando - Amagá,2.1.1.01.01,FACTORES CONSTITUTIVOS DE SALARIO,GASTOS,FUNCIONAMIENTO,GASTOS DE PERSONAL,PLANTA DE PERSONAL PERMANENTE,FACTORES CONSTITUTIVOS DE SALARIO,No Aplica,No Aplica,No Aplica,No Aplica,No Aplica,CUENTAS POR PAGAR,ENTIDADES DIFERENTES A ENTIDADES TERRITORIALES - GESTION GENERAL,NO DEFINIDO,NO DEFINIDO,NO DEFINIDO,0.0,549899832.0,2021,Cuarto Trimestre,pres_gasto,,,,,,,,,,,,,,,,,,,,,,
3394161,20211201,124205000,E.S.E. Hospital San Fernando - Amagá,2.1.3.07.02.003.02,BONOS PENSIONALES A CARGO DE LA ENTIDAD DE PENSIONES,GASTOS,FUNCIONAMIENTO,TRANSFERENCIAS CORRIENTES,PRESTACIONES PARA CUBRIR RIESGOS SOCIALES,PRESTACIONES SOCIALES RELACIONADAS CON EL EMPLEO,BONOS PENSIONALES DE PENSIONES,BONOS PENSIONALES A CARGO DE LA ENTIDAD DE PENSIONES,No Aplica,No Aplica,No Aplica,VIGENCIA ACTUAL,ENTIDADES DIFERENTES A ENTIDADES TERRITORIALES - GESTION GENERAL,NO DEFINIDO,NO DEFINIDO,SALUD Y PROTECCION SOCIAL,15000000.0,4425774.0,2021,Cuarto Trimestre,pres_gasto,,,,,,,,,,,,,,,,,,,,,,
3395803,20220601,124205000,E.S.E. Hospital San Fernando - Amagá,2.1.1.01.02.007,APORTES AL SENA,GASTOS,FUNCIONAMIENTO,GASTOS DE PERSONAL,PLANTA DE PERSONAL PERMANENTE,CONTRIBUCIONES INHERENTES A LA NOMINA,APORTES AL SENA,No Aplica,No Aplica,No Aplica,No Aplica,VIGENCIA ACTUAL,ENTIDADES DIFERENTES A ENTIDADES TERRITORIALES - UNIDAD DE SALUD,NO DEFINIDO,NO DEFINIDO,MINAS Y ENERGIA,34975823.0,34975823.0,2022,Segundo Trimestre,pres_gasto,,,,,,,,,,,,,,,,,,,,,,
3401511,20230601,124205000,E.S.E. Hospital San Fernando - Amagá,2.1.1.01.01.001.02,"HORAS EXTRAS, DOMINICALES, FESTIVOS Y RECARGOS",GASTOS,FUNCIONAMIENTO,GASTOS DE PERSONAL,PLANTA DE PERSONAL PERMANENTE,FACTORES CONSTITUTIVOS DE SALARIO,FACTORES SALARIALES COMUNES,"HORAS EXTRAS, DOMINICALES, FESTIVOS Y RECARGOS",No Aplica,No Aplica,No Aplica,VIGENCIA ACTUAL,ENTIDADES TERRITORIALES - SALUD,NO DEFINIDO,NO DEFINIDO,SALUD Y PROTECCION SOCIAL,328519388.0,322398388.0,2023,Segundo Trimestre,pres_gasto,,,,,,,,,,,,,,,,,,,,,,
3409065,20211201,124205000,E.S.E. Hospital San Fernando - Amagá,2.1.2.01.01.003.02,MAQUINARIA PARA USOS ESPECIALES,GASTOS,FUNCIONAMIENTO,ADQUISICION DE BIENES Y SERVICIOS,ADQUISICION DE ACTIVOS NO FINANCIEROS,ACTIVOS FIJOS,MAQUINARIA Y EQUIPO,MAQUINARIA PARA USOS ESPECIALES,No Aplica,No Aplica,No Aplica,VIGENCIA ACTUAL,ENTIDADES DIFERENTES A ENTIDADES TERRITORIALES - GESTION GENERAL,NO DEFINIDO,NO DEFINIDO,NO DEFINIDO,0.0,10000000.0,2021,Cuarto Trimestre,pres_gasto,,,,,,,,,,,,,,,,,,,,,,
3412965,20210301,124205000,E.S.E. Hospital San Fernando - Amagá,2.1.2.02.01,MATERIALES Y SUMINISTROS,GASTOS,FUNCIONAMIENTO,ADQUISICION DE BIENES Y SERVICIOS,ADQUISICIONES DIFERENTES DE ACTIVOS,MATERIALES Y SUMINISTROS,No Aplica,No Aplica,No Aplica,No Aplica,No Aplica,VIGENCIA ACTUAL,ENTIDADES DIFERENTES A ENTIDADES TERRITORIALES - GESTION GENERAL,NO DEFINIDO,NO DEFINIDO,NO DEFINIDO,192000000.0,192000000.0,2021,Primer Trimestre,pres_gasto,,,,,,,,,,,,,,,,,,,,,,
3419070,20210301,124205000,E.S.E. Hospital San Fernando - Amagá,2.1.3.07.02.003.02,BONOS PENSIONALES A CARGO DE LA ENTIDAD DE PENSIONES,GASTOS,FUNCIONAMIENTO,TRANSFERENCIAS CORRIENTES,PRESTACIONES PARA CUBRIR RIESGOS SOCIALES,PRESTACIONES SOCIALES RELACIONADAS CON EL EMPLEO,BONOS PENSIONALES DE PENSIONES,BONOS PENSIONALES A CARGO DE LA ENTIDAD DE PENSIONES,No Aplica,No Aplica,No Aplica,CUENTAS POR PAGAR,ENTIDADES DIFERENTES A ENTIDADES TERRITORIALES - GESTION GENERAL,NO DEFINIDO,NO DEFINIDO,SALUD Y PROTECCION SOCIAL,0.0,2061965.0,2021,Primer Trimestre,pres_gasto,,,,,,,,,,,,,,,,,,,,,,
3425307,20230601,124205000,E.S.E. Hospital San Fernando - Amagá,2.1.1.01.03.001,PRESTACIONES SOCIALES,GASTOS,FUNCIONAMIENTO,GASTOS DE PERSONAL,PLANTA DE PERSONAL PERMANENTE,REMUNERACIONES NO CONSTITUTIVAS DE FACTOR SALARIAL,PRESTACIONES SOCIALES,No Aplica,No Aplica,No Aplica,No Aplica,VIGENCIA ACTUAL,ENTIDADES TERRITORIALES - SALUD,NO DEFINIDO,NO DEFINIDO,NO DEFINIDO,92902531.0,92902531.0,2023,Segundo Trimestre,pres_gasto,,,,,,,,,,,,,,,,,,,,,,
3428635,20221201,124205000,E.S.E. Hospital San Fernando - Amagá,2,GASTOS,GASTOS,No Aplica,No Aplica,No Aplica,No Aplica,No Aplica,No Aplica,No Aplica,No Aplica,No Aplica,VIGENCIA ACTUAL,ENTIDADES DIFERENTES A ENTIDADES TERRITORIALES - UNIDAD DE SALUD,NO DEFINIDO,NO DEFINIDO,NO DEFINIDO,5313200000.0,6237227083.0,2022,Cuarto Trimestre,pres_gasto,,,,,,,,,,,,,,,,,,,,,,
3429950,20220901,124205000,E.S.E. Hospital San Fernando - Amagá,2.1.2.02.02.009,"SERVICIOS PARA LA COMUNIDAD, SOCIALES Y PERSONALES",GASTOS,FUNCIONAMIENTO,ADQUISICION DE BIENES Y SERVICIOS,ADQUISICIONES DIFERENTES DE ACTIVOS,ADQUISICION DE SERVICIOS,"SERVICIOS PARA LA COMUNIDAD, SOCIALES Y PERSONALES",No Aplica,No Aplica,No Aplica,No Aplica,VIGENCIA ACTUAL,ENTIDADES DIFERENTES A ENTIDADES TERRITORIALES - UNIDAD DE SALUD,NO DEFINIDO,NO DEFINIDO,SALUD Y PROTECCION SOCIAL,748112785.0,1282416270.0,2022,Tercer Trimestre,pres_gasto,,,,,,,,,,,,,,,,,,,,,,
3438083,20210301,124205000,E.S.E. Hospital San Fernando - Amagá,2.1.1.01.01,FACTORES CONSTITUTIVOS DE SALARIO,GASTOS,FUNCIONAMIENTO,GASTOS DE PERSONAL,PLANTA DE PERSONAL PERMANENTE,FACTORES CONSTITUTIVOS DE SALARIO,No Aplica,No Aplica,No Aplica,No Aplica,No Aplica,CUENTAS POR PAGAR,ENTIDADES DIFERENTES A ENTIDADES TERRITORIALES - GESTION GENERAL,NO DEFINIDO,NO DEFINIDO,NO DEFINIDO,0.0,524788334.0,2021,Primer Trimestre,pres_gasto,,,,,,,,,,,,,,,,,,,,,,
3454826,20220901,124205000,E.S.E. Hospital San Fernando - Amagá,2.1.1.01.01.001.08.01,PRIMA DE NAVIDAD,GASTOS,FUNCIONAMIENTO,GASTOS DE PERSONAL,PLANTA DE PERSONAL PERMANENTE,FACTORES CONSTITUTIVOS DE SALARIO,FACTORES SALARIALES COMUNES,PRESTACIONES SOCIALES,PRIMA DE NAVIDAD,No Aplica,No Aplica,VIGENCIA ACTUAL,ENTIDADES DIFERENTES A ENTIDADES TERRITORIALES - UNIDAD DE SALUD,NO DEFINIDO,NO DEFINIDO,SALUD Y PROTECCION SOCIAL,145732595.0,145732595.0,2022,Tercer Trimestre,pres_gasto,,,,,,,,,,,,,,,,,,,,,,
3456639,20220601,124205000,E.S.E. Hospital San Fernando - Amagá,2.1.1.01.02,CONTRIBUCIONES INHERENTES A LA NOMINA,GASTOS,FUNCIONAMIENTO,GASTOS DE PERSONAL,PLANTA DE PERSONAL PERMANENTE,CONTRIBUCIONES INHERENTES A LA NOMINA,No Aplica,No Aplica,No Aplica,No Aplica,No Aplica,VIGENCIA ACTUAL,ENTIDADES DIFERENTES A ENTIDADES TERRITORIALES - UNIDAD DE SALUD,NO DEFINIDO,NO DEFINIDO,NO DEFINIDO,860507380.0,860507380.0,2022,Segundo Trimestre,pres_gasto,,,,,,,,,,,,,,,,,,,,,,
3456937,20210601,124205000,E.S.E. Hospital San Fernando - Amagá,2.1.1.01.02.002,APORTES A LA SEGURIDAD SOCIAL EN SALUD,GASTOS,FUNCIONAMIENTO,GASTOS DE PERSONAL,PLANTA DE PERSONAL PERMANENTE,CONTRIBUCIONES INHERENTES A LA NOMINA,APORTES A LA SEGURIDAD SOCIAL EN SALUD,No Aplica,No Aplica,No Aplica,No Aplica,CUENTAS POR PAGAR,ENTIDADES DIFERENTES A ENTIDADES TERRITORIALES - GESTION GENERAL,NO DEFINIDO,NO DEFINIDO,SALUD Y PROTECCION SOCIAL,0.0,169491894.0,2021,Segundo Trimestre,pres_gasto,,,,,,,,,,,,,,,,,,,,,,
3464818,20210301,124205000,E.S.E. Hospital San Fernando - Amagá,2.1.1.01,PLANTA DE PERSONAL PERMANENTE,GASTOS,FUNCIONAMIENTO,GASTOS DE PERSONAL,PLANTA DE PERSONAL PERMANENTE,No Aplica,No Aplica,No Aplica,No Aplica,No Aplica,No Aplica,CUENTAS POR PAGAR,ENTIDADES DIFERENTES A ENTIDADES TERRITORIALES - GESTION GENERAL,NO DEFINIDO,NO DEFINIDO,NO DEFINIDO,3000000.0,700521528.0,2021,Primer Trimestre,pres_gasto,,,,,,,,,,,,,,,,,,,,,,
3475170,20211201,124205000,E.S.E. Hospital San Fernando - Amagá,2.4,GASTOS DE OPERACION COMERCIAL,GASTOS,GASTOS DE OPERACION COMERCIAL,No Aplica,No Aplica,No Aplica,No Aplica,No Aplica,No Aplica,No Aplica,No Aplica,CUENTAS POR PAGAR,ENTIDADES DIFERENTES A ENTIDADES TERRITORIALES - GESTION GENERAL,NO DEFINIDO,NO DEFINIDO,NO DEFINIDO,91384249.0,348263400.0,2021,Cuarto Trimestre,pres_gasto,,,,,,,,,,,,,,,,,,,,,,
3475177,20210301,124205000,E.S.E. Hospital San Fernando - Amagá,2.1.1.01.01.001.07,BONIFICACION POR SERVICIOS PRESTADOS,GASTOS,FUNCIONAMIENTO,GASTOS DE PERSONAL,PLANTA DE PERSONAL PERMANENTE,FACTORES CONSTITUTIVOS DE SALARIO,FACTORES SALARIALES COMUNES,BONIFICACION POR SERVICIOS PRESTADOS,No Aplica,No Aplica,No Aplica,VIGENCIA ACTUAL,ENTIDADES DIFERENTES A ENTIDADES TERRITORIALES - GESTION GENERAL,NO DEFINIDO,NO DEFINIDO,SALUD Y PROTECCION SOCIAL,65059142.0,65059142.0,2021,Primer Trimestre,pres_gasto,,,,,,,,,,,,,,,,,,,,,,
3475239,20220901,124205000,E.S.E. Hospital San Fernando - Amagá,2,GASTOS,GASTOS,No Aplica,No Aplica,No Aplica,No Aplica,No Aplica,No Aplica,No Aplica,No Aplica,No Aplica,VIGENCIA ACTUAL,ENTIDADES DIFERENTES A ENTIDADES TERRITORIALES - UNIDAD DE SALUD,NO DEFINIDO,NO DEFINIDO,NO DEFINIDO,5260200000.0,5915504155.0,2022,Tercer Trimestre,pres_gasto,,,,,,,,,,,,,,,,,,,,,,
3482785,20211201,124205000,E.S.E. Hospital San Fernando - Amagá,2.1.2.02.01,MATERIALES Y SUMINISTROS,GASTOS,FUNCIONAMIENTO,ADQUISICION DE BIENES Y SERVICIOS,ADQUISICIONES DIFERENTES DE ACTIVOS,MATERIALES Y SUMINISTROS,No Aplica,No Aplica,No Aplica,No Aplica,No Aplica,VIGENCIA ACTUAL,ENTIDADES DIFERENTES A ENTIDADES TERRITORIALES - GESTION GENERAL,NO DEFINIDO,NO DEFINIDO,NO DEFINIDO,192000000.0,336456436.0,2021,Cuarto Trimestre,pres_gasto,,,,,,,,,,,,,,,,,,,,,,
3482960,20210601,124205000,E.S.E. Hospital San Fernando - Amagá,2.1.1.01.03.001.03,BONIFICACION ESPECIAL DE RECREACION,GASTOS,FUNCIONAMIENTO,GASTOS DE PERSONAL,PLANTA DE PERSONAL PERMANENTE,REMUNERACIONES NO CONSTITUTIVAS DE FACTOR SALARIAL,PRESTACIONES SOCIALES,BONIFICACION ESPECIAL DE RECREACION,No Aplica,No Aplica,No Aplica,VIGENCIA ACTUAL,ENTIDADES DIFERENTES A ENTIDADES TERRITORIALES - GESTION GENERAL,NO DEFINIDO,NO DEFINIDO,SALUD Y PROTECCION SOCIAL,7684092.0,7684092.0,2021,Segundo Trimestre,pres_gasto,,,,,,,,,,,,,,,,,,,,,,
3489365,20211201,124205000,E.S.E. Hospital San Fernando - Amagá,2.1.1.01.02.006,APORTES AL ICBF,GASTOS,FUNCIONAMIENTO,GASTOS DE PERSONAL,PLANTA DE PERSONAL PERMANENTE,CONTRIBUCIONES INHERENTES A LA NOMINA,APORTES AL ICBF,No Aplica,No Aplica,No Aplica,No Aplica,VIGENCIA ACTUAL,ENTIDADES DIFERENTES A ENTIDADES TERRITORIALES - GESTION GENERAL,NO DEFINIDO,NO DEFINIDO,SALUD Y PROTECCION SOCIAL,77961063.0,49756560.0,2021,Cuarto Trimestre,pres_gasto,,,,,,,,,,,,,,,,,,,,,,
3490049,20230601,124205000,E.S.E. Hospital San Fernando - Amagá,2.1.3.07,PRESTACIONES PARA CUBRIR RIESGOS SOCIALES,GASTOS,FUNCIONAMIENTO,TRANSFERENCIAS CORRIENTES,PRESTACIONES PARA CUBRIR RIESGOS SOCIALES,No Aplica,No Aplica,No Aplica,No Aplica,No Aplica,No Aplica,VIGENCIA ACTUAL,ENTIDADES TERRITORIALES - SALUD,NO DEFINIDO,NO DEFINIDO,NO DEFINIDO,15486241.0,15486241.0,2023,Segundo Trimestre,pres_gasto,,,,,,,,,,,,,,,,,,,,,,
3496828,20210301,124205000,E.S.E. Hospital San Fernando - Amagá,2.1.1.01.01.001.06,PRIMA DE SERVICIO,GASTOS,FUNCIONAMIENTO,GASTOS DE PERSONAL,PLANTA DE PERSONAL PERMANENTE,FACTORES CONSTITUTIVOS DE SALARIO,FACTORES SALARIALES COMUNES,PRIMA DE SERVICIO,No Aplica,No Aplica,No Aplica,VIGENCIA ACTUAL,ENTIDADES DIFERENTES A ENTIDADES TERRITORIALES - GESTION GENERAL,NO DEFINIDO,NO DEFINIDO,SALUD Y PROTECCION SOCIAL,89401064.0,89401064.0,2021,Primer Trimestre,pres_gasto,,,,,,,,,,,,,,,,,,,,,,
3502371,20220901,124205000,E.S.E. Hospital San Fernando - Amagá,2.1.2.02,ADQUISICIONES DIFERENTES DE ACTIVOS,GASTOS,FUNCIONAMIENTO,ADQUISICION DE BIENES Y SERVICIOS,ADQUISICIONES DIFERENTES DE ACTIVOS,No Aplica,No Aplica,No Aplica,No Aplica,No Aplica,No Aplica,VIGENCIA ACTUAL,ENTIDADES DIFERENTES A ENTIDADES TERRITORIALES - UNIDAD DE SALUD,NO DEFINIDO,NO DEFINIDO,NO DEFINIDO,1422372785.0,1993576270.0,2022,Tercer Trimestre,pres_gasto,,,,,,,,,,,,,,,,,,,,,,
3504711,20230601,124205000,E.S.E. Hospital San Fernando - Amagá,2.1.1.01.01.001.01,SUELDO BASICO,GASTOS,FUNCIONAMIENTO,GASTOS DE PERSONAL,PLANTA DE PERSONAL PERMANENTE,FACTORES CONSTITUTIVOS DE SALARIO,FACTORES SALARIALES COMUNES,SUELDO BASICO,No Aplica,No Aplica,No Aplica,VIGENCIA ACTUAL,ENTIDADES TERRITORIALES - SALUD,NO DEFINIDO,NO DEFINIDO,SALUD Y PROTECCION SOCIAL,2168147716.0,2168147716.0,2023,Segundo Trimestre,pres_gasto,,,,,,,,,,,,,,,,,,,,,,
3506457,20211201,124205000,E.S.E. Hospital San Fernando - Amagá,2.1.1.01.01.001.08.01,PRIMA DE NAVIDAD,GASTOS,FUNCIONAMIENTO,GASTOS DE PERSONAL,PLANTA DE PERSONAL PERMANENTE,FACTORES CONSTITUTIVOS DE SALARIO,FACTORES SALARIALES COMUNES,PRESTACIONES SOCIALES,PRIMA DE NAVIDAD,No Aplica,No Aplica,VIGENCIA ACTUAL,ENTIDADES DIFERENTES A ENTIDADES TERRITORIALES - GESTION GENERAL,NO DEFINIDO,NO DEFINIDO,SALUD Y PROTECCION SOCIAL,186886406.0,140862228.0,2021,Cuarto Trimestre,pres_gasto,,,,,,,,,,,,,,,,,,,,,,
3508173,20211201,124205000,E.S.E. Hospital San Fernando - Amagá,2.1.8.04.07,CONTRIBUCION DE VIGILANCIA - SUPERINTENDENCIA NACIONAL DE SALUD,GASTOS,FUNCIONAMIENTO,"GASTOS POR TRIBUTOS, TASAS, CONTRIBUCIONES, MULTAS, SANCIONES E INTERESES DE MORA",CONTRIBUCIONES,CONTRIBUCION DE VIGILANCIA - SUPERINTENDENCIA NACIONAL DE SALUD,No Aplica,No Aplica,No Aplica,No Aplica,No Aplica,VIGENCIA ACTUAL,ENTIDADES DIFERENTES A ENTIDADES TERRITORIALES - GESTION GENERAL,NO DEFINIDO,NO DEFINIDO,SALUD Y PROTECCION SOCIAL,6000000.0,5987314.0,2021,Cuarto Trimestre,pres_gasto,,,,,,,,,,,,,,,,,,,,,,
3516259,20211201,124205000,E.S.E. Hospital San Fernando - Amagá,2.1.1.01.03.001,PRESTACIONES SOCIALES,GASTOS,FUNCIONAMIENTO,GASTOS DE PERSONAL,PLANTA DE PERSONAL PERMANENTE,REMUNERACIONES NO CONSTITUTIVAS DE FACTOR SALARIAL,PRESTACIONES SOCIALES,No Aplica,No Aplica,No Aplica,No Aplica,VIGENCIA ACTUAL,ENTIDADES DIFERENTES A ENTIDADES TERRITORIALES - GESTION GENERAL,NO DEFINIDO,NO DEFINIDO,NO DEFINIDO,15368184.0,6402358.0,2021,Cuarto Trimestre,pres_gasto,,,,,,,,,,,,,,,,,,,,,,
3517686,20220601,124205000,E.S.E. Hospital San Fernando - Amagá,2.1.8.05,"MULTAS, SANCIONES E INTERESES DE MORA",GASTOS,FUNCIONAMIENTO,"GASTOS POR TRIBUTOS, TASAS, CONTRIBUCIONES, MULTAS, SANCIONES E INTERESES DE MORA","MULTAS, SANCIONES E INTERESES DE MORA",No Aplica,No Aplica,No Aplica,No Aplica,No Aplica,No Aplica,VIGENCIA ACTUAL,ENTIDADES DIFERENTES A ENTIDADES TERRITORIALES - UNIDAD DE SALUD,NO DEFINIDO,NO DEFINIDO,NO DEFINIDO,0.0,4000.0,2022,Segundo Trimestre,pres_gasto,,,,,,,,,,,,,,,,,,,,,,
3525031,20211201,124205000,E.S.E. Hospital San Fernando - Amagá,2.4.5,GASTOS DE COMERCIALIZACION Y PRODUCCION,GASTOS,GASTOS DE OPERACION COMERCIAL,GASTOS DE COMERCIALIZACION Y PRODUCCION,No Aplica,No Aplica,No Aplica,No Aplica,No Aplica,No Aplica,No Aplica,CUENTAS POR PAGAR,ENTIDADES DIFERENTES A ENTIDADES TERRITORIALES - GESTION GENERAL,NO DEFINIDO,NO DEFINIDO,NO DEFINIDO,91384249.0,348263400.0,2021,Cuarto Trimestre,pres_gasto,,,,,,,,,,,,,,,,,,,,,,
3527977,20220301,124205000,E.S.E. Hospital San Fernando - Amagá,2.4,GASTOS DE OPERACION COMERCIAL,GASTOS,GASTOS DE OPERACION COMERCIAL,No Aplica,No Aplica,No Aplica,No Aplica,No Aplica,No Aplica,No Aplica,No Aplica,VIGENCIA ACTUAL,ENTIDADES DIFERENTES A ENTIDADES TERRITORIALES - UNIDAD DE SALUD,NO DEFINIDO,NO DEFINIDO,NO DEFINIDO,635000000.0,635000000.0,2022,Primer Trimestre,pres_gasto,,,,,,,,,,,,,,,,,,,,,,
3529063,20230601,124205000,E.S.E. Hospital San Fernando - Amagá,2.1.8.04.01,CUOTA DE FISCALIZACION Y AUDITAJE,GASTOS,FUNCIONAMIENTO,"GASTOS POR TRIBUTOS, TASAS, CONTRIBUCIONES, MULTAS, SANCIONES E INTERESES DE MORA",CONTRIBUCIONES,CUOTA DE FISCALIZACION Y AUDITAJE,No Aplica,No Aplica,No Aplica,No Aplica,No Aplica,VIGENCIA ACTUAL,ENTIDADES TERRITORIALES - SALUD,NO DEFINIDO,NO DEFINIDO,SALUD Y PROTECCION SOCIAL,0.0,5285998.0,2023,Segundo Trimestre,pres_gasto,,,,,,,,,,,,,,,,,,,,,,
3530531,20210301,124205000,E.S.E. Hospital San Fernando - Amagá,2.1.3.07.02.003,BONOS PENSIONALES DE PENSIONES,GASTOS,FUNCIONAMIENTO,TRANSFERENCIAS CORRIENTES,PRESTACIONES PARA CUBRIR RIESGOS SOCIALES,PRESTACIONES SOCIALES RELACIONADAS CON EL EMPLEO,BONOS PENSIONALES DE PENSIONES,No Aplica,No Aplica,No Aplica,No Aplica,CUENTAS POR PAGAR,ENTIDADES DIFERENTES A ENTIDADES TERRITORIALES - GESTION GENERAL,NO DEFINIDO,NO DEFINIDO,NO DEFINIDO,0.0,2061965.0,2021,Primer Trimestre,pres_gasto,,,,,,,,,,,,,,,,,,,,,,
3548062,20220601,124205000,E.S.E. Hospital San Fernando - Amagá,2.1.1.01.01.001.08.01,PRIMA DE NAVIDAD,GASTOS,FUNCIONAMIENTO,GASTOS DE PERSONAL,PLANTA DE PERSONAL PERMANENTE,FACTORES CONSTITUTIVOS DE SALARIO,FACTORES SALARIALES COMUNES,PRESTACIONES SOCIALES,PRIMA DE NAVIDAD,No Aplica,No Aplica,VIGENCIA ACTUAL,ENTIDADES DIFERENTES A ENTIDADES TERRITORIALES - UNIDAD DE SALUD,NO DEFINIDO,NO DEFINIDO,MINAS Y ENERGIA,145732595.0,145732595.0,2022,Segundo Trimestre,pres_gasto,,,,,,,,,,,,,,,,,,,,,,
3553224,20220901,124205000,E.S.E. Hospital San Fernando - Amagá,2.1.1.01.02.006,APORTES AL ICBF,GASTOS,FUNCIONAMIENTO,GASTOS DE PERSONAL,PLANTA DE PERSONAL PERMANENTE,CONTRIBUCIONES INHERENTES A LA NOMINA,APORTES AL ICBF,No Aplica,No Aplica,No Aplica,No Aplica,VIGENCIA ACTUAL,ENTIDADES DIFERENTES A ENTIDADES TERRITORIALES - UNIDAD DE SALUD,NO DEFINIDO,NO DEFINIDO,SALUD Y PROTECCION SOCIAL,52463734.0,52463734.0,2022,Tercer Trimestre,pres_gasto,,,,,,,,,,,,,,,,,,,,,,
3569834,20221201,124205000,E.S.E. Hospital San Fernando - Amagá,2.1.2.02,ADQUISICIONES DIFERENTES DE ACTIVOS,GASTOS,FUNCIONAMIENTO,ADQUISICION DE BIENES Y SERVICIOS,ADQUISICIONES DIFERENTES DE ACTIVOS,No Aplica,No Aplica,No Aplica,No Aplica,No Aplica,No Aplica,VIGENCIA ACTUAL,ENTIDADES DIFERENTES A ENTIDADES TERRITORIALES - UNIDAD DE SALUD,NO DEFINIDO,NO DEFINIDO,NO DEFINIDO,1475372785.0,2164717124.0,2022,Cuarto Trimestre,pres_gasto,,,,,,,,,,,,,,,,,,,,,,
3578516,20211201,124205000,E.S.E. Hospital San Fernando - Amagá,2.4.5.02.06,"COMERCIO Y DISTRIBUCION; ALOJAMIENTO; SERVICIOS DE SUMINISTRO DE COMIDAS Y BEBIDAS; SERVICIOS DE TRANSPORTE; Y SERVICIOS DE DISTRIBUCION DE ELECTRICIDAD, GAS Y AGUA",GASTOS,GASTOS DE OPERACION COMERCIAL,GASTOS DE COMERCIALIZACION Y PRODUCCION,ADQUISICION DE SERVICIOS,"COMERCIO Y DISTRIBUCION; ALOJAMIENTO; SERVICIOS DE SUMINISTRO DE COMIDAS Y BEBIDAS; SERVICIOS DE TRANSPORTE; Y SERVICIOS DE DISTRIBUCION DE ELECTRICIDAD, GAS Y AGUA",No Aplica,No Aplica,No Aplica,No Aplica,No Aplica,CUENTAS POR PAGAR,ENTIDADES DIFERENTES A ENTIDADES TERRITORIALES - GESTION GENERAL,NO DEFINIDO,NO DEFINIDO,SALUD Y PROTECCION SOCIAL,38384249.0,198727072.0,2021,Cuarto Trimestre,pres_gasto,,,,,,,,,,,,,,,,,,,,,,
3579017,20220601,124205000,E.S.E. Hospital San Fernando - Amagá,2.1.2.02.02.005,CONSTRUCCION Y SERVICIOS DE LA CONSTRUCCION,GASTOS,FUNCIONAMIENTO,ADQUISICION DE BIENES Y SERVICIOS,ADQUISICIONES DIFERENTES DE ACTIVOS,ADQUISICION DE SERVICIOS,CONSTRUCCION Y SERVICIOS DE LA CONSTRUCCION,No Aplica,No Aplica,No Aplica,No Aplica,VIGENCIA ACTUAL,ENTIDADES DIFERENTES A ENTIDADES TERRITORIALES - UNIDAD DE SALUD,NO DEFINIDO,NO DEFINIDO,MINAS Y ENERGIA,127660000.0,127660000.0,2022,Segundo Trimestre,pres_gasto,,,,,,,,,,,,,,,,,,,,,,
3579503,20211201,124205000,E.S.E. Hospital San Fernando - Amagá,2.1.1.01,PLANTA DE PERSONAL PERMANENTE,GASTOS,FUNCIONAMIENTO,GASTOS DE PERSONAL,PLANTA DE PERSONAL PERMANENTE,No Aplica,No Aplica,No Aplica,No Aplica,No Aplica,No Aplica,VIGENCIA ACTUAL,ENTIDADES DIFERENTES A ENTIDADES TERRITORIALES - GESTION GENERAL,NO DEFINIDO,NO DEFINIDO,NO DEFINIDO,3680348635.0,2821861278.0,2021,Cuarto Trimestre,pres_gasto,,,,,,,,,,,,,,,,,,,,,,
3589070,20220601,124205000,E.S.E. Hospital San Fernando - Amagá,2.1.3.07,PRESTACIONES PARA CUBRIR RIESGOS SOCIALES,GASTOS,FUNCIONAMIENTO,TRANSFERENCIAS CORRIENTES,PRESTACIONES PARA CUBRIR RIESGOS SOCIALES,No Aplica,No Aplica,No Aplica,No Aplica,No Aplica,No Aplica,VIGENCIA ACTUAL,ENTIDADES DIFERENTES A ENTIDADES TERRITORIALES - UNIDAD DE SALUD,NO DEFINIDO,NO DEFINIDO,NO DEFINIDO,13995758.0,13995758.0,2022,Segundo Trimestre,pres_gasto,,,,,,,,,,,,,,,,,,,,,,
3589972,20211201,124205000,E.S.E. Hospital San Fernando - Amagá,2.1.1.01.01.001.01,SUELDO BASICO,GASTOS,FUNCIONAMIENTO,GASTOS DE PERSONAL,PLANTA DE PERSONAL PERMANENTE,FACTORES CONSTITUTIVOS DE SALARIO,FACTORES SALARIALES COMUNES,SUELDO BASICO,No Aplica,No Aplica,No Aplica,VIGENCIA ACTUAL,ENTIDADES DIFERENTES A ENTIDADES TERRITORIALES - GESTION GENERAL,NO DEFINIDO,NO DEFINIDO,SALUD Y PROTECCION SOCIAL,1980393496.0,1540740962.0,2021,Cuarto Trimestre,pres_gasto,,,,,,,,,,,,,,,,,,,,,,
3590875,20210301,124205000,E.S.E. Hospital San Fernando - Amagá,2.1.1.01.01.001.01,SUELDO BASICO,GASTOS,FUNCIONAMIENTO,GASTOS DE PERSONAL,PLANTA DE PERSONAL PERMANENTE,FACTORES CONSTITUTIVOS DE SALARIO,FACTORES SALARIALES COMUNES,SUELDO BASICO,No Aplica,No Aplica,No Aplica,VIGENCIA ACTUAL,ENTIDADES DIFERENTES A ENTIDADES TERRITORIALES - GESTION GENERAL,NO DEFINIDO,NO DEFINIDO,SALUD Y PROTECCION SOCIAL,1967144232.0,1447997933.0,2021,Primer Trimestre,pres_gasto,,,,,,,,,,,,,,,,,,,,,,
3599688,20220301,124205000,E.S.E. Hospital San Fernando - Amagá,2.1.1.01.02,CONTRIBUCIONES INHERENTES A LA NOMINA,GASTOS,FUNCIONAMIENTO,GASTOS DE PERSONAL,PLANTA DE PERSONAL PERMANENTE,CONTRIBUCIONES INHERENTES A LA NOMINA,No Aplica,No Aplica,No Aplica,No Aplica,No Aplica,VIGENCIA ACTUAL,ENTIDADES DIFERENTES A ENTIDADES TERRITORIALES - UNIDAD DE SALUD,NO DEFINIDO,NO DEFINIDO,NO DEFINIDO,860507380.0,860507380.0,2022,Primer Trimestre,pres_gasto,,,,,,,,,,,,,,,,,,,,,,
3601874,20221201,124205000,E.S.E. Hospital San Fernando - Amagá,2.4.5.01.03,"OTROS BIENES TRANSPORTABLES EXCEPTO PRODUCTOS METALICOS, MAQUINARIA Y EQUIPO",GASTOS,GASTOS DE OPERACION COMERCIAL,GASTOS DE COMERCIALIZACION Y PRODUCCION,MATERIALES Y SUMINISTROS,"OTROS BIENES TRANSPORTABLES EXCEPTO PRODUCTOS METALICOS, MAQUINARIA Y EQUIPO",No Aplica,No Aplica,No Aplica,No Aplica,No Aplica,VIGENCIA ACTUAL,ENTIDADES DIFERENTES A ENTIDADES TERRITORIALES - UNIDAD DE SALUD,NO DEFINIDO,NO DEFINIDO,SALUD Y PROTECCION SOCIAL,590000000.0,850647454.0,2022,Cuarto Trimestre,pres_gasto,,,,,,,,,,,,,,,,,,,,,,
3603069,20220301,124205000,E.S.E. Hospital San Fernando - Amagá,2.1.3.07.02.001,MESADAS PENSIONALES DE PENSIONES,GASTOS,FUNCIONAMIENTO,TRANSFERENCIAS CORRIENTES,PRESTACIONES PARA CUBRIR RIESGOS SOCIALES,PRESTACIONES SOCIALES RELACIONADAS CON EL EMPLEO,MESADAS PENSIONALES DE PENSIONES,No Aplica,No Aplica,No Aplica,No Aplica,VIGENCIA ACTUAL,ENTIDADES DIFERENTES A ENTIDADES TERRITORIALES - UNIDAD DE SALUD,NO DEFINIDO,NO DEFINIDO,NO DEFINIDO,13995758.0,13995758.0,2022,Primer Trimestre,pres_gasto,,,,,,,,,,,,,,,,,,,,,,
3604869,20220601,124205000,E.S.E. Hospital San Fernando - Amagá,2.1.1.01.01.001,FACTORES SALARIALES COMUNES,GASTOS,FUNCIONAMIENTO,GASTOS DE PERSONAL,PLANTA DE PERSONAL PERMANENTE,FACTORES CONSTITUTIVOS DE SALARIO,FACTORES SALARIALES COMUNES,No Aplica,No Aplica,No Aplica,No Aplica,VIGENCIA ACTUAL,ENTIDADES DIFERENTES A ENTIDADES TERRITORIALES - UNIDAD DE SALUD,NO DEFINIDO,NO DEFINIDO,NO DEFINIDO,2126042273.0,2122356684.0,2022,Segundo Trimestre,pres_gasto,,,,,,,,,,,,,,,,,,,,,,
3608433,20230301,124205000,E.S.E. Hospital San Fernando - Amagá,2.4.5,GASTOS DE COMERCIALIZACION Y PRODUCCION,GASTOS,GASTOS DE OPERACION COMERCIAL,GASTOS DE COMERCIALIZACION Y PRODUCCION,No Aplica,No Aplica,No Aplica,No Aplica,No Aplica,No Aplica,No Aplica,VIGENCIA ACTUAL,ENTIDADES DIFERENTES A ENTIDADES TERRITORIALES - UNIDAD DE SALUD,NO DEFINIDO,NO DEFINIDO,NO DEFINIDO,615000000.0,615000000.0,2023,Primer Trimestre,pres_gasto,,,,,,,,,,,,,,,,,,,,,,
3622995,20221201,124205000,E.S.E. Hospital San Fernando - Amagá,2.1.1.01.01.001.08,PRESTACIONES SOCIALES,GASTOS,FUNCIONAMIENTO,GASTOS DE PERSONAL,PLANTA DE PERSONAL PERMANENTE,FACTORES CONSTITUTIVOS DE SALARIO,FACTORES SALARIALES COMUNES,PRESTACIONES SOCIALES,No Aplica,No Aplica,No Aplica,VIGENCIA ACTUAL,ENTIDADES DIFERENTES A ENTIDADES TERRITORIALES - UNIDAD DE SALUD,NO DEFINIDO,NO DEFINIDO,NO DEFINIDO,218598892.0,226294897.0,2022,Cuarto Trimestre,pres_gasto,,,,,,,,,,,,,,,,,,,,,,
3629014,20210601,124205000,E.S.E. Hospital San Fernando - Amagá,2.1.2.02,ADQUISICIONES DIFERENTES DE ACTIVOS,GASTOS,FUNCIONAMIENTO,ADQUISICION DE BIENES Y SERVICIOS,ADQUISICIONES DIFERENTES DE ACTIVOS,No Aplica,No Aplica,No Aplica,No Aplica,No Aplica,No Aplica,VIGENCIA ACTUAL,ENTIDADES DIFERENTES A ENTIDADES TERRITORIALES - GESTION GENERAL,NO DEFINIDO,NO DEFINIDO,NO DEFINIDO,894872946.0,1543873336.0,2021,Segundo Trimestre,pres_gasto,,,,,,,,,,,,,,,,,,,,,,
3630824,20210601,124205000,E.S.E. Hospital San Fernando - Amagá,2.1.1.01.01.001.02,"HORAS EXTRAS, DOMINICALES, FESTIVOS Y RECARGOS",GASTOS,FUNCIONAMIENTO,GASTOS DE PERSONAL,PLANTA DE PERSONAL PERMANENTE,FACTORES CONSTITUTIVOS DE SALARIO,FACTORES SALARIALES COMUNES,"HORAS EXTRAS, DOMINICALES, FESTIVOS Y RECARGOS",No Aplica,No Aplica,No Aplica,VIGENCIA ACTUAL,ENTIDADES DIFERENTES A ENTIDADES TERRITORIALES - GESTION GENERAL,NO DEFINIDO,NO DEFINIDO,SALUD Y PROTECCION SOCIAL,258419280.0,258419280.0,2021,Segundo Trimestre,pres_gasto,,,,,,,,,,,,,,,,,,,,,,
3635954,20210901,124205000,E.S.E. Hospital San Fernando - Amagá,2.1.2.02.02.007,SERVICIOS FINANCIEROS Y SERVICIOS CONEXOS; SERVICIOS INMOBILIARIOS; Y SERVICIOS DE ARRENDAMIENTO Y LEASING,GASTOS,FUNCIONAMIENTO,ADQUISICION DE BIENES Y SERVICIOS,ADQUISICIONES DIFERENTES DE ACTIVOS,ADQUISICION DE SERVICIOS,SERVICIOS FINANCIEROS Y SERVICIOS CONEXOS; SERVICIOS INMOBILIARIOS; Y SERVICIOS DE ARRENDAMIENTO Y LEASING,No Aplica,No Aplica,No Aplica,No Aplica,VIGENCIA ACTUAL,ENTIDADES DIFERENTES A ENTIDADES TERRITORIALES - GESTION GENERAL,NO DEFINIDO,NO DEFINIDO,SALUD Y PROTECCION SOCIAL,185000000.0,185000000.0,2021,Tercer Trimestre,pres_gasto,,,,,,,,,,,,,,,,,,,,,,
3648135,20210301,124205000,E.S.E. Hospital San Fernando - Amagá,2.1.1.01.01.001,FACTORES SALARIALES COMUNES,GASTOS,FUNCIONAMIENTO,GASTOS DE PERSONAL,PLANTA DE PERSONAL PERMANENTE,FACTORES CONSTITUTIVOS DE SALARIO,FACTORES SALARIALES COMUNES,No Aplica,No Aplica,No Aplica,No Aplica,CUENTAS POR PAGAR,ENTIDADES DIFERENTES A ENTIDADES TERRITORIALES - GESTION GENERAL,NO DEFINIDO,NO DEFINIDO,NO DEFINIDO,0.0,524788334.0,2021,Primer Trimestre,pres_gasto,,,,,,,,,,,,,,,,,,,,,,
3650875,20210601,124205000,E.S.E. Hospital San Fernando - Amagá,2.1.2.02,ADQUISICIONES DIFERENTES DE ACTIVOS,GASTOS,FUNCIONAMIENTO,ADQUISICION DE BIENES Y SERVICIOS,ADQUISICIONES DIFERENTES DE ACTIVOS,No Aplica,No Aplica,No Aplica,No Aplica,No Aplica,No Aplica,CUENTAS POR PAGAR,ENTIDADES DIFERENTES A ENTIDADES TERRITORIALES - GESTION GENERAL,NO DEFINIDO,NO DEFINIDO,NO DEFINIDO,378000000.0,477117325.0,2021,Segundo Trimestre,pres_gasto,,,,,,,,,,,,,,,,,,,,,,
3651053,20210601,124205000,E.S.E. Hospital San Fernando - Amagá,2.1.8.04,CONTRIBUCIONES,GASTOS,FUNCIONAMIENTO,"GASTOS POR TRIBUTOS, TASAS, CONTRIBUCIONES, MULTAS, SANCIONES E INTERESES DE MORA",CONTRIBUCIONES,No Aplica,No Aplica,No Aplica,No Aplica,No Aplica,No Aplica,VIGENCIA ACTUAL,ENTIDADES DIFERENTES A ENTIDADES TERRITORIALES - GESTION GENERAL,NO DEFINIDO,NO DEFINIDO,NO DEFINIDO,6000000.0,6000000.0,2021,Segundo Trimestre,pres_gasto,,,,,,,,,,,,,,,,,,,,,,
3675008,20210601,124205000,E.S.E. Hospital San Fernando - Amagá,2.1.2.02.02.007,SERVICIOS FINANCIEROS Y SERVICIOS CONEXOS; SERVICIOS INMOBILIARIOS; Y SERVICIOS DE ARRENDAMIENTO Y LEASING,GASTOS,FUNCIONAMIENTO,ADQUISICION DE BIENES Y SERVICIOS,ADQUISICIONES DIFERENTES DE ACTIVOS,ADQUISICION DE SERVICIOS,SERVICIOS FINANCIEROS Y SERVICIOS CONEXOS; SERVICIOS INMOBILIARIOS; Y SERVICIOS DE ARRENDAMIENTO Y LEASING,No Aplica,No Aplica,No Aplica,No Aplica,CUENTAS POR PAGAR,ENTIDADES DIFERENTES A ENTIDADES TERRITORIALES - GESTION GENERAL,NO DEFINIDO,NO DEFINIDO,SALUD Y PROTECCION SOCIAL,0.0,15781623.0,2021,Segundo Trimestre,pres_gasto,,,,,,,,,,,,,,,,,,,,,,
3686122,20210901,124205000,E.S.E. Hospital San Fernando - Amagá,2.1.1.01.03.020,ESTIMULOS A LOS EMPLEADOS DEL ESTADO,GASTOS,FUNCIONAMIENTO,GASTOS DE PERSONAL,PLANTA DE PERSONAL PERMANENTE,REMUNERACIONES NO CONSTITUTIVAS DE FACTOR SALARIAL,ESTIMULOS A LOS EMPLEADOS DEL ESTADO,No Aplica,No Aplica,No Aplica,No Aplica,VIGENCIA ACTUAL,ENTIDADES DIFERENTES A ENTIDADES TERRITORIALES - GESTION GENERAL,NO DEFINIDO,NO DEFINIDO,SALUD Y PROTECCION SOCIAL,10173.0,10173.0,2021,Tercer Trimestre,pres_gasto,,,,,,,,,,,,,,,,,,,,,,
3689640,20210301,124205000,E.S.E. Hospital San Fernando - Amagá,2,GASTOS,GASTOS,No Aplica,No Aplica,No Aplica,No Aplica,No Aplica,No Aplica,No Aplica,No Aplica,No Aplica,VIGENCIA ACTUAL,ENTIDADES DIFERENTES A ENTIDADES TERRITORIALES - GESTION GENERAL,NO DEFINIDO,NO DEFINIDO,NO DEFINIDO,5144369185.0,4524866339.0,2021,Primer Trimestre,pres_gasto,,,,,,,,,,,,,,,,,,,,,,
3690282,20220601,124205000,E.S.E. Hospital San Fernando - Amagá,2.1.2.02.02.008,SERVICIOS PRESTADOS A LAS EMPRESAS Y SERVICIOS DE PRODUCCION,GASTOS,FUNCIONAMIENTO,ADQUISICION DE BIENES Y SERVICIOS,ADQUISICIONES DIFERENTES DE ACTIVOS,ADQUISICION DE SERVICIOS,SERVICIOS PRESTADOS A LAS EMPRESAS Y SERVICIOS DE PRODUCCION,No Aplica,No Aplica,No Aplica,No Aplica,VIGENCIA ACTUAL,ENTIDADES DIFERENTES A ENTIDADES TERRITORIALES - UNIDAD DE SALUD,NO DEFINIDO,NO DEFINIDO,MINAS Y ENERGIA,345000000.0,365000000.0,2022,Segundo Trimestre,pres_gasto,,,,,,,,,,,,,,,,,,,,,,
3691057,20211201,124205000,E.S.E. Hospital San Fernando - Amagá,2.1.1.01,PLANTA DE PERSONAL PERMANENTE,GASTOS,FUNCIONAMIENTO,GASTOS DE PERSONAL,PLANTA DE PERSONAL PERMANENTE,No Aplica,No Aplica,No Aplica,No Aplica,No Aplica,No Aplica,CUENTAS POR PAGAR,ENTIDADES DIFERENTES A ENTIDADES TERRITORIALES - GESTION GENERAL,NO DEFINIDO,NO DEFINIDO,NO DEFINIDO,3000000.0,558203097.0,2021,Cuarto Trimestre,pres_gasto,,,,,,,,,,,,,,,,,,,,,,
3695781,20210601,124205000,E.S.E. Hospital San Fernando - Amagá,2.1,FUNCIONAMIENTO,GASTOS,FUNCIONAMIENTO,No Aplica,No Aplica,No Aplica,No Aplica,No Aplica,No Aplica,No Aplica,No Aplica,VIGENCIA ACTUAL,ENTIDADES DIFERENTES A ENTIDADES TERRITORIALES - GESTION GENERAL,NO DEFINIDO,NO DEFINIDO,NO DEFINIDO,4643210295.0,4353773683.0,2021,Segundo Trimestre,pres_gasto,,,,,,,,,,,,,,,,,,,,,,
3702797,20210601,124205000,E.S.E. Hospital San Fernando - Amagá,2.1.1.01.03.020,ESTIMULOS A LOS EMPLEADOS DEL ESTADO,GASTOS,FUNCIONAMIENTO,GASTOS DE PERSONAL,PLANTA DE PERSONAL PERMANENTE,REMUNERACIONES NO CONSTITUTIVAS DE FACTOR SALARIAL,ESTIMULOS A LOS EMPLEADOS DEL ESTADO,No Aplica,No Aplica,No Aplica,No Aplica,VIGENCIA ACTUAL,ENTIDADES DIFERENTES A ENTIDADES TERRITORIALES - GESTION GENERAL,NO DEFINIDO,NO DEFINIDO,SALUD Y PROTECCION SOCIAL,10173.0,10173.0,2021,Segundo Trimestre,pres_gasto,,,,,,,,,,,,,,,,,,,,,,
3714737,20220601,124205000,E.S.E. Hospital San Fernando - Amagá,2.1.1.01.02.001,APORTES A LA SEGURIDAD SOCIAL EN PENSIONES,GASTOS,FUNCIONAMIENTO,GASTOS DE PERSONAL,PLANTA DE PERSONAL PERMANENTE,CONTRIBUCIONES INHERENTES A LA NOMINA,APORTES A LA SEGURIDAD SOCIAL EN PENSIONES,No Aplica,No Aplica,No Aplica,No Aplica,VIGENCIA ACTUAL,ENTIDADES DIFERENTES A ENTIDADES TERRITORIALES - UNIDAD DE SALUD,NO DEFINIDO,NO DEFINIDO,MINAS Y ENERGIA,209854937.0,209854937.0,2022,Segundo Trimestre,pres_gasto,,,,,,,,,,,,,,,,,,,,,,
3715111,20230301,124205000,E.S.E. Hospital San Fernando - Amagá,2.4.5.01.01,"MINERALES, ELECTRICIDAD, GAS Y AGUA",GASTOS,GASTOS DE OPERACION COMERCIAL,GASTOS DE COMERCIALIZACION Y PRODUCCION,MATERIALES Y SUMINISTROS,"MINERALES, ELECTRICIDAD, GAS Y AGUA",No Aplica,No Aplica,No Aplica,No Aplica,No Aplica,VIGENCIA ACTUAL,ENTIDADES DIFERENTES A ENTIDADES TERRITORIALES - UNIDAD DE SALUD,NO DEFINIDO,NO DEFINIDO,SALUD Y PROTECCION SOCIAL,615000000.0,615000000.0,2023,Primer Trimestre,pres_gasto,,,,,,,,,,,,,,,,,,,,,,
3716580,20220301,124205000,E.S.E. Hospital San Fernando - Amagá,2.1,FUNCIONAMIENTO,GASTOS,FUNCIONAMIENTO,No Aplica,No Aplica,No Aplica,No Aplica,No Aplica,No Aplica,No Aplica,No Aplica,VIGENCIA ACTUAL,ENTIDADES DIFERENTES A ENTIDADES TERRITORIALES - UNIDAD DE SALUD,NO DEFINIDO,NO DEFINIDO,NO DEFINIDO,4678200000.0,4678200000.0,2022,Primer Trimestre,pres_gasto,,,,,,,,,,,,,,,,,,,,,,
3719976,20210601,124205000,E.S.E. Hospital San Fernando - Amagá,2.4.5,GASTOS DE COMERCIALIZACION Y PRODUCCION,GASTOS,GASTOS DE OPERACION COMERCIAL,GASTOS DE COMERCIALIZACION Y PRODUCCION,No Aplica,No Aplica,No Aplica,No Aplica,No Aplica,No Aplica,No Aplica,CUENTAS POR PAGAR,ENTIDADES DIFERENTES A ENTIDADES TERRITORIALES - GESTION GENERAL,NO DEFINIDO,NO DEFINIDO,NO DEFINIDO,38384249.0,161403182.0,2021,Segundo Trimestre,pres_gasto,,,,,,,,,,,,,,,,,,,,,,
3724306,20210301,124205000,E.S.E. Hospital San Fernando - Amagá,2.4.5.01,MATERIALES Y SUMINISTROS,GASTOS,GASTOS DE OPERACION COMERCIAL,GASTOS DE COMERCIALIZACION Y PRODUCCION,MATERIALES Y SUMINISTROS,No Aplica,No Aplica,No Aplica,No Aplica,No Aplica,No Aplica,CUENTAS POR PAGAR,ENTIDADES DIFERENTES A ENTIDADES TERRITORIALES - GESTION GENERAL,NO DEFINIDO,NO DEFINIDO,NO DEFINIDO,38384249.0,113190967.0,2021,Primer Trimestre,pres_gasto,,,,,,,,,,,,,,,,,,,,,,
3728314,20220901,124205000,E.S.E. Hospital San Fernando - Amagá,2.1.2.02.02.010,VIATICOS DE LOS FUNCIONARIOS EN COMISION,GASTOS,FUNCIONAMIENTO,ADQUISICION DE BIENES Y SERVICIOS,ADQUISICIONES DIFERENTES DE ACTIVOS,ADQUISICION DE SERVICIOS,VIATICOS DE LOS FUNCIONARIOS EN COMISION,No Aplica,No Aplica,No Aplica,No Aplica,VIGENCIA ACTUAL,ENTIDADES DIFERENTES A ENTIDADES TERRITORIALES - UNIDAD DE SALUD,NO DEFINIDO,NO DEFINIDO,SALUD Y PROTECCION SOCIAL,12000000.0,28900000.0,2022,Tercer Trimestre,pres_gasto,,,,,,,,,,,,,,,,,,,,,,
3732894,20230601,124205000,E.S.E. Hospital San Fernando - Amagá,2.1.2.02,ADQUISICIONES DIFERENTES DE ACTIVOS,GASTOS,FUNCIONAMIENTO,ADQUISICION DE BIENES Y SERVICIOS,ADQUISICIONES DIFERENTES DE ACTIVOS,No Aplica,No Aplica,No Aplica,No Aplica,No Aplica,No Aplica,VIGENCIA ACTUAL,ENTIDADES TERRITORIALES - SALUD,NO DEFINIDO,NO DEFINIDO,NO DEFINIDO,1501200000.0,1800837152.0,2023,Segundo Trimestre,pres_gasto,,,,,,,,,,,,,,,,,,,,,,
3745933,20211201,124205000,E.S.E. Hospital San Fernando - Amagá,2.1.3.07.02,PRESTACIONES SOCIALES RELACIONADAS CON EL EMPLEO,GASTOS,FUNCIONAMIENTO,TRANSFERENCIAS CORRIENTES,PRESTACIONES PARA CUBRIR RIESGOS SOCIALES,PRESTACIONES SOCIALES RELACIONADAS CON EL EMPLEO,No Aplica,No Aplica,No Aplica,No Aplica,No Aplica,VIGENCIA ACTUAL,ENTIDADES DIFERENTES A ENTIDADES TERRITORIALES - GESTION GENERAL,NO DEFINIDO,NO DEFINIDO,NO DEFINIDO,15000000.0,4425774.0,2021,Cuarto Trimestre,pres_gasto,,,,,,,,,,,,,,,,,,,,,,
3753430,20210601,124205000,E.S.E. Hospital San Fernando - Amagá,2.1.1.02.01,FACTORES CONSTITUTIVOS DE SALARIO,GASTOS,FUNCIONAMIENTO,GASTOS DE PERSONAL,PERSONAL SUPERNUMERARIO Y PLANTA TEMPORAL,FACTORES CONSTITUTIVOS DE SALARIO,No Aplica,No Aplica,No Aplica,No Aplica,No Aplica,VIGENCIA ACTUAL,ENTIDADES DIFERENTES A ENTIDADES TERRITORIALES - GESTION GENERAL,NO DEFINIDO,NO DEFINIDO,NO DEFINIDO,20000000.0,20000000.0,2021,Segundo Trimestre,pres_gasto,,,,,,,,,,,,,,,,,,,,,,
3755494,20210301,124205000,E.S.E. Hospital San Fernando - Amagá,2.4.5.02.06,"COMERCIO Y DISTRIBUCION; ALOJAMIENTO; SERVICIOS DE SUMINISTRO DE COMIDAS Y BEBIDAS; SERVICIOS DE TRANSPORTE; Y SERVICIOS DE DISTRIBUCION DE ELECTRICIDAD, GAS Y AGUA",GASTOS,GASTOS DE OPERACION COMERCIAL,GASTOS DE COMERCIALIZACION Y PRODUCCION,ADQUISICION DE SERVICIOS,"COMERCIO Y DISTRIBUCION; ALOJAMIENTO; SERVICIOS DE SUMINISTRO DE COMIDAS Y BEBIDAS; SERVICIOS DE TRANSPORTE; Y SERVICIOS DE DISTRIBUCION DE ELECTRICIDAD, GAS Y AGUA",No Aplica,No Aplica,No Aplica,No Aplica,No Aplica,VIGENCIA ACTUAL,ENTIDADES DIFERENTES A ENTIDADES TERRITORIALES - GESTION GENERAL,NO DEFINIDO,NO DEFINIDO,SALUD Y PROTECCION SOCIAL,30000000.0,30000000.0,2021,Primer Trimestre,pres_gasto,,,,,,,,,,,,,,,,,,,,,,
3757769,20221201,124205000,E.S.E. Hospital San Fernando - Amagá,2.1.2.02.02.007,SERVICIOS FINANCIEROS Y SERVICIOS CONEXOS; SERVICIOS INMOBILIARIOS; Y SERVICIOS DE ARRENDAMIENTO Y LEASING,GASTOS,FUNCIONAMIENTO,ADQUISICION DE BIENES Y SERVICIOS,ADQUISICIONES DIFERENTES DE ACTIVOS,ADQUISICION DE SERVICIOS,SERVICIOS FINANCIEROS Y SERVICIOS CONEXOS; SERVICIOS INMOBILIARIOS; Y SERVICIOS DE ARRENDAMIENTO Y LEASING,No Aplica,No Aplica,No Aplica,No Aplica,VIGENCIA ACTUAL,ENTIDADES DIFERENTES A ENTIDADES TERRITORIALES - UNIDAD DE SALUD,NO DEFINIDO,NO DEFINIDO,SALUD Y PROTECCION SOCIAL,53000000.0,58937749.0,2022,Cuarto Trimestre,pres_gasto,,,,,,,,,,,,,,,,,,,,,,
3758705,20220601,124205000,E.S.E. Hospital San Fernando - Amagá,2.1.1.01.02.004,APORTES A CAJAS DE COMPENSACION FAMILIAR,GASTOS,FUNCIONAMIENTO,GASTOS DE PERSONAL,PLANTA DE PERSONAL PERMANENTE,CONTRIBUCIONES INHERENTES A LA NOMINA,APORTES A CAJAS DE COMPENSACION FAMILIAR,No Aplica,No Aplica,No Aplica,No Aplica,VIGENCIA ACTUAL,ENTIDADES DIFERENTES A ENTIDADES TERRITORIALES - UNIDAD DE SALUD,NO DEFINIDO,NO DEFINIDO,MINAS Y ENERGIA,69951646.0,69951646.0,2022,Segundo Trimestre,pres_gasto,,,,,,,,,,,,,,,,,,,,,,
3760453,20210301,124205000,E.S.E. Hospital San Fernando - Amagá,2.1.1.01.01.001.08,PRESTACIONES SOCIALES,GASTOS,FUNCIONAMIENTO,GASTOS DE PERSONAL,PLANTA DE PERSONAL PERMANENTE,FACTORES CONSTITUTIVOS DE SALARIO,FACTORES SALARIALES COMUNES,PRESTACIONES SOCIALES,No Aplica,No Aplica,No Aplica,VIGENCIA ACTUAL,ENTIDADES DIFERENTES A ENTIDADES TERRITORIALES - GESTION GENERAL,NO DEFINIDO,NO DEFINIDO,NO DEFINIDO,283737542.0,133737542.0,2021,Primer Trimestre,pres_gasto,,,,,,,,,,,,,,,,,,,,,,
3764856,20220601,124205000,E.S.E. Hospital San Fernando - Amagá,2.1.1.01.02.002,APORTES A LA SEGURIDAD SOCIAL EN SALUD,GASTOS,FUNCIONAMIENTO,GASTOS DE PERSONAL,PLANTA DE PERSONAL PERMANENTE,CONTRIBUCIONES INHERENTES A LA NOMINA,APORTES A LA SEGURIDAD SOCIAL EN SALUD,No Aplica,No Aplica,No Aplica,No Aplica,VIGENCIA ACTUAL,ENTIDADES DIFERENTES A ENTIDADES TERRITORIALES - UNIDAD DE SALUD,NO DEFINIDO,NO DEFINIDO,MINAS Y ENERGIA,148647247.0,148647247.0,2022,Segundo Trimestre,pres_gasto,,,,,,,,,,,,,,,,,,,,,,
3767406,20230601,124205000,E.S.E. Hospital San Fernando - Amagá,2.1.1,GASTOS DE PERSONAL,GASTOS,FUNCIONAMIENTO,GASTOS DE PERSONAL,No Aplica,No Aplica,No Aplica,No Aplica,No Aplica,No Aplica,No Aplica,VIGENCIA ACTUAL,ENTIDADES TERRITORIALES - SALUD,NO DEFINIDO,NO DEFINIDO,NO DEFINIDO,3888395295.0,3882274295.0,2023,Segundo Trimestre,pres_gasto,,,,,,,,,,,,,,,,,,,,,,
3768561,20210901,124205000,E.S.E. Hospital San Fernando - Amagá,2.1.1.01.03.001.03,BONIFICACION ESPECIAL DE RECREACION,GASTOS,FUNCIONAMIENTO,GASTOS DE PERSONAL,PLANTA DE PERSONAL PERMANENTE,REMUNERACIONES NO CONSTITUTIVAS DE FACTOR SALARIAL,PRESTACIONES SOCIALES,BONIFICACION ESPECIAL DE RECREACION,No Aplica,No Aplica,No Aplica,VIGENCIA ACTUAL,ENTIDADES DIFERENTES A ENTIDADES TERRITORIALES - GESTION GENERAL,NO DEFINIDO,NO DEFINIDO,SALUD Y PROTECCION SOCIAL,15368184.0,15368184.0,2021,Tercer Trimestre,pres_gasto,,,,,,,,,,,,,,,,,,,,,,
3770643,20220301,124205000,E.S.E. Hospital San Fernando - Amagá,2.1.2.02.02.009,"SERVICIOS PARA LA COMUNIDAD, SOCIALES Y PERSONALES",GASTOS,FUNCIONAMIENTO,ADQUISICION DE BIENES Y SERVICIOS,ADQUISICIONES DIFERENTES DE ACTIVOS,ADQUISICION DE SERVICIOS,"SERVICIOS PARA LA COMUNIDAD, SOCIALES Y PERSONALES",No Aplica,No Aplica,No Aplica,No Aplica,VIGENCIA ACTUAL,ENTIDADES DIFERENTES A ENTIDADES TERRITORIALES - UNIDAD DE SALUD,NO DEFINIDO,NO DEFINIDO,SALUD Y PROTECCION SOCIAL,748112785.0,748112785.0,2022,Primer Trimestre,pres_gasto,,,,,,,,,,,,,,,,,,,,,,
3771118,20220601,124205000,E.S.E. Hospital San Fernando - Amagá,2.1.1.01.01.001.07,BONIFICACION POR SERVICIOS PRESTADOS,GASTOS,FUNCIONAMIENTO,GASTOS DE PERSONAL,PLANTA DE PERSONAL PERMANENTE,FACTORES CONSTITUTIVOS DE SALARIO,FACTORES SALARIALES COMUNES,BONIFICACION POR SERVICIOS PRESTADOS,No Aplica,No Aplica,No Aplica,VIGENCIA ACTUAL,ENTIDADES DIFERENTES A ENTIDADES TERRITORIALES - UNIDAD DE SALUD,NO DEFINIDO,NO DEFINIDO,MINAS Y ENERGIA,54285944.0,54285944.0,2022,Segundo Trimestre,pres_gasto,,,,,,,,,,,,,,,,,,,,,,
3772579,20211201,124205000,E.S.E. Hospital San Fernando - Amagá,2.1.1.01.02.002,APORTES A LA SEGURIDAD SOCIAL EN SALUD,GASTOS,FUNCIONAMIENTO,GASTOS DE PERSONAL,PLANTA DE PERSONAL PERMANENTE,CONTRIBUCIONES INHERENTES A LA NOMINA,APORTES A LA SEGURIDAD SOCIAL EN SALUD,No Aplica,No Aplica,No Aplica,No Aplica,VIGENCIA ACTUAL,ENTIDADES DIFERENTES A ENTIDADES TERRITORIALES - GESTION GENERAL,NO DEFINIDO,NO DEFINIDO,SALUD Y PROTECCION SOCIAL,189172920.0,145637237.0,2021,Cuarto Trimestre,pres_gasto,,,,,,,,,,,,,,,,,,,,,,
3775251,20210601,124205000,E.S.E. Hospital San Fernando - Amagá,2.1.2.02.01.003,"OTROS BIENES TRANSPORTABLES EXCEPTO PRODUCTOS METALICOS, MAQUINARIA Y EQUIPO",GASTOS,FUNCIONAMIENTO,ADQUISICION DE BIENES Y SERVICIOS,ADQUISICIONES DIFERENTES DE ACTIVOS,MATERIALES Y SUMINISTROS,"OTROS BIENES TRANSPORTABLES EXCEPTO PRODUCTOS METALICOS, MAQUINARIA Y EQUIPO",No Aplica,No Aplica,No Aplica,No Aplica,CUENTAS POR PAGAR,ENTIDADES DIFERENTES A ENTIDADES TERRITORIALES - GESTION GENERAL,NO DEFINIDO,NO DEFINIDO,SALUD Y PROTECCION SOCIAL,0.0,42314610.0,2021,Segundo Trimestre,pres_gasto,,,,,,,,,,,,,,,,,,,,,,
3784331,20230601,124205000,E.S.E. Hospital San Fernando - Amagá,2.1.2.02.01,MATERIALES Y SUMINISTROS,GASTOS,FUNCIONAMIENTO,ADQUISICION DE BIENES Y SERVICIOS,ADQUISICIONES DIFERENTES DE ACTIVOS,MATERIALES Y SUMINISTROS,No Aplica,No Aplica,No Aplica,No Aplica,No Aplica,VIGENCIA ACTUAL,ENTIDADES TERRITORIALES - SALUD,NO DEFINIDO,NO DEFINIDO,NO DEFINIDO,195600000.0,198600000.0,2023,Segundo Trimestre,pres_gasto,,,,,,,,,,,,,,,,,,,,,,
3788394,20220601,124205000,E.S.E. Hospital San Fernando - Amagá,2.1.2.02.02.006,"COMERCIO Y DISTRIBUCION; ALOJAMIENTO; SERVICIOS DE SUMINISTRO DE COMIDAS Y BEBIDAS; SERVICIOS DE TRANSPORTE; Y SERVICIOS DE DISTRIBUCION DE ELECTRICIDAD, GAS Y AGUA",GASTOS,FUNCIONAMIENTO,ADQUISICION DE BIENES Y SERVICIOS,ADQUISICIONES DIFERENTES DE ACTIVOS,ADQUISICION DE SERVICIOS,"COMERCIO Y DISTRIBUCION; ALOJAMIENTO; SERVICIOS DE SUMINISTRO DE COMIDAS Y BEBIDAS; SERVICIOS DE TRANSPORTE; Y SERVICIOS DE DISTRIBUCION DE ELECTRICIDAD, GAS Y AGUA",No Aplica,No Aplica,No Aplica,No Aplica,VIGENCIA ACTUAL,ENTIDADES DIFERENTES A ENTIDADES TERRITORIALES - UNIDAD DE SALUD,NO DEFINIDO,NO DEFINIDO,MINAS Y ENERGIA,2000000.0,2000000.0,2022,Segundo Trimestre,pres_gasto,,,,,,,,,,,,,,,,,,,,,,
3788396,20210601,124205000,E.S.E. Hospital San Fernando - Amagá,2.1.2.02.02,ADQUISICION DE SERVICIOS,GASTOS,FUNCIONAMIENTO,ADQUISICION DE BIENES Y SERVICIOS,ADQUISICIONES DIFERENTES DE ACTIVOS,ADQUISICION DE SERVICIOS,No Aplica,No Aplica,No Aplica,No Aplica,No Aplica,CUENTAS POR PAGAR,ENTIDADES DIFERENTES A ENTIDADES TERRITORIALES - GESTION GENERAL,NO DEFINIDO,NO DEFINIDO,NO DEFINIDO,378000000.0,434802715.0,2021,Segundo Trimestre,pres_gasto,,,,,,,,,,,,,,,,,,,,,,
3788685,20210301,124205000,E.S.E. Hospital San Fernando - Amagá,2.1.1.02.01,FACTORES CONSTITUTIVOS DE SALARIO,GASTOS,FUNCIONAMIENTO,GASTOS DE PERSONAL,PERSONAL SUPERNUMERARIO Y PLANTA TEMPORAL,FACTORES CONSTITUTIVOS DE SALARIO,No Aplica,No Aplica,No Aplica,No Aplica,No Aplica,VIGENCIA ACTUAL,ENTIDADES DIFERENTES A ENTIDADES TERRITORIALES - GESTION GENERAL,NO DEFINIDO,NO DEFINIDO,NO DEFINIDO,20000000.0,20000000.0,2021,Primer Trimestre,pres_gasto,,,,,,,,,,,,,,,,,,,,,,
3789730,20211201,124205000,E.S.E. Hospital San Fernando - Amagá,2.1.7.01.02,CESANTIAS PARCIALES,GASTOS,FUNCIONAMIENTO,DISMINUCION DE PASIVOS,CESANTIAS,CESANTIAS PARCIALES,No Aplica,No Aplica,No Aplica,No Aplica,No Aplica,VIGENCIA ACTUAL,ENTIDADES DIFERENTES A ENTIDADES TERRITORIALES - GESTION GENERAL,NO DEFINIDO,NO DEFINIDO,SALUD Y PROTECCION SOCIAL,26988714.0,18811074.0,2021,Cuarto Trimestre,pres_gasto,,,,,,,,,,,,,,,,,,,,,,
3789842,20210301,124205000,E.S.E. Hospital San Fernando - Amagá,2.1.1.01.02,CONTRIBUCIONES INHERENTES A LA NOMINA,GASTOS,FUNCIONAMIENTO,GASTOS DE PERSONAL,PLANTA DE PERSONAL PERMANENTE,CONTRIBUCIONES INHERENTES A LA NOMINA,No Aplica,No Aplica,No Aplica,No Aplica,No Aplica,CUENTAS POR PAGAR,ENTIDADES DIFERENTES A ENTIDADES TERRITORIALES - GESTION GENERAL,NO DEFINIDO,NO DEFINIDO,NO DEFINIDO,3000000.0,175733194.0,2021,Primer Trimestre,pres_gasto,,,,,,,,,,,,,,,,,,,,,,
3802459,20230601,124205000,E.S.E. Hospital San Fernando - Amagá,2.1.1.01.02.006,APORTES AL ICBF,GASTOS,FUNCIONAMIENTO,GASTOS DE PERSONAL,PLANTA DE PERSONAL PERMANENTE,CONTRIBUCIONES INHERENTES A LA NOMINA,APORTES AL ICBF,No Aplica,No Aplica,No Aplica,No Aplica,VIGENCIA ACTUAL,ENTIDADES TERRITORIALES - SALUD,NO DEFINIDO,NO DEFINIDO,SALUD Y PROTECCION SOCIAL,64020431.0,64020431.0,2023,Segundo Trimestre,pres_gasto,,,,,,,,,,,,,,,,,,,,,,
3805982,20211201,124205000,E.S.E. Hospital San Fernando - Amagá,2.4,GASTOS DE OPERACION COMERCIAL,GASTOS,GASTOS DE OPERACION COMERCIAL,No Aplica,No Aplica,No Aplica,No Aplica,No Aplica,No Aplica,No Aplica,No Aplica,VIGENCIA ACTUAL,ENTIDADES DIFERENTES A ENTIDADES TERRITORIALES - GESTION GENERAL,NO DEFINIDO,NO DEFINIDO,NO DEFINIDO,500000000.0,815117111.0,2021,Cuarto Trimestre,pres_gasto,,,,,,,,,,,,,,,,,,,,,,
3809006,20210901,124205000,E.S.E. Hospital San Fernando - Amagá,2.1,FUNCIONAMIENTO,GASTOS,FUNCIONAMIENTO,No Aplica,No Aplica,No Aplica,No Aplica,No Aplica,No Aplica,No Aplica,No Aplica,CUENTAS POR PAGAR,ENTIDADES DIFERENTES A ENTIDADES TERRITORIALES - GESTION GENERAL,NO DEFINIDO,NO DEFINIDO,NO DEFINIDO,366384249.0,1218129553.0,2021,Tercer Trimestre,pres_gasto,,,,,,,,,,,,,,,,,,,,,,
3812143,20210601,124205000,E.S.E. Hospital San Fernando - Amagá,2.1.1.01.02.006,APORTES AL ICBF,GASTOS,FUNCIONAMIENTO,GASTOS DE PERSONAL,PLANTA DE PERSONAL PERMANENTE,CONTRIBUCIONES INHERENTES A LA NOMINA,APORTES AL ICBF,No Aplica,No Aplica,No Aplica,No Aplica,VIGENCIA ACTUAL,ENTIDADES DIFERENTES A ENTIDADES TERRITORIALES - GESTION GENERAL,NO DEFINIDO,NO DEFINIDO,SALUD Y PROTECCION SOCIAL,77961063.0,77961063.0,2021,Segundo Trimestre,pres_gasto,,,,,,,,,,,,,,,,,,,,,,
3823853,20210301,124205000,E.S.E. Hospital San Fernando - Amagá,2.1.1.01.03.001.02,INDEMNIZACION POR VACACIONES,GASTOS,FUNCIONAMIENTO,GASTOS DE PERSONAL,PLANTA DE PERSONAL PERMANENTE,REMUNERACIONES NO CONSTITUTIVAS DE FACTOR SALARIAL,PRESTACIONES SOCIALES,INDEMNIZACION POR VACACIONES,No Aplica,No Aplica,No Aplica,VIGENCIA ACTUAL,ENTIDADES DIFERENTES A ENTIDADES TERRITORIALES - GESTION GENERAL,NO DEFINIDO,NO DEFINIDO,SALUD Y PROTECCION SOCIAL,1158890.0,1344928.0,2021,Primer Trimestre,pres_gasto,,,,,,,,,,,,,,,,,,,,,,
3824407,20220901,124205000,E.S.E. Hospital San Fernando - Amagá,2.1.1.01.01.001.07,BONIFICACION POR SERVICIOS PRESTADOS,GASTOS,FUNCIONAMIENTO,GASTOS DE PERSONAL,PLANTA DE PERSONAL PERMANENTE,FACTORES CONSTITUTIVOS DE SALARIO,FACTORES SALARIALES COMUNES,BONIFICACION POR SERVICIOS PRESTADOS,No Aplica,No Aplica,No Aplica,VIGENCIA ACTUAL,ENTIDADES DIFERENTES A ENTIDADES TERRITORIALES - UNIDAD DE SALUD,NO DEFINIDO,NO DEFINIDO,SALUD Y PROTECCION SOCIAL,54285944.0,54285944.0,2022,Tercer Trimestre,pres_gasto,,,,,,,,,,,,,,,,,,,,,,
3825389,20210601,124205000,E.S.E. Hospital San Fernando - Amagá,2.1.2.02.01.003,"OTROS BIENES TRANSPORTABLES EXCEPTO PRODUCTOS METALICOS, MAQUINARIA Y EQUIPO",GASTOS,FUNCIONAMIENTO,ADQUISICION DE BIENES Y SERVICIOS,ADQUISICIONES DIFERENTES DE ACTIVOS,MATERIALES Y SUMINISTROS,"OTROS BIENES TRANSPORTABLES EXCEPTO PRODUCTOS METALICOS, MAQUINARIA Y EQUIPO",No Aplica,No Aplica,No Aplica,No Aplica,VIGENCIA ACTUAL,ENTIDADES DIFERENTES A ENTIDADES TERRITORIALES - GESTION GENERAL,NO DEFINIDO,NO DEFINIDO,SALUD Y PROTECCION SOCIAL,137000000.0,142000000.0,2021,Segundo Trimestre,pres_gasto,,,,,,,,,,,,,,,,,,,,,,
3825706,20220301,124205000,E.S.E. Hospital San Fernando - Amagá,2.1.1,GASTOS DE PERSONAL,GASTOS,FUNCIONAMIENTO,GASTOS DE PERSONAL,No Aplica,No Aplica,No Aplica,No Aplica,No Aplica,No Aplica,No Aplica,VIGENCIA ACTUAL,ENTIDADES DIFERENTES A ENTIDADES TERRITORIALES - UNIDAD DE SALUD,NO DEFINIDO,NO DEFINIDO,NO DEFINIDO,3188831457.0,3188831457.0,2022,Primer Trimestre,pres_gasto,,,,,,,,,,,,,,,,,,,,,,
3832238,20210301,124205000,E.S.E. Hospital San Fernando - Amagá,2.1.1.01.02.006,APORTES AL ICBF,GASTOS,FUNCIONAMIENTO,GASTOS DE PERSONAL,PLANTA DE PERSONAL PERMANENTE,CONTRIBUCIONES INHERENTES A LA NOMINA,APORTES AL ICBF,No Aplica,No Aplica,No Aplica,No Aplica,CUENTAS POR PAGAR,ENTIDADES DIFERENTES A ENTIDADES TERRITORIALES - GESTION GENERAL,NO DEFINIDO,NO DEFINIDO,SALUD Y PROTECCION SOCIAL,3000000.0,6241300.0,2021,Primer Trimestre,pres_gasto,,,,,,,,,,,,,,,,,,,,,,
3838372,20220301,124205000,E.S.E. Hospital San Fernando - Amagá,2.1.1.01.01.001.05,AUXILIO DE TRANSPORTE,GASTOS,FUNCIONAMIENTO,GASTOS DE PERSONAL,PLANTA DE PERSONAL PERMANENTE,FACTORES CONSTITUTIVOS DE SALARIO,FACTORES SALARIALES COMUNES,AUXILIO DE TRANSPORTE,No Aplica,No Aplica,No Aplica,VIGENCIA ACTUAL,ENTIDADES DIFERENTES A ENTIDADES TERRITORIALES - UNIDAD DE SALUD,NO DEFINIDO,NO DEFINIDO,SALUD Y PROTECCION SOCIAL,19440000.0,19440000.0,2022,Primer Trimestre,pres_gasto,,,,,,,,,,,,,,,,,,,,,,
3840438,20220601,124205000,E.S.E. Hospital San Fernando - Amagá,2.1.1.01.03.001.03,BONIFICACION ESPECIAL DE RECREACION,GASTOS,FUNCIONAMIENTO,GASTOS DE PERSONAL,PLANTA DE PERSONAL PERMANENTE,REMUNERACIONES NO CONSTITUTIVAS DE FACTOR SALARIAL,PRESTACIONES SOCIALES,BONIFICACION ESPECIAL DE RECREACION,No Aplica,No Aplica,No Aplica,VIGENCIA ACTUAL,ENTIDADES DIFERENTES A ENTIDADES TERRITORIALES - UNIDAD DE SALUD,NO DEFINIDO,NO DEFINIDO,MINAS Y ENERGIA,9715506.0,9715506.0,2022,Segundo Trimestre,pres_gasto,,,,,,,,,,,,,,,,,,,,,,
3845353,20220301,124205000,E.S.E. Hospital San Fernando - Amagá,2.1.1.01.02.006,APORTES AL ICBF,GASTOS,FUNCIONAMIENTO,GASTOS DE PERSONAL,PLANTA DE PERSONAL PERMANENTE,CONTRIBUCIONES INHERENTES A LA NOMINA,APORTES AL ICBF,No Aplica,No Aplica,No Aplica,No Aplica,VIGENCIA ACTUAL,ENTIDADES DIFERENTES A ENTIDADES TERRITORIALES - UNIDAD DE SALUD,NO DEFINIDO,NO DEFINIDO,SALUD Y PROTECCION SOCIAL,52463734.0,52463734.0,2022,Primer Trimestre,pres_gasto,,,,,,,,,,,,,,,,,,,,,,
3852026,20210601,124205000,E.S.E. Hospital San Fernando - Amagá,2.1.2.02.02.006,"COMERCIO Y DISTRIBUCION; ALOJAMIENTO; SERVICIOS DE SUMINISTRO DE COMIDAS Y BEBIDAS; SERVICIOS DE TRANSPORTE; Y SERVICIOS DE DISTRIBUCION DE ELECTRICIDAD, GAS Y AGUA",GASTOS,FUNCIONAMIENTO,ADQUISICION DE BIENES Y SERVICIOS,ADQUISICIONES DIFERENTES DE ACTIVOS,ADQUISICION DE SERVICIOS,"COMERCIO Y DISTRIBUCION; ALOJAMIENTO; SERVICIOS DE SUMINISTRO DE COMIDAS Y BEBIDAS; SERVICIOS DE TRANSPORTE; Y SERVICIOS DE DISTRIBUCION DE ELECTRICIDAD, GAS Y AGUA",No Aplica,No Aplica,No Aplica,No Aplica,VIGENCIA ACTUAL,ENTIDADES DIFERENTES A ENTIDADES TERRITORIALES - GESTION GENERAL,NO DEFINIDO,NO DEFINIDO,SALUD Y PROTECCION SOCIAL,2000000.0,5000000.0,2021,Segundo Trimestre,pres_gasto,,,,,,,,,,,,,,,,,,,,,,
3856613,20220301,124205000,E.S.E. Hospital San Fernando - Amagá,2.1.1.01.03.001.01,VACACIONES,GASTOS,FUNCIONAMIENTO,GASTOS DE PERSONAL,PLANTA DE PERSONAL PERMANENTE,REMUNERACIONES NO CONSTITUTIVAS DE FACTOR SALARIAL,PRESTACIONES SOCIALES,VACACIONES,No Aplica,No Aplica,No Aplica,VIGENCIA ACTUAL,ENTIDADES DIFERENTES A ENTIDADES TERRITORIALES - UNIDAD DE SALUD,NO DEFINIDO,NO DEFINIDO,SALUD Y PROTECCION SOCIAL,72866298.0,72866298.0,2022,Primer Trimestre,pres_gasto,,,,,,,,,,,,,,,,,,,,,,
3859532,20210301,124205000,E.S.E. Hospital San Fernando - Amagá,2.1.2.02.02,ADQUISICION DE SERVICIOS,GASTOS,FUNCIONAMIENTO,ADQUISICION DE BIENES Y SERVICIOS,ADQUISICIONES DIFERENTES DE ACTIVOS,ADQUISICION DE SERVICIOS,No Aplica,No Aplica,No Aplica,No Aplica,No Aplica,VIGENCIA ACTUAL,ENTIDADES DIFERENTES A ENTIDADES TERRITORIALES - GESTION GENERAL,NO DEFINIDO,NO DEFINIDO,NO DEFINIDO,702872946.0,927330361.0,2021,Primer Trimestre,pres_gasto,,,,,,,,,,,,,,,,,,,,,,
3860634,20230601,124205000,E.S.E. Hospital San Fernando - Amagá,2.1.2.02.02.010,VIATICOS DE LOS FUNCIONARIOS EN COMISION,GASTOS,FUNCIONAMIENTO,ADQUISICION DE BIENES Y SERVICIOS,ADQUISICIONES DIFERENTES DE ACTIVOS,ADQUISICION DE SERVICIOS,VIATICOS DE LOS FUNCIONARIOS EN COMISION,No Aplica,No Aplica,No Aplica,No Aplica,VIGENCIA ACTUAL,ENTIDADES TERRITORIALES - SALUD,NO DEFINIDO,NO DEFINIDO,SALUD Y PROTECCION SOCIAL,15000000.0,25000000.0,2023,Segundo Trimestre,pres_gasto,,,,,,,,,,,,,,,,,,,,,,
3862842,20221201,124205000,E.S.E. Hospital San Fernando - Amagá,2.1.3.07,PRESTACIONES PARA CUBRIR RIESGOS SOCIALES,GASTOS,FUNCIONAMIENTO,TRANSFERENCIAS CORRIENTES,PRESTACIONES PARA CUBRIR RIESGOS SOCIALES,No Aplica,No Aplica,No Aplica,No Aplica,No Aplica,No Aplica,VIGENCIA ACTUAL,ENTIDADES DIFERENTES A ENTIDADES TERRITORIALES - UNIDAD DE SALUD,NO DEFINIDO,NO DEFINIDO,NO DEFINIDO,13995758.0,14078400.0,2022,Cuarto Trimestre,pres_gasto,,,,,,,,,,,,,,,,,,,,,,
3871479,20211201,124205000,E.S.E. Hospital San Fernando - Amagá,2.1.1.01.02,CONTRIBUCIONES INHERENTES A LA NOMINA,GASTOS,FUNCIONAMIENTO,GASTOS DE PERSONAL,PLANTA DE PERSONAL PERMANENTE,CONTRIBUCIONES INHERENTES A LA NOMINA,No Aplica,No Aplica,No Aplica,No Aplica,No Aplica,VIGENCIA ACTUAL,ENTIDADES DIFERENTES A ENTIDADES TERRITORIALES - GESTION GENERAL,NO DEFINIDO,NO DEFINIDO,NO DEFINIDO,969244404.0,705060383.0,2021,Cuarto Trimestre,pres_gasto,,,,,,,,,,,,,,,,,,,,,,
3871572,20221201,124205000,E.S.E. Hospital San Fernando - Amagá,2.1,FUNCIONAMIENTO,GASTOS,FUNCIONAMIENTO,No Aplica,No Aplica,No Aplica,No Aplica,No Aplica,No Aplica,No Aplica,No Aplica,VIGENCIA ACTUAL,ENTIDADES DIFERENTES A ENTIDADES TERRITORIALES - UNIDAD DE SALUD,NO DEFINIDO,NO DEFINIDO,NO DEFINIDO,4678200000.0,5316094537.0,2022,Cuarto Trimestre,pres_gasto,,,,,,,,,,,,,,,,,,,,,,
3871609,20211201,124205000,E.S.E. Hospital San Fernando - Amagá,2.1.2,ADQUISICION DE BIENES Y SERVICIOS,GASTOS,FUNCIONAMIENTO,ADQUISICION DE BIENES Y SERVICIOS,No Aplica,No Aplica,No Aplica,No Aplica,No Aplica,No Aplica,No Aplica,VIGENCIA ACTUAL,ENTIDADES DIFERENTES A ENTIDADES TERRITORIALES - GESTION GENERAL,NO DEFINIDO,NO DEFINIDO,NO DEFINIDO,914872946.0,1970822724.0,2021,Cuarto Trimestre,pres_gasto,,,,,,,,,,,,,,,,,,,,,,
3877506,20221201,124205000,E.S.E. Hospital San Fernando - Amagá,2.1.2.02.02.005,CONSTRUCCION Y SERVICIOS DE LA CONSTRUCCION,GASTOS,FUNCIONAMIENTO,ADQUISICION DE BIENES Y SERVICIOS,ADQUISICIONES DIFERENTES DE ACTIVOS,ADQUISICION DE SERVICIOS,CONSTRUCCION Y SERVICIOS DE LA CONSTRUCCION,No Aplica,No Aplica,No Aplica,No Aplica,VIGENCIA ACTUAL,ENTIDADES DIFERENTES A ENTIDADES TERRITORIALES - UNIDAD DE SALUD,NO DEFINIDO,NO DEFINIDO,SALUD Y PROTECCION SOCIAL,127660000.0,127660000.0,2022,Cuarto Trimestre,pres_gasto,,,,,,,,,,,,,,,,,,,,,,
3879181,20220901,124205000,E.S.E. Hospital San Fernando - Amagá,2.1.2.02.02.008,SERVICIOS PRESTADOS A LAS EMPRESAS Y SERVICIOS DE PRODUCCION,GASTOS,FUNCIONAMIENTO,ADQUISICION DE BIENES Y SERVICIOS,ADQUISICIONES DIFERENTES DE ACTIVOS,ADQUISICION DE SERVICIOS,SERVICIOS PRESTADOS A LAS EMPRESAS Y SERVICIOS DE PRODUCCION,No Aplica,No Aplica,No Aplica,No Aplica,VIGENCIA ACTUAL,ENTIDADES DIFERENTES A ENTIDADES TERRITORIALES - UNIDAD DE SALUD,NO DEFINIDO,NO DEFINIDO,SALUD Y PROTECCION SOCIAL,345000000.0,365000000.0,2022,Tercer Trimestre,pres_gasto,,,,,,,,,,,,,,,,,,,,,,
3881196,20210601,124205000,E.S.E. Hospital San Fernando - Amagá,2.1.1.01.01.001,FACTORES SALARIALES COMUNES,GASTOS,FUNCIONAMIENTO,GASTOS DE PERSONAL,PLANTA DE PERSONAL PERMANENTE,FACTORES CONSTITUTIVOS DE SALARIO,FACTORES SALARIALES COMUNES,No Aplica,No Aplica,No Aplica,No Aplica,CUENTAS POR PAGAR,ENTIDADES DIFERENTES A ENTIDADES TERRITORIALES - GESTION GENERAL,NO DEFINIDO,NO DEFINIDO,NO DEFINIDO,0.0,535151191.0,2021,Segundo Trimestre,pres_gasto,,,,,,,,,,,,,,,,,,,,,,
3881356,20211201,124205000,E.S.E. Hospital San Fernando - Amagá,2.1.2.02.02.010,VIATICOS DE LOS FUNCIONARIOS EN COMISION,GASTOS,FUNCIONAMIENTO,ADQUISICION DE BIENES Y SERVICIOS,ADQUISICIONES DIFERENTES DE ACTIVOS,ADQUISICION DE SERVICIOS,VIATICOS DE LOS FUNCIONARIOS EN COMISION,No Aplica,No Aplica,No Aplica,No Aplica,VIGENCIA ACTUAL,ENTIDADES DIFERENTES A ENTIDADES TERRITORIALES - GESTION GENERAL,NO DEFINIDO,NO DEFINIDO,SALUD Y PROTECCION SOCIAL,13000000.0,23742088.0,2021,Cuarto Trimestre,pres_gasto,,,,,,,,,,,,,,,,,,,,,,
3885399,20220301,124205000,E.S.E. Hospital San Fernando - Amagá,2.1.3,TRANSFERENCIAS CORRIENTES,GASTOS,FUNCIONAMIENTO,TRANSFERENCIAS CORRIENTES,No Aplica,No Aplica,No Aplica,No Aplica,No Aplica,No Aplica,No Aplica,VIGENCIA ACTUAL,ENTIDADES DIFERENTES A ENTIDADES TERRITORIALES - UNIDAD DE SALUD,NO DEFINIDO,NO DEFINIDO,NO DEFINIDO,13995758.0,13995758.0,2022,Primer Trimestre,pres_gasto,,,,,,,,,,,,,,,,,,,,,,
3891834,20220301,124205000,E.S.E. Hospital San Fernando - Amagá,2.1.1.01.03,REMUNERACIONES NO CONSTITUTIVAS DE FACTOR SALARIAL,GASTOS,FUNCIONAMIENTO,GASTOS DE PERSONAL,PLANTA DE PERSONAL PERMANENTE,REMUNERACIONES NO CONSTITUTIVAS DE FACTOR SALARIAL,No Aplica,No Aplica,No Aplica,No Aplica,No Aplica,VIGENCIA ACTUAL,ENTIDADES DIFERENTES A ENTIDADES TERRITORIALES - UNIDAD DE SALUD,NO DEFINIDO,NO DEFINIDO,NO DEFINIDO,82581804.0,82581804.0,2022,Primer Trimestre,pres_gasto,,,,,,,,,,,,,,,,,,,,,,
3895538,20210301,124205000,E.S.E. Hospital San Fernando - Amagá,2.1.3,TRANSFERENCIAS CORRIENTES,GASTOS,FUNCIONAMIENTO,TRANSFERENCIAS CORRIENTES,No Aplica,No Aplica,No Aplica,No Aplica,No Aplica,No Aplica,No Aplica,VIGENCIA ACTUAL,ENTIDADES DIFERENTES A ENTIDADES TERRITORIALES - GESTION GENERAL,NO DEFINIDO,NO DEFINIDO,NO DEFINIDO,28249264.0,28249264.0,2021,Primer Trimestre,pres_gasto,,,,,,,,,,,,,,,,,,,,,,
3896495,20211201,124205000,E.S.E. Hospital San Fernando - Amagá,2.4.5.02,ADQUISICION DE SERVICIOS,GASTOS,GASTOS DE OPERACION COMERCIAL,GASTOS DE COMERCIALIZACION Y PRODUCCION,ADQUISICION DE SERVICIOS,No Aplica,No Aplica,No Aplica,No Aplica,No Aplica,No Aplica,CUENTAS POR PAGAR,ENTIDADES DIFERENTES A ENTIDADES TERRITORIALES - GESTION GENERAL,NO DEFINIDO,NO DEFINIDO,NO DEFINIDO,91384249.0,333516598.0,2021,Cuarto Trimestre,pres_gasto,,,,,,,,,,,,,,,,,,,,,,
3897395,20220601,124205000,E.S.E. Hospital San Fernando - Amagá,2.1.2.02.02.010,VIATICOS DE LOS FUNCIONARIOS EN COMISION,GASTOS,FUNCIONAMIENTO,ADQUISICION DE BIENES Y SERVICIOS,ADQUISICIONES DIFERENTES DE ACTIVOS,ADQUISICION DE SERVICIOS,VIATICOS DE LOS FUNCIONARIOS EN COMISION,No Aplica,No Aplica,No Aplica,No Aplica,VIGENCIA ACTUAL,ENTIDADES DIFERENTES A ENTIDADES TERRITORIALES - UNIDAD DE SALUD,NO DEFINIDO,NO DEFINIDO,MINAS Y ENERGIA,12000000.0,12000000.0,2022,Segundo Trimestre,pres_gasto,,,,,,,,,,,,,,,,,,,,,,
3898107,20220301,124205000,E.S.E. Hospital San Fernando - Amagá,2.1.1.01.01.001.04,SUBSIDIO DE ALIMENTACION,GASTOS,FUNCIONAMIENTO,GASTOS DE PERSONAL,PLANTA DE PERSONAL PERMANENTE,FACTORES CONSTITUTIVOS DE SALARIO,FACTORES SALARIALES COMUNES,SUBSIDIO DE ALIMENTACION,No Aplica,No Aplica,No Aplica,VIGENCIA ACTUAL,ENTIDADES DIFERENTES A ENTIDADES TERRITORIALES - UNIDAD DE SALUD,NO DEFINIDO,NO DEFINIDO,SALUD Y PROTECCION SOCIAL,12060000.0,12060000.0,2022,Primer Trimestre,pres_gasto,,,,,,,,,,,,,,,,,,,,,,
3901057,20220901,124205000,E.S.E. Hospital San Fernando - Amagá,2.1.3.07.02,PRESTACIONES SOCIALES RELACIONADAS CON EL EMPLEO,GASTOS,FUNCIONAMIENTO,TRANSFERENCIAS CORRIENTES,PRESTACIONES PARA CUBRIR RIESGOS SOCIALES,PRESTACIONES SOCIALES RELACIONADAS CON EL EMPLEO,No Aplica,No Aplica,No Aplica,No Aplica,No Aplica,VIGENCIA ACTUAL,ENTIDADES DIFERENTES A ENTIDADES TERRITORIALES - UNIDAD DE SALUD,NO DEFINIDO,NO DEFINIDO,NO DEFINIDO,13995758.0,13995758.0,2022,Tercer Trimestre,pres_gasto,,,,,,,,,,,,,,,,,,,,,,
3909149,20230601,124205000,E.S.E. Hospital San Fernando - Amagá,2.1.1.01.02.002,APORTES A LA SEGURIDAD SOCIAL EN SALUD,GASTOS,FUNCIONAMIENTO,GASTOS DE PERSONAL,PLANTA DE PERSONAL PERMANENTE,CONTRIBUCIONES INHERENTES A LA NOMINA,APORTES A LA SEGURIDAD SOCIAL EN SALUD,No Aplica,No Aplica,No Aplica,No Aplica,VIGENCIA ACTUAL,ENTIDADES TERRITORIALES - SALUD,NO DEFINIDO,NO DEFINIDO,SALUD Y PROTECCION SOCIAL,188468556.0,188468556.0,2023,Segundo Trimestre,pres_gasto,,,,,,,,,,,,,,,,,,,,,,
3909197,20210901,124205000,E.S.E. Hospital San Fernando - Amagá,2.1.1.01.02.006,APORTES AL ICBF,GASTOS,FUNCIONAMIENTO,GASTOS DE PERSONAL,PLANTA DE PERSONAL PERMANENTE,CONTRIBUCIONES INHERENTES A LA NOMINA,APORTES AL ICBF,No Aplica,No Aplica,No Aplica,No Aplica,CUENTAS POR PAGAR,ENTIDADES DIFERENTES A ENTIDADES TERRITORIALES - GESTION GENERAL,NO DEFINIDO,NO DEFINIDO,SALUD Y PROTECCION SOCIAL,3000000.0,6241300.0,2021,Tercer Trimestre,pres_gasto,,,,,,,,,,,,,,,,,,,,,,
3911485,20210901,124205000,E.S.E. Hospital San Fernando - Amagá,2.1.3,TRANSFERENCIAS CORRIENTES,GASTOS,FUNCIONAMIENTO,TRANSFERENCIAS CORRIENTES,No Aplica,No Aplica,No Aplica,No Aplica,No Aplica,No Aplica,No Aplica,VIGENCIA ACTUAL,ENTIDADES DIFERENTES A ENTIDADES TERRITORIALES - GESTION GENERAL,NO DEFINIDO,NO DEFINIDO,NO DEFINIDO,15000000.0,15000000.0,2021,Tercer Trimestre,pres_gasto,,,,,,,,,,,,,,,,,,,,,,
3911856,20210301,124205000,E.S.E. Hospital San Fernando - Amagá,2.1.8,"GASTOS POR TRIBUTOS, TASAS, CONTRIBUCIONES, MULTAS, SANCIONES E INTERESES DE MORA",GASTOS,FUNCIONAMIENTO,"GASTOS POR TRIBUTOS, TASAS, CONTRIBUCIONES, MULTAS, SANCIONES E INTERESES DE MORA",No Aplica,No Aplica,No Aplica,No Aplica,No Aplica,No Aplica,No Aplica,VIGENCIA ACTUAL,ENTIDADES DIFERENTES A ENTIDADES TERRITORIALES - GESTION GENERAL,NO DEFINIDO,NO DEFINIDO,NO DEFINIDO,6000000.0,6000000.0,2021,Primer Trimestre,pres_gasto,,,,,,,,,,,,,,,,,,,,,,
3913211,20210301,124205000,E.S.E. Hospital San Fernando - Amagá,2.1.2.02.01.003,"OTROS BIENES TRANSPORTABLES EXCEPTO PRODUCTOS METALICOS, MAQUINARIA Y EQUIPO",GASTOS,FUNCIONAMIENTO,ADQUISICION DE BIENES Y SERVICIOS,ADQUISICIONES DIFERENTES DE ACTIVOS,MATERIALES Y SUMINISTROS,"OTROS BIENES TRANSPORTABLES EXCEPTO PRODUCTOS METALICOS, MAQUINARIA Y EQUIPO",No Aplica,No Aplica,No Aplica,No Aplica,CUENTAS POR PAGAR,ENTIDADES DIFERENTES A ENTIDADES TERRITORIALES - GESTION GENERAL,NO DEFINIDO,NO DEFINIDO,SALUD Y PROTECCION SOCIAL,0.0,42141360.0,2021,Primer Trimestre,pres_gasto,,,,,,,,,,,,,,,,,,,,,,
3914543,20210901,124205000,E.S.E. Hospital San Fernando - Amagá,2,GASTOS,GASTOS,No Aplica,No Aplica,No Aplica,No Aplica,No Aplica,No Aplica,No Aplica,No Aplica,No Aplica,CUENTAS POR PAGAR,ENTIDADES DIFERENTES A ENTIDADES TERRITORIALES - GESTION GENERAL,NO DEFINIDO,NO DEFINIDO,NO DEFINIDO,419384249.0,1394624070.0,2021,Tercer Trimestre,pres_gasto,,,,,,,,,,,,,,,,,,,,,,
3916429,20210901,124205000,E.S.E. Hospital San Fernando - Amagá,2.1.1.01.01.001,FACTORES SALARIALES COMUNES,GASTOS,FUNCIONAMIENTO,GASTOS DE PERSONAL,PLANTA DE PERSONAL PERMANENTE,FACTORES CONSTITUTIVOS DE SALARIO,FACTORES SALARIALES COMUNES,No Aplica,No Aplica,No Aplica,No Aplica,CUENTAS POR PAGAR,ENTIDADES DIFERENTES A ENTIDADES TERRITORIALES - GESTION GENERAL,NO DEFINIDO,NO DEFINIDO,NO DEFINIDO,0.0,540212705.0,2021,Tercer Trimestre,pres_gasto,,,,,,,,,,,,,,,,,,,,,,
3917653,20221201,124205000,E.S.E. Hospital San Fernando - Amagá,2.1.1.01.01.001.08.02,PRIMA DE VACACIONES,GASTOS,FUNCIONAMIENTO,GASTOS DE PERSONAL,PLANTA DE PERSONAL PERMANENTE,FACTORES CONSTITUTIVOS DE SALARIO,FACTORES SALARIALES COMUNES,PRESTACIONES SOCIALES,PRIMA DE VACACIONES,No Aplica,No Aplica,VIGENCIA ACTUAL,ENTIDADES DIFERENTES A ENTIDADES TERRITORIALES - UNIDAD DE SALUD,NO DEFINIDO,NO DEFINIDO,SALUD Y PROTECCION SOCIAL,72866297.0,80017290.0,2022,Cuarto Trimestre,pres_gasto,,,,,,,,,,,,,,,,,,,,,,
3923900,20210901,124205000,E.S.E. Hospital San Fernando - Amagá,2.1.2.02.02.008,SERVICIOS PRESTADOS A LAS EMPRESAS Y SERVICIOS DE PRODUCCION,GASTOS,FUNCIONAMIENTO,ADQUISICION DE BIENES Y SERVICIOS,ADQUISICIONES DIFERENTES DE ACTIVOS,ADQUISICION DE SERVICIOS,SERVICIOS PRESTADOS A LAS EMPRESAS Y SERVICIOS DE PRODUCCION,No Aplica,No Aplica,No Aplica,No Aplica,CUENTAS POR PAGAR,ENTIDADES DIFERENTES A ENTIDADES TERRITORIALES - GESTION GENERAL,NO DEFINIDO,NO DEFINIDO,SALUD Y PROTECCION SOCIAL,15000000.0,31540438.0,2021,Tercer Trimestre,pres_gasto,,,,,,,,,,,,,,,,,,,,,,
3925224,20211201,124205000,E.S.E. Hospital San Fernando - Amagá,2.1.2.02.02.009,"SERVICIOS PARA LA COMUNIDAD, SOCIALES Y PERSONALES",GASTOS,FUNCIONAMIENTO,ADQUISICION DE BIENES Y SERVICIOS,ADQUISICIONES DIFERENTES DE ACTIVOS,ADQUISICION DE SERVICIOS,"SERVICIOS PARA LA COMUNIDAD, SOCIALES Y PERSONALES",No Aplica,No Aplica,No Aplica,No Aplica,CUENTAS POR PAGAR,ENTIDADES DIFERENTES A ENTIDADES TERRITORIALES - GESTION GENERAL,NO DEFINIDO,NO DEFINIDO,SALUD Y PROTECCION SOCIAL,310000000.0,209458281.0,2021,Cuarto Trimestre,pres_gasto,,,,,,,,,,,,,,,,,,,,,,
3927516,20210601,124205000,E.S.E. Hospital San Fernando - Amagá,2.1.1.01.02,CONTRIBUCIONES INHERENTES A LA NOMINA,GASTOS,FUNCIONAMIENTO,GASTOS DE PERSONAL,PLANTA DE PERSONAL PERMANENTE,CONTRIBUCIONES INHERENTES A LA NOMINA,No Aplica,No Aplica,No Aplica,No Aplica,No Aplica,VIGENCIA ACTUAL,ENTIDADES DIFERENTES A ENTIDADES TERRITORIALES - GESTION GENERAL,NO DEFINIDO,NO DEFINIDO,NO DEFINIDO,969244404.0,779244404.0,2021,Segundo Trimestre,pres_gasto,,,,,,,,,,,,,,,,,,,,,,
3946184,20220301,124205000,E.S.E. Hospital San Fernando - Amagá,2.1.2.02.02,ADQUISICION DE SERVICIOS,GASTOS,FUNCIONAMIENTO,ADQUISICION DE BIENES Y SERVICIOS,ADQUISICIONES DIFERENTES DE ACTIVOS,ADQUISICION DE SERVICIOS,No Aplica,No Aplica,No Aplica,No Aplica,No Aplica,VIGENCIA ACTUAL,ENTIDADES DIFERENTES A ENTIDADES TERRITORIALES - UNIDAD DE SALUD,NO DEFINIDO,NO DEFINIDO,NO DEFINIDO,1287772785.0,1287768785.0,2022,Primer Trimestre,pres_gasto,,,,,,,,,,,,,,,,,,,,,,
3950727,20220901,124205000,E.S.E. Hospital San Fernando - Amagá,2.4.5.01.03,"OTROS BIENES TRANSPORTABLES EXCEPTO PRODUCTOS METALICOS, MAQUINARIA Y EQUIPO",GASTOS,GASTOS DE OPERACION COMERCIAL,GASTOS DE COMERCIALIZACION Y PRODUCCION,MATERIALES Y SUMINISTROS,"OTROS BIENES TRANSPORTABLES EXCEPTO PRODUCTOS METALICOS, MAQUINARIA Y EQUIPO",No Aplica,No Aplica,No Aplica,No Aplica,No Aplica,VIGENCIA ACTUAL,ENTIDADES DIFERENTES A ENTIDADES TERRITORIALES - UNIDAD DE SALUD,NO DEFINIDO,NO DEFINIDO,SALUD Y PROTECCION SOCIAL,590000000.0,655000000.0,2022,Tercer Trimestre,pres_gasto,,,,,,,,,,,,,,,,,,,,,,
3961565,20210901,124205000,E.S.E. Hospital San Fernando - Amagá,2.1.1.01.01.001.08,PRESTACIONES SOCIALES,GASTOS,FUNCIONAMIENTO,GASTOS DE PERSONAL,PLANTA DE PERSONAL PERMANENTE,FACTORES CONSTITUTIVOS DE SALARIO,FACTORES SALARIALES COMUNES,PRESTACIONES SOCIALES,No Aplica,No Aplica,No Aplica,VIGENCIA ACTUAL,ENTIDADES DIFERENTES A ENTIDADES TERRITORIALES - GESTION GENERAL,NO DEFINIDO,NO DEFINIDO,NO DEFINIDO,283737542.0,133737542.0,2021,Tercer Trimestre,pres_gasto,,,,,,,,,,,,,,,,,,,,,,
3964295,20220901,124205000,E.S.E. Hospital San Fernando - Amagá,2.1.1.01.01,FACTORES CONSTITUTIVOS DE SALARIO,GASTOS,FUNCIONAMIENTO,GASTOS DE PERSONAL,PLANTA DE PERSONAL PERMANENTE,FACTORES CONSTITUTIVOS DE SALARIO,No Aplica,No Aplica,No Aplica,No Aplica,No Aplica,VIGENCIA ACTUAL,ENTIDADES DIFERENTES A ENTIDADES TERRITORIALES - UNIDAD DE SALUD,NO DEFINIDO,NO DEFINIDO,NO DEFINIDO,2126042273.0,2136931351.0,2022,Tercer Trimestre,pres_gasto,,,,,,,,,,,,,,,,,,,,,,
3964442,20220301,124205000,E.S.E. Hospital San Fernando - Amagá,2.1.8.05,"MULTAS, SANCIONES E INTERESES DE MORA",GASTOS,FUNCIONAMIENTO,"GASTOS POR TRIBUTOS, TASAS, CONTRIBUCIONES, MULTAS, SANCIONES E INTERESES DE MORA","MULTAS, SANCIONES E INTERESES DE MORA",No Aplica,No Aplica,No Aplica,No Aplica,No Aplica,No Aplica,VIGENCIA ACTUAL,ENTIDADES DIFERENTES A ENTIDADES TERRITORIALES - UNIDAD DE SALUD,NO DEFINIDO,NO DEFINIDO,NO DEFINIDO,0.0,4000.0,2022,Primer Trimestre,pres_gasto,,,,,,,,,,,,,,,,,,,,,,
3974072,20210901,124205000,E.S.E. Hospital San Fernando - Amagá,2.1.1.01.02,CONTRIBUCIONES INHERENTES A LA NOMINA,GASTOS,FUNCIONAMIENTO,GASTOS DE PERSONAL,PLANTA DE PERSONAL PERMANENTE,CONTRIBUCIONES INHERENTES A LA NOMINA,No Aplica,No Aplica,No Aplica,No Aplica,No Aplica,CUENTAS POR PAGAR,ENTIDADES DIFERENTES A ENTIDADES TERRITORIALES - GESTION GENERAL,NO DEFINIDO,NO DEFINIDO,NO DEFINIDO,3000000.0,8303265.0,2021,Tercer Trimestre,pres_gasto,,,,,,,,,,,,,,,,,,,,,,
3979099,20220901,124205000,E.S.E. Hospital San Fernando - Amagá,2.1.2.02.01,MATERIALES Y SUMINISTROS,GASTOS,FUNCIONAMIENTO,ADQUISICION DE BIENES Y SERVICIOS,ADQUISICIONES DIFERENTES DE ACTIVOS,MATERIALES Y SUMINISTROS,No Aplica,No Aplica,No Aplica,No Aplica,No Aplica,VIGENCIA ACTUAL,ENTIDADES DIFERENTES A ENTIDADES TERRITORIALES - UNIDAD DE SALUD,NO DEFINIDO,NO DEFINIDO,NO DEFINIDO,187600000.0,187600000.0,2022,Tercer Trimestre,pres_gasto,,,,,,,,,,,,,,,,,,,,,,
3985962,20220301,124205000,E.S.E. Hospital San Fernando - Amagá,2.1.1.02.02,CONTRIBUCIONES INHERENTES A LA NOMINA,GASTOS,FUNCIONAMIENTO,GASTOS DE PERSONAL,PERSONAL SUPERNUMERARIO Y PLANTA TEMPORAL,CONTRIBUCIONES INHERENTES A LA NOMINA,No Aplica,No Aplica,No Aplica,No Aplica,No Aplica,VIGENCIA ACTUAL,ENTIDADES DIFERENTES A ENTIDADES TERRITORIALES - UNIDAD DE SALUD,NO DEFINIDO,NO DEFINIDO,NO DEFINIDO,119700000.0,119700000.0,2022,Primer Trimestre,pres_gasto,,,,,,,,,,,,,,,,,,,,,,
3986279,20210301,124205000,E.S.E. Hospital San Fernando - Amagá,2.1.3.07.02.001.02,MESADAS PENSIONALES A CARGO DE LA ENTIDAD DE PENSIONES,GASTOS,FUNCIONAMIENTO,TRANSFERENCIAS CORRIENTES,PRESTACIONES PARA CUBRIR RIESGOS SOCIALES,PRESTACIONES SOCIALES RELACIONADAS CON EL EMPLEO,MESADAS PENSIONALES DE PENSIONES,MESADAS PENSIONALES A CARGO DE LA ENTIDAD DE PENSIONES,No Aplica,No Aplica,No Aplica,VIGENCIA ACTUAL,ENTIDADES DIFERENTES A ENTIDADES TERRITORIALES - GESTION GENERAL,NO DEFINIDO,NO DEFINIDO,SALUD Y PROTECCION SOCIAL,13249264.0,13249264.0,2021,Primer Trimestre,pres_gasto,,,,,,,,,,,,,,,,,,,,,,
3987282,20210601,124205000,E.S.E. Hospital San Fernando - Amagá,2.1.2.02.02.008,SERVICIOS PRESTADOS A LAS EMPRESAS Y SERVICIOS DE PRODUCCION,GASTOS,FUNCIONAMIENTO,ADQUISICION DE BIENES Y SERVICIOS,ADQUISICIONES DIFERENTES DE ACTIVOS,ADQUISICION DE SERVICIOS,SERVICIOS PRESTADOS A LAS EMPRESAS Y SERVICIOS DE PRODUCCION,No Aplica,No Aplica,No Aplica,No Aplica,VIGENCIA ACTUAL,ENTIDADES DIFERENTES A ENTIDADES TERRITORIALES - GESTION GENERAL,NO DEFINIDO,NO DEFINIDO,SALUD Y PROTECCION SOCIAL,297000000.0,766287188.0,2021,Segundo Trimestre,pres_gasto,,,,,,,,,,,,,,,,,,,,,,
3987741,20220901,124205000,E.S.E. Hospital San Fernando - Amagá,2.4.5.02.06,"COMERCIO Y DISTRIBUCION; ALOJAMIENTO; SERVICIOS DE SUMINISTRO DE COMIDAS Y BEBIDAS; SERVICIOS DE TRANSPORTE; Y SERVICIOS DE DISTRIBUCION DE ELECTRICIDAD, GAS Y AGUA",GASTOS,GASTOS DE OPERACION COMERCIAL,GASTOS DE COMERCIALIZACION Y PRODUCCION,ADQUISICION DE SERVICIOS,"COMERCIO Y DISTRIBUCION; ALOJAMIENTO; SERVICIOS DE SUMINISTRO DE COMIDAS Y BEBIDAS; SERVICIOS DE TRANSPORTE; Y SERVICIOS DE DISTRIBUCION DE ELECTRICIDAD, GAS Y AGUA",No Aplica,No Aplica,No Aplica,No Aplica,No Aplica,VIGENCIA ACTUAL,ENTIDADES DIFERENTES A ENTIDADES TERRITORIALES - UNIDAD DE SALUD,NO DEFINIDO,NO DEFINIDO,SALUD Y PROTECCION SOCIAL,45000000.0,47707592.0,2022,Tercer Trimestre,pres_gasto,,,,,,,,,,,,,,,,,,,,,,
3988506,20221201,124205000,E.S.E. Hospital San Fernando - Amagá,2.1.1.01.01.001.05,AUXILIO DE TRANSPORTE,GASTOS,FUNCIONAMIENTO,GASTOS DE PERSONAL,PLANTA DE PERSONAL PERMANENTE,FACTORES CONSTITUTIVOS DE SALARIO,FACTORES SALARIALES COMUNES,AUXILIO DE TRANSPORTE,No Aplica,No Aplica,No Aplica,VIGENCIA ACTUAL,ENTIDADES DIFERENTES A ENTIDADES TERRITORIALES - UNIDAD DE SALUD,NO DEFINIDO,NO DEFINIDO,SALUD Y PROTECCION SOCIAL,19440000.0,18169536.0,2022,Cuarto Trimestre,pres_gasto,,,,,,,,,,,,,,,,,,,,,,
3988964,20230601,124205000,E.S.E. Hospital San Fernando - Amagá,2.1.1.01.02.004,APORTES A CAJAS DE COMPENSACION FAMILIAR,GASTOS,FUNCIONAMIENTO,GASTOS DE PERSONAL,PLANTA DE PERSONAL PERMANENTE,CONTRIBUCIONES INHERENTES A LA NOMINA,APORTES A CAJAS DE COMPENSACION FAMILIAR,No Aplica,No Aplica,No Aplica,No Aplica,VIGENCIA ACTUAL,ENTIDADES TERRITORIALES - SALUD,NO DEFINIDO,NO DEFINIDO,SALUD Y PROTECCION SOCIAL,85193909.0,85193909.0,2023,Segundo Trimestre,pres_gasto,,,,,,,,,,,,,,,,,,,,,,
3989665,20210601,124205000,E.S.E. Hospital San Fernando - Amagá,2,GASTOS,GASTOS,No Aplica,No Aplica,No Aplica,No Aplica,No Aplica,No Aplica,No Aplica,No Aplica,No Aplica,VIGENCIA ACTUAL,ENTIDADES DIFERENTES A ENTIDADES TERRITORIALES - GESTION GENERAL,NO DEFINIDO,NO DEFINIDO,NO DEFINIDO,5143210295.0,4869379683.0,2021,Segundo Trimestre,pres_gasto,,,,,,,,,,,,,,,,,,,,,,
3990756,20220901,124205000,E.S.E. Hospital San Fernando - Amagá,2.1.2.02.01.002,"PRODUCTOS ALIMENTICIOS, BEBIDAS Y TABACO, TEXTILES, PRENDAS DE VESTIR Y PRODUCTOS DE CUERO",GASTOS,FUNCIONAMIENTO,ADQUISICION DE BIENES Y SERVICIOS,ADQUISICIONES DIFERENTES DE ACTIVOS,MATERIALES Y SUMINISTROS,"PRODUCTOS ALIMENTICIOS, BEBIDAS Y TABACO, TEXTILES, PRENDAS DE VESTIR Y PRODUCTOS DE CUERO",No Aplica,No Aplica,No Aplica,No Aplica,VIGENCIA ACTUAL,ENTIDADES DIFERENTES A ENTIDADES TERRITORIALES - UNIDAD DE SALUD,NO DEFINIDO,NO DEFINIDO,SALUD Y PROTECCION SOCIAL,10000000.0,10000000.0,2022,Tercer Trimestre,pres_gasto,,,,,,,,,,,,,,,,,,,,,,
3992483,20210601,124205000,E.S.E. Hospital San Fernando - Amagá,2.1.2,ADQUISICION DE BIENES Y SERVICIOS,GASTOS,FUNCIONAMIENTO,ADQUISICION DE BIENES Y SERVICIOS,No Aplica,No Aplica,No Aplica,No Aplica,No Aplica,No Aplica,No Aplica,VIGENCIA ACTUAL,ENTIDADES DIFERENTES A ENTIDADES TERRITORIALES - GESTION GENERAL,NO DEFINIDO,NO DEFINIDO,NO DEFINIDO,894872946.0,1543873336.0,2021,Segundo Trimestre,pres_gasto,,,,,,,,,,,,,,,,,,,,,,
3993863,20210901,124205000,E.S.E. Hospital San Fernando - Amagá,2.4.5.01,MATERIALES Y SUMINISTROS,GASTOS,GASTOS DE OPERACION COMERCIAL,GASTOS DE COMERCIALIZACION Y PRODUCCION,MATERIALES Y SUMINISTROS,No Aplica,No Aplica,No Aplica,No Aplica,No Aplica,No Aplica,VIGENCIA ACTUAL,ENTIDADES DIFERENTES A ENTIDADES TERRITORIALES - GESTION GENERAL,NO DEFINIDO,NO DEFINIDO,NO DEFINIDO,450000000.0,673702561.0,2021,Tercer Trimestre,pres_gasto,,,,,,,,,,,,,,,,,,,,,,
3993937,20221201,124205000,E.S.E. Hospital San Fernando - Amagá,2.1.2.02.02.009,"SERVICIOS PARA LA COMUNIDAD, SOCIALES Y PERSONALES",GASTOS,FUNCIONAMIENTO,ADQUISICION DE BIENES Y SERVICIOS,ADQUISICIONES DIFERENTES DE ACTIVOS,ADQUISICION DE SERVICIOS,"SERVICIOS PARA LA COMUNIDAD, SOCIALES Y PERSONALES",No Aplica,No Aplica,No Aplica,No Aplica,VIGENCIA ACTUAL,ENTIDADES DIFERENTES A ENTIDADES TERRITORIALES - UNIDAD DE SALUD,NO DEFINIDO,NO DEFINIDO,SALUD Y PROTECCION SOCIAL,748112785.0,1380259510.0,2022,Cuarto Trimestre,pres_gasto,,,,,,,,,,,,,,,,,,,,,,
4002996,20210901,124205000,E.S.E. Hospital San Fernando - Amagá,2.1.2.02.01.003,"OTROS BIENES TRANSPORTABLES EXCEPTO PRODUCTOS METALICOS, MAQUINARIA Y EQUIPO",GASTOS,FUNCIONAMIENTO,ADQUISICION DE BIENES Y SERVICIOS,ADQUISICIONES DIFERENTES DE ACTIVOS,MATERIALES Y SUMINISTROS,"OTROS BIENES TRANSPORTABLES EXCEPTO PRODUCTOS METALICOS, MAQUINARIA Y EQUIPO",No Aplica,No Aplica,No Aplica,No Aplica,CUENTAS POR PAGAR,ENTIDADES DIFERENTES A ENTIDADES TERRITORIALES - GESTION GENERAL,NO DEFINIDO,NO DEFINIDO,SALUD Y PROTECCION SOCIAL,0.0,25330970.0,2021,Tercer Trimestre,pres_gasto,,,,,,,,,,,,,,,,,,,,,,
4007192,20230601,124205000,E.S.E. Hospital San Fernando - Amagá,2.1.1.01.03.001.03,BONIFICACION ESPECIAL DE RECREACION,GASTOS,FUNCIONAMIENTO,GASTOS DE PERSONAL,PLANTA DE PERSONAL PERMANENTE,REMUNERACIONES NO CONSTITUTIVAS DE FACTOR SALARIAL,PRESTACIONES SOCIALES,BONIFICACION ESPECIAL DE RECREACION,No Aplica,No Aplica,No Aplica,VIGENCIA ACTUAL,ENTIDADES TERRITORIALES - SALUD,NO DEFINIDO,NO DEFINIDO,SALUD Y PROTECCION SOCIAL,10929710.0,10929710.0,2023,Segundo Trimestre,pres_gasto,,,,,,,,,,,,,,,,,,,,,,
4016134,20230601,124205000,E.S.E. Hospital San Fernando - Amagá,2.1.3.07.02.001.02,MESADAS PENSIONALES A CARGO DE LA ENTIDAD DE PENSIONES,GASTOS,FUNCIONAMIENTO,TRANSFERENCIAS CORRIENTES,PRESTACIONES PARA CUBRIR RIESGOS SOCIALES,PRESTACIONES SOCIALES RELACIONADAS CON EL EMPLEO,MESADAS PENSIONALES DE PENSIONES,MESADAS PENSIONALES A CARGO DE LA ENTIDAD DE PENSIONES,No Aplica,No Aplica,No Aplica,VIGENCIA ACTUAL,ENTIDADES TERRITORIALES - SALUD,NO DEFINIDO,NO DEFINIDO,SALUD Y PROTECCION SOCIAL,15486241.0,15486241.0,2023,Segundo Trimestre,pres_gasto,,,,,,,,,,,,,,,,,,,,,,
4017998,20230601,124205000,E.S.E. Hospital San Fernando - Amagá,2.1.1.01.02.005,APORTES GENERALES AL SISTEMA DE RIESGOS LABORALES,GASTOS,FUNCIONAMIENTO,GASTOS DE PERSONAL,PLANTA DE PERSONAL PERMANENTE,CONTRIBUCIONES INHERENTES A LA NOMINA,APORTES GENERALES AL SISTEMA DE RIESGOS LABORALES,No Aplica,No Aplica,No Aplica,No Aplica,VIGENCIA ACTUAL,ENTIDADES TERRITORIALES - SALUD,NO DEFINIDO,NO DEFINIDO,SALUD Y PROTECCION SOCIAL,51334590.0,51334590.0,2023,Segundo Trimestre,pres_gasto,,,,,,,,,,,,,,,,,,,,,,
4022432,20210301,124205000,E.S.E. Hospital San Fernando - Amagá,2.1.1.01.03.020,ESTIMULOS A LOS EMPLEADOS DEL ESTADO,GASTOS,FUNCIONAMIENTO,GASTOS DE PERSONAL,PLANTA DE PERSONAL PERMANENTE,REMUNERACIONES NO CONSTITUTIVAS DE FACTOR SALARIAL,ESTIMULOS A LOS EMPLEADOS DEL ESTADO,No Aplica,No Aplica,No Aplica,No Aplica,VIGENCIA ACTUAL,ENTIDADES DIFERENTES A ENTIDADES TERRITORIALES - GESTION GENERAL,NO DEFINIDO,NO DEFINIDO,SALUD Y PROTECCION SOCIAL,10173.0,10173.0,2021,Primer Trimestre,pres_gasto,,,,,,,,,,,,,,,,,,,,,,
4023642,20230601,124205000,E.S.E. Hospital San Fernando - Amagá,2.1,FUNCIONAMIENTO,GASTOS,FUNCIONAMIENTO,No Aplica,No Aplica,No Aplica,No Aplica,No Aplica,No Aplica,No Aplica,No Aplica,VIGENCIA ACTUAL,ENTIDADES TERRITORIALES - SALUD,NO DEFINIDO,NO DEFINIDO,NO DEFINIDO,5405081536.0,5705004686.0,2023,Segundo Trimestre,pres_gasto,,,,,,,,,,,,,,,,,,,,,,
4037027,20210301,124205000,E.S.E. Hospital San Fernando - Amagá,2.1.1.01.02.003,APORTES DE CESANTIAS,GASTOS,FUNCIONAMIENTO,GASTOS DE PERSONAL,PLANTA DE PERSONAL PERMANENTE,CONTRIBUCIONES INHERENTES A LA NOMINA,APORTES DE CESANTIAS,No Aplica,No Aplica,No Aplica,No Aplica,VIGENCIA ACTUAL,ENTIDADES DIFERENTES A ENTIDADES TERRITORIALES - GESTION GENERAL,NO DEFINIDO,NO DEFINIDO,SALUD Y PROTECCION SOCIAL,224905947.0,34905947.0,2021,Primer Trimestre,pres_gasto,,,,,,,,,,,,,,,,,,,,,,
4041797,20230601,124205000,E.S.E. Hospital San Fernando - Amagá,2.1.2.02.02.005,CONSTRUCCION Y SERVICIOS DE LA CONSTRUCCION,GASTOS,FUNCIONAMIENTO,ADQUISICION DE BIENES Y SERVICIOS,ADQUISICIONES DIFERENTES DE ACTIVOS,ADQUISICION DE SERVICIOS,CONSTRUCCION Y SERVICIOS DE LA CONSTRUCCION,No Aplica,No Aplica,No Aplica,No Aplica,VIGENCIA ACTUAL,ENTIDADES TERRITORIALES - SALUD,NO DEFINIDO,NO DEFINIDO,SALUD Y PROTECCION SOCIAL,185000000.0,150077940.0,2023,Segundo Trimestre,pres_gasto,,,,,,,,,,,,,,,,,,,,,,
4044054,20211201,124205000,E.S.E. Hospital San Fernando - Amagá,2.4.5.02.06,"COMERCIO Y DISTRIBUCION; ALOJAMIENTO; SERVICIOS DE SUMINISTRO DE COMIDAS Y BEBIDAS; SERVICIOS DE TRANSPORTE; Y SERVICIOS DE DISTRIBUCION DE ELECTRICIDAD, GAS Y AGUA",GASTOS,GASTOS DE OPERACION COMERCIAL,GASTOS DE COMERCIALIZACION Y PRODUCCION,ADQUISICION DE SERVICIOS,"COMERCIO Y DISTRIBUCION; ALOJAMIENTO; SERVICIOS DE SUMINISTRO DE COMIDAS Y BEBIDAS; SERVICIOS DE TRANSPORTE; Y SERVICIOS DE DISTRIBUCION DE ELECTRICIDAD, GAS Y AGUA",No Aplica,No Aplica,No Aplica,No Aplica,No Aplica,VIGENCIA ACTUAL,ENTIDADES DIFERENTES A ENTIDADES TERRITORIALES - GESTION GENERAL,NO DEFINIDO,NO DEFINIDO,SALUD Y PROTECCION SOCIAL,30000000.0,45826250.0,2021,Cuarto Trimestre,pres_gasto,,,,,,,,,,,,,,,,,,,,,,
4045712,20210901,124205000,E.S.E. Hospital San Fernando - Amagá,2.4.5.01,MATERIALES Y SUMINISTROS,GASTOS,GASTOS DE OPERACION COMERCIAL,GASTOS DE COMERCIALIZACION Y PRODUCCION,MATERIALES Y SUMINISTROS,No Aplica,No Aplica,No Aplica,No Aplica,No Aplica,No Aplica,CUENTAS POR PAGAR,ENTIDADES DIFERENTES A ENTIDADES TERRITORIALES - GESTION GENERAL,NO DEFINIDO,NO DEFINIDO,NO DEFINIDO,0.0,14746802.0,2021,Tercer Trimestre,pres_gasto,,,,,,,,,,,,,,,,,,,,,,
4051553,20220301,124205000,E.S.E. Hospital San Fernando - Amagá,2.1.1.01.02.007,APORTES AL SENA,GASTOS,FUNCIONAMIENTO,GASTOS DE PERSONAL,PLANTA DE PERSONAL PERMANENTE,CONTRIBUCIONES INHERENTES A LA NOMINA,APORTES AL SENA,No Aplica,No Aplica,No Aplica,No Aplica,VIGENCIA ACTUAL,ENTIDADES DIFERENTES A ENTIDADES TERRITORIALES - UNIDAD DE SALUD,NO DEFINIDO,NO DEFINIDO,SALUD Y PROTECCION SOCIAL,34975823.0,34975823.0,2022,Primer Trimestre,pres_gasto,,,,,,,,,,,,,,,,,,,,,,
4054999,20220901,124205000,E.S.E. Hospital San Fernando - Amagá,2.1.1.02.01.001.05,AUXILIO DE TRANSPORTE,GASTOS,FUNCIONAMIENTO,GASTOS DE PERSONAL,PERSONAL SUPERNUMERARIO Y PLANTA TEMPORAL,FACTORES CONSTITUTIVOS DE SALARIO,FACTORES SALARIALES COMUNES,AUXILIO DE TRANSPORTE,No Aplica,No Aplica,No Aplica,VIGENCIA ACTUAL,ENTIDADES DIFERENTES A ENTIDADES TERRITORIALES - UNIDAD DE SALUD,NO DEFINIDO,NO DEFINIDO,SALUD Y PROTECCION SOCIAL,73872000.0,73872000.0,2022,Tercer Trimestre,pres_gasto,,,,,,,,,,,,,,,,,,,,,,
4062093,20210901,124205000,E.S.E. Hospital San Fernando - Amagá,2.1.3.07.02.003.02,BONOS PENSIONALES A CARGO DE LA ENTIDAD DE PENSIONES,GASTOS,FUNCIONAMIENTO,TRANSFERENCIAS CORRIENTES,PRESTACIONES PARA CUBRIR RIESGOS SOCIALES,PRESTACIONES SOCIALES RELACIONADAS CON EL EMPLEO,BONOS PENSIONALES DE PENSIONES,BONOS PENSIONALES A CARGO DE LA ENTIDAD DE PENSIONES,No Aplica,No Aplica,No Aplica,VIGENCIA ACTUAL,ENTIDADES DIFERENTES A ENTIDADES TERRITORIALES - GESTION GENERAL,NO DEFINIDO,NO DEFINIDO,SALUD Y PROTECCION SOCIAL,15000000.0,15000000.0,2021,Tercer Trimestre,pres_gasto,,,,,,,,,,,,,,,,,,,,,,
4063641,20220301,124205000,E.S.E. Hospital San Fernando - Amagá,2.1.2.02.02.010,VIATICOS DE LOS FUNCIONARIOS EN COMISION,GASTOS,FUNCIONAMIENTO,ADQUISICION DE BIENES Y SERVICIOS,ADQUISICIONES DIFERENTES DE ACTIVOS,ADQUISICION DE SERVICIOS,VIATICOS DE LOS FUNCIONARIOS EN COMISION,No Aplica,No Aplica,No Aplica,No Aplica,VIGENCIA ACTUAL,ENTIDADES DIFERENTES A ENTIDADES TERRITORIALES - UNIDAD DE SALUD,NO DEFINIDO,NO DEFINIDO,SALUD Y PROTECCION SOCIAL,12000000.0,12000000.0,2022,Primer Trimestre,pres_gasto,,,,,,,,,,,,,,,,,,,,,,
4070848,20210601,124205000,E.S.E. Hospital San Fernando - Amagá,2.1.1.01.01.001.08.02,PRIMA DE VACACIONES,GASTOS,FUNCIONAMIENTO,GASTOS DE PERSONAL,PLANTA DE PERSONAL PERMANENTE,FACTORES CONSTITUTIVOS DE SALARIO,FACTORES SALARIALES COMUNES,PRESTACIONES SOCIALES,PRIMA DE VACACIONES,No Aplica,No Aplica,VIGENCIA ACTUAL,ENTIDADES DIFERENTES A ENTIDADES TERRITORIALES - GESTION GENERAL,NO DEFINIDO,NO DEFINIDO,SALUD Y PROTECCION SOCIAL,96851136.0,96851136.0,2021,Segundo Trimestre,pres_gasto,,,,,,,,,,,,,,,,,,,,,,
4074597,20210601,124205000,E.S.E. Hospital San Fernando - Amagá,2.1.2.02.02.007,SERVICIOS FINANCIEROS Y SERVICIOS CONEXOS; SERVICIOS INMOBILIARIOS; Y SERVICIOS DE ARRENDAMIENTO Y LEASING,GASTOS,FUNCIONAMIENTO,ADQUISICION DE BIENES Y SERVICIOS,ADQUISICIONES DIFERENTES DE ACTIVOS,ADQUISICION DE SERVICIOS,SERVICIOS FINANCIEROS Y SERVICIOS CONEXOS; SERVICIOS INMOBILIARIOS; Y SERVICIOS DE ARRENDAMIENTO Y LEASING,No Aplica,No Aplica,No Aplica,No Aplica,VIGENCIA ACTUAL,ENTIDADES DIFERENTES A ENTIDADES TERRITORIALES - GESTION GENERAL,NO DEFINIDO,NO DEFINIDO,SALUD Y PROTECCION SOCIAL,185000000.0,185000000.0,2021,Segundo Trimestre,pres_gasto,,,,,,,,,,,,,,,,,,,,,,
4082499,20210301,124205000,E.S.E. Hospital San Fernando - Amagá,2.1.1.01.01.001.05,AUXILIO DE TRANSPORTE,GASTOS,FUNCIONAMIENTO,GASTOS DE PERSONAL,PLANTA DE PERSONAL PERMANENTE,FACTORES CONSTITUTIVOS DE SALARIO,FACTORES SALARIALES COMUNES,AUXILIO DE TRANSPORTE,No Aplica,No Aplica,No Aplica,VIGENCIA ACTUAL,ENTIDADES DIFERENTES A ENTIDADES TERRITORIALES - GESTION GENERAL,NO DEFINIDO,NO DEFINIDO,SALUD Y PROTECCION SOCIAL,21534940.0,26534940.0,2021,Primer Trimestre,pres_gasto,,,,,,,,,,,,,,,,,,,,,,
4083535,20220301,124205000,E.S.E. Hospital San Fernando - Amagá,2.1.1.02.02.001,APORTES A LA SEGURIDAD SOCIAL EN PENSIONES,GASTOS,FUNCIONAMIENTO,GASTOS DE PERSONAL,PERSONAL SUPERNUMERARIO Y PLANTA TEMPORAL,CONTRIBUCIONES INHERENTES A LA NOMINA,APORTES A LA SEGURIDAD SOCIAL EN PENSIONES,No Aplica,No Aplica,No Aplica,No Aplica,VIGENCIA ACTUAL,ENTIDADES DIFERENTES A ENTIDADES TERRITORIALES - UNIDAD DE SALUD,NO DEFINIDO,NO DEFINIDO,SALUD Y PROTECCION SOCIAL,119700000.0,119700000.0,2022,Primer Trimestre,pres_gasto,,,,,,,,,,,,,,,,,,,,,,
4095809,20220901,124205000,E.S.E. Hospital San Fernando - Amagá,2.1.1.01.01.001,FACTORES SALARIALES COMUNES,GASTOS,FUNCIONAMIENTO,GASTOS DE PERSONAL,PLANTA DE PERSONAL PERMANENTE,FACTORES CONSTITUTIVOS DE SALARIO,FACTORES SALARIALES COMUNES,No Aplica,No Aplica,No Aplica,No Aplica,VIGENCIA ACTUAL,ENTIDADES DIFERENTES A ENTIDADES TERRITORIALES - UNIDAD DE SALUD,NO DEFINIDO,NO DEFINIDO,NO DEFINIDO,2126042273.0,2136931351.0,2022,Tercer Trimestre,pres_gasto,,,,,,,,,,,,,,,,,,,,,,
4098869,20211201,124205000,E.S.E. Hospital San Fernando - Amagá,2.1.1.01.01.001.02,"HORAS EXTRAS, DOMINICALES, FESTIVOS Y RECARGOS",GASTOS,FUNCIONAMIENTO,GASTOS DE PERSONAL,PLANTA DE PERSONAL PERMANENTE,FACTORES CONSTITUTIVOS DE SALARIO,FACTORES SALARIALES COMUNES,"HORAS EXTRAS, DOMINICALES, FESTIVOS Y RECARGOS",No Aplica,No Aplica,No Aplica,VIGENCIA ACTUAL,ENTIDADES DIFERENTES A ENTIDADES TERRITORIALES - GESTION GENERAL,NO DEFINIDO,NO DEFINIDO,SALUD Y PROTECCION SOCIAL,258419280.0,206978831.0,2021,Cuarto Trimestre,pres_gasto,,,,,,,,,,,,,,,,,,,,,,
4100014,20220601,124205000,E.S.E. Hospital San Fernando - Amagá,2.1.1.02.01.001.04,SUBSIDIO DE ALIMENTACION,GASTOS,FUNCIONAMIENTO,GASTOS DE PERSONAL,PERSONAL SUPERNUMERARIO Y PLANTA TEMPORAL,FACTORES CONSTITUTIVOS DE SALARIO,FACTORES SALARIALES COMUNES,SUBSIDIO DE ALIMENTACION,No Aplica,No Aplica,No Aplica,VIGENCIA ACTUAL,ENTIDADES DIFERENTES A ENTIDADES TERRITORIALES - UNIDAD DE SALUD,NO DEFINIDO,NO DEFINIDO,MINAS Y ENERGIA,45828000.0,45828000.0,2022,Segundo Trimestre,pres_gasto,,,,,,,,,,,,,,,,,,,,,,
4106584,20210301,124205000,E.S.E. Hospital San Fernando - Amagá,2.1.1.01.03.001.03,BONIFICACION ESPECIAL DE RECREACION,GASTOS,FUNCIONAMIENTO,GASTOS DE PERSONAL,PLANTA DE PERSONAL PERMANENTE,REMUNERACIONES NO CONSTITUTIVAS DE FACTOR SALARIAL,PRESTACIONES SOCIALES,BONIFICACION ESPECIAL DE RECREACION,No Aplica,No Aplica,No Aplica,VIGENCIA ACTUAL,ENTIDADES DIFERENTES A ENTIDADES TERRITORIALES - GESTION GENERAL,NO DEFINIDO,NO DEFINIDO,SALUD Y PROTECCION SOCIAL,7684092.0,7684092.0,2021,Primer Trimestre,pres_gasto,,,,,,,,,,,,,,,,,,,,,,
4108118,20210601,124205000,E.S.E. Hospital San Fernando - Amagá,2.1.3.07,PRESTACIONES PARA CUBRIR RIESGOS SOCIALES,GASTOS,FUNCIONAMIENTO,TRANSFERENCIAS CORRIENTES,PRESTACIONES PARA CUBRIR RIESGOS SOCIALES,No Aplica,No Aplica,No Aplica,No Aplica,No Aplica,No Aplica,CUENTAS POR PAGAR,ENTIDADES DIFERENTES A ENTIDADES TERRITORIALES - GESTION GENERAL,NO DEFINIDO,NO DEFINIDO,NO DEFINIDO,0.0,2061965.0,2021,Segundo Trimestre,pres_gasto,,,,,,,,,,,,,,,,,,,,,,
4108619,20210901,124205000,E.S.E. Hospital San Fernando - Amagá,2.1.2.02.02,ADQUISICION DE SERVICIOS,GASTOS,FUNCIONAMIENTO,ADQUISICION DE BIENES Y SERVICIOS,ADQUISICIONES DIFERENTES DE ACTIVOS,ADQUISICION DE SERVICIOS,No Aplica,No Aplica,No Aplica,No Aplica,No Aplica,VIGENCIA ACTUAL,ENTIDADES DIFERENTES A ENTIDADES TERRITORIALES - GESTION GENERAL,NO DEFINIDO,NO DEFINIDO,NO DEFINIDO,722872946.0,1580596034.0,2021,Tercer Trimestre,pres_gasto,,,,,,,,,,,,,,,,,,,,,,
4109657,20221201,124205000,E.S.E. Hospital San Fernando - Amagá,2.1.8,"GASTOS POR TRIBUTOS, TASAS, CONTRIBUCIONES, MULTAS, SANCIONES E INTERESES DE MORA",GASTOS,FUNCIONAMIENTO,"GASTOS POR TRIBUTOS, TASAS, CONTRIBUCIONES, MULTAS, SANCIONES E INTERESES DE MORA",No Aplica,No Aplica,No Aplica,No Aplica,No Aplica,No Aplica,No Aplica,VIGENCIA ACTUAL,ENTIDADES DIFERENTES A ENTIDADES TERRITORIALES - UNIDAD DE SALUD,NO DEFINIDO,NO DEFINIDO,NO DEFINIDO,0.0,4000.0,2022,Cuarto Trimestre,pres_gasto,,,,,,,,,,,,,,,,,,,,,,
4111809,20220601,124205000,E.S.E. Hospital San Fernando - Amagá,2.1.2,ADQUISICION DE BIENES Y SERVICIOS,GASTOS,FUNCIONAMIENTO,ADQUISICION DE BIENES Y SERVICIOS,No Aplica,No Aplica,No Aplica,No Aplica,No Aplica,No Aplica,No Aplica,VIGENCIA ACTUAL,ENTIDADES DIFERENTES A ENTIDADES TERRITORIALES - UNIDAD DE SALUD,NO DEFINIDO,NO DEFINIDO,NO DEFINIDO,1475372785.0,1647320539.0,2022,Segundo Trimestre,pres_gasto,,,,,,,,,,,,,,,,,,,,,,
4114321,20230601,124205000,E.S.E. Hospital San Fernando - Amagá,2.1.2.02.02.008,SERVICIOS PRESTADOS A LAS EMPRESAS Y SERVICIOS DE PRODUCCION,GASTOS,FUNCIONAMIENTO,ADQUISICION DE BIENES Y SERVICIOS,ADQUISICIONES DIFERENTES DE ACTIVOS,ADQUISICION DE SERVICIOS,SERVICIOS PRESTADOS A LAS EMPRESAS Y SERVICIOS DE PRODUCCION,No Aplica,No Aplica,No Aplica,No Aplica,VIGENCIA ACTUAL,ENTIDADES TERRITORIALES - SALUD,NO DEFINIDO,NO DEFINIDO,SALUD Y PROTECCION SOCIAL,364600000.0,449522060.0,2023,Segundo Trimestre,pres_gasto,,,,,,,,,,,,,,,,,,,,,,
4118942,20210301,124205000,E.S.E. Hospital San Fernando - Amagá,2,GASTOS,GASTOS,No Aplica,No Aplica,No Aplica,No Aplica,No Aplica,No Aplica,No Aplica,No Aplica,No Aplica,CUENTAS POR PAGAR,ENTIDADES DIFERENTES A ENTIDADES TERRITORIALES - GESTION GENERAL,NO DEFINIDO,NO DEFINIDO,NO DEFINIDO,419384249.0,1273530548.0,2021,Primer Trimestre,pres_gasto,,,,,,,,,,,,,,,,,,,,,,
4140024,20210301,124205000,E.S.E. Hospital San Fernando - Amagá,2.1.2.02.01,MATERIALES Y SUMINISTROS,GASTOS,FUNCIONAMIENTO,ADQUISICION DE BIENES Y SERVICIOS,ADQUISICIONES DIFERENTES DE ACTIVOS,MATERIALES Y SUMINISTROS,No Aplica,No Aplica,No Aplica,No Aplica,No Aplica,CUENTAS POR PAGAR,ENTIDADES DIFERENTES A ENTIDADES TERRITORIALES - GESTION GENERAL,NO DEFINIDO,NO DEFINIDO,NO DEFINIDO,0.0,42141360.0,2021,Primer Trimestre,pres_gasto,,,,,,,,,,,,,,,,,,,,,,
4148096,20230601,124205000,E.S.E. Hospital San Fernando - Amagá,2.1.2.02.02.009,"SERVICIOS PARA LA COMUNIDAD, SOCIALES Y PERSONALES",GASTOS,FUNCIONAMIENTO,ADQUISICION DE BIENES Y SERVICIOS,ADQUISICIONES DIFERENTES DE ACTIVOS,ADQUISICION DE SERVICIOS,"SERVICIOS PARA LA COMUNIDAD, SOCIALES Y PERSONALES",No Aplica,No Aplica,No Aplica,No Aplica,VIGENCIA ACTUAL,ENTIDADES TERRITORIALES - SALUD,NO DEFINIDO,NO DEFINIDO,SALUD Y PROTECCION SOCIAL,741000000.0,947210544.0,2023,Segundo Trimestre,pres_gasto,,,,,,,,,,,,,,,,,,,,,,
4152069,20220301,124205000,E.S.E. Hospital San Fernando - Amagá,2.1.8.05.02,INTERESES DE MORA,GASTOS,FUNCIONAMIENTO,"GASTOS POR TRIBUTOS, TASAS, CONTRIBUCIONES, MULTAS, SANCIONES E INTERESES DE MORA","MULTAS, SANCIONES E INTERESES DE MORA",INTERESES DE MORA,No Aplica,No Aplica,No Aplica,No Aplica,No Aplica,VIGENCIA ACTUAL,ENTIDADES DIFERENTES A ENTIDADES TERRITORIALES - UNIDAD DE SALUD,NO DEFINIDO,NO DEFINIDO,SALUD Y PROTECCION SOCIAL,0.0,4000.0,2022,Primer Trimestre,pres_gasto,,,,,,,,,,,,,,,,,,,,,,
4154380,20220901,124205000,E.S.E. Hospital San Fernando - Amagá,2.4.5.01,MATERIALES Y SUMINISTROS,GASTOS,GASTOS DE OPERACION COMERCIAL,GASTOS DE COMERCIALIZACION Y PRODUCCION,MATERIALES Y SUMINISTROS,No Aplica,No Aplica,No Aplica,No Aplica,No Aplica,No Aplica,VIGENCIA ACTUAL,ENTIDADES DIFERENTES A ENTIDADES TERRITORIALES - UNIDAD DE SALUD,NO DEFINIDO,NO DEFINIDO,NO DEFINIDO,590000000.0,655000000.0,2022,Tercer Trimestre,pres_gasto,,,,,,,,,,,,,,,,,,,,,,
4158307,20221201,124205000,E.S.E. Hospital San Fernando - Amagá,2.1.1.01.03.001.01,VACACIONES,GASTOS,FUNCIONAMIENTO,GASTOS DE PERSONAL,PLANTA DE PERSONAL PERMANENTE,REMUNERACIONES NO CONSTITUTIVAS DE FACTOR SALARIAL,PRESTACIONES SOCIALES,VACACIONES,No Aplica,No Aplica,No Aplica,VIGENCIA ACTUAL,ENTIDADES DIFERENTES A ENTIDADES TERRITORIALES - UNIDAD DE SALUD,NO DEFINIDO,NO DEFINIDO,SALUD Y PROTECCION SOCIAL,72866298.0,109729884.0,2022,Cuarto Trimestre,pres_gasto,,,,,,,,,,,,,,,,,,,,,,
4163473,20211201,124205000,E.S.E. Hospital San Fernando - Amagá,2.1.2.02.01.003,"OTROS BIENES TRANSPORTABLES EXCEPTO PRODUCTOS METALICOS, MAQUINARIA Y EQUIPO",GASTOS,FUNCIONAMIENTO,ADQUISICION DE BIENES Y SERVICIOS,ADQUISICIONES DIFERENTES DE ACTIVOS,MATERIALES Y SUMINISTROS,"OTROS BIENES TRANSPORTABLES EXCEPTO PRODUCTOS METALICOS, MAQUINARIA Y EQUIPO",No Aplica,No Aplica,No Aplica,No Aplica,CUENTAS POR PAGAR,ENTIDADES DIFERENTES A ENTIDADES TERRITORIALES - GESTION GENERAL,NO DEFINIDO,NO DEFINIDO,SALUD Y PROTECCION SOCIAL,0.0,25999085.0,2021,Cuarto Trimestre,pres_gasto,,,,,,,,,,,,,,,,,,,,,,
4163570,20211201,124205000,E.S.E. Hospital San Fernando - Amagá,2.1.1.01.02.004,APORTES A CAJAS DE COMPENSACION FAMILIAR,GASTOS,FUNCIONAMIENTO,GASTOS DE PERSONAL,PLANTA DE PERSONAL PERMANENTE,CONTRIBUCIONES INHERENTES A LA NOMINA,APORTES A CAJAS DE COMPENSACION FAMILIAR,No Aplica,No Aplica,No Aplica,No Aplica,VIGENCIA ACTUAL,ENTIDADES DIFERENTES A ENTIDADES TERRITORIALES - GESTION GENERAL,NO DEFINIDO,NO DEFINIDO,SALUD Y PROTECCION SOCIAL,103948085.0,67938200.0,2021,Cuarto Trimestre,pres_gasto,,,,,,,,,,,,,,,,,,,,,,
4166204,20211201,124205000,E.S.E. Hospital San Fernando - Amagá,2.1.2.02,ADQUISICIONES DIFERENTES DE ACTIVOS,GASTOS,FUNCIONAMIENTO,ADQUISICION DE BIENES Y SERVICIOS,ADQUISICIONES DIFERENTES DE ACTIVOS,No Aplica,No Aplica,No Aplica,No Aplica,No Aplica,No Aplica,CUENTAS POR PAGAR,ENTIDADES DIFERENTES A ENTIDADES TERRITORIALES - GESTION GENERAL,NO DEFINIDO,NO DEFINIDO,NO DEFINIDO,325000000.0,366451764.0,2021,Cuarto Trimestre,pres_gasto,,,,,,,,,,,,,,,,,,,,,,
4166448,20210901,124205000,E.S.E. Hospital San Fernando - Amagá,2.4.5.02.08,SERVICIOS PRESTADOS A LAS EMPRESAS Y SERVICIOS DE PRODUCCION,GASTOS,GASTOS DE OPERACION COMERCIAL,GASTOS DE COMERCIALIZACION Y PRODUCCION,ADQUISICION DE SERVICIOS,SERVICIOS PRESTADOS A LAS EMPRESAS Y SERVICIOS DE PRODUCCION,No Aplica,No Aplica,No Aplica,No Aplica,No Aplica,CUENTAS POR PAGAR,ENTIDADES DIFERENTES A ENTIDADES TERRITORIALES - GESTION GENERAL,NO DEFINIDO,NO DEFINIDO,SALUD Y PROTECCION SOCIAL,0.0,108747715.0,2021,Tercer Trimestre,pres_gasto,,,,,,,,,,,,,,,,,,,,,,
4179749,20211201,124205000,E.S.E. Hospital San Fernando - Amagá,2.4.5.01,MATERIALES Y SUMINISTROS,GASTOS,GASTOS DE OPERACION COMERCIAL,GASTOS DE COMERCIALIZACION Y PRODUCCION,MATERIALES Y SUMINISTROS,No Aplica,No Aplica,No Aplica,No Aplica,No Aplica,No Aplica,VIGENCIA ACTUAL,ENTIDADES DIFERENTES A ENTIDADES TERRITORIALES - GESTION GENERAL,NO DEFINIDO,NO DEFINIDO,NO DEFINIDO,450000000.0,758964992.0,2021,Cuarto Trimestre,pres_gasto,,,,,,,,,,,,,,,,,,,,,,
4185432,20210301,124205000,E.S.E. Hospital San Fernando - Amagá,2.1.1.01.01.001,FACTORES SALARIALES COMUNES,GASTOS,FUNCIONAMIENTO,GASTOS DE PERSONAL,PLANTA DE PERSONAL PERMANENTE,FACTORES CONSTITUTIVOS DE SALARIO,FACTORES SALARIALES COMUNES,No Aplica,No Aplica,No Aplica,No Aplica,VIGENCIA ACTUAL,ENTIDADES DIFERENTES A ENTIDADES TERRITORIALES - GESTION GENERAL,NO DEFINIDO,NO DEFINIDO,NO DEFINIDO,2690160702.0,2036014403.0,2021,Primer Trimestre,pres_gasto,,,,,,,,,,,,,,,,,,,,,,
4192027,20210901,124205000,E.S.E. Hospital San Fernando - Amagá,2.1.1.01.03.001,PRESTACIONES SOCIALES,GASTOS,FUNCIONAMIENTO,GASTOS DE PERSONAL,PLANTA DE PERSONAL PERMANENTE,REMUNERACIONES NO CONSTITUTIVAS DE FACTOR SALARIAL,PRESTACIONES SOCIALES,No Aplica,No Aplica,No Aplica,No Aplica,VIGENCIA ACTUAL,ENTIDADES DIFERENTES A ENTIDADES TERRITORIALES - GESTION GENERAL,NO DEFINIDO,NO DEFINIDO,NO DEFINIDO,15368184.0,15368184.0,2021,Tercer Trimestre,pres_gasto,,,,,,,,,,,,,,,,,,,,,,
4199089,20220601,124205000,E.S.E. Hospital San Fernando - Amagá,2.1.1,GASTOS DE PERSONAL,GASTOS,FUNCIONAMIENTO,GASTOS DE PERSONAL,No Aplica,No Aplica,No Aplica,No Aplica,No Aplica,No Aplica,No Aplica,VIGENCIA ACTUAL,ENTIDADES DIFERENTES A ENTIDADES TERRITORIALES - UNIDAD DE SALUD,NO DEFINIDO,NO DEFINIDO,NO DEFINIDO,3188831457.0,3185145868.0,2022,Segundo Trimestre,pres_gasto,,,,,,,,,,,,,,,,,,,,,,
4200070,20220301,124205000,E.S.E. Hospital San Fernando - Amagá,2.1.1.01.01.001.08,PRESTACIONES SOCIALES,GASTOS,FUNCIONAMIENTO,GASTOS DE PERSONAL,PLANTA DE PERSONAL PERMANENTE,FACTORES CONSTITUTIVOS DE SALARIO,FACTORES SALARIALES COMUNES,PRESTACIONES SOCIALES,No Aplica,No Aplica,No Aplica,VIGENCIA ACTUAL,ENTIDADES DIFERENTES A ENTIDADES TERRITORIALES - UNIDAD DE SALUD,NO DEFINIDO,NO DEFINIDO,NO DEFINIDO,218598892.0,218598892.0,2022,Primer Trimestre,pres_gasto,,,,,,,,,,,,,,,,,,,,,,
4201768,20210601,124205000,E.S.E. Hospital San Fernando - Amagá,2.1.3.07.02.001.02,MESADAS PENSIONALES A CARGO DE LA ENTIDAD DE PENSIONES,GASTOS,FUNCIONAMIENTO,TRANSFERENCIAS CORRIENTES,PRESTACIONES PARA CUBRIR RIESGOS SOCIALES,PRESTACIONES SOCIALES RELACIONADAS CON EL EMPLEO,MESADAS PENSIONALES DE PENSIONES,MESADAS PENSIONALES A CARGO DE LA ENTIDAD DE PENSIONES,No Aplica,No Aplica,No Aplica,VIGENCIA ACTUAL,ENTIDADES DIFERENTES A ENTIDADES TERRITORIALES - GESTION GENERAL,NO DEFINIDO,NO DEFINIDO,SALUD Y PROTECCION SOCIAL,13249264.0,13249264.0,2021,Segundo Trimestre,pres_gasto,,,,,,,,,,,,,,,,,,,,,,
4201819,20210901,124205000,E.S.E. Hospital San Fernando - Amagá,2.1.1.01.01.001.05,AUXILIO DE TRANSPORTE,GASTOS,FUNCIONAMIENTO,GASTOS DE PERSONAL,PLANTA DE PERSONAL PERMANENTE,FACTORES CONSTITUTIVOS DE SALARIO,FACTORES SALARIALES COMUNES,AUXILIO DE TRANSPORTE,No Aplica,No Aplica,No Aplica,VIGENCIA ACTUAL,ENTIDADES DIFERENTES A ENTIDADES TERRITORIALES - GESTION GENERAL,NO DEFINIDO,NO DEFINIDO,SALUD Y PROTECCION SOCIAL,21534940.0,33534940.0,2021,Tercer Trimestre,pres_gasto,,,,,,,,,,,,,,,,,,,,,,
4202338,20220601,124205000,E.S.E. Hospital San Fernando - Amagá,2.1.1.01,PLANTA DE PERSONAL PERMANENTE,GASTOS,FUNCIONAMIENTO,GASTOS DE PERSONAL,PLANTA DE PERSONAL PERMANENTE,No Aplica,No Aplica,No Aplica,No Aplica,No Aplica,No Aplica,VIGENCIA ACTUAL,ENTIDADES DIFERENTES A ENTIDADES TERRITORIALES - UNIDAD DE SALUD,NO DEFINIDO,NO DEFINIDO,NO DEFINIDO,3069131457.0,3065445868.0,2022,Segundo Trimestre,pres_gasto,,,,,,,,,,,,,,,,,,,,,,
4207304,20210901,124205000,E.S.E. Hospital San Fernando - Amagá,2.1.8,"GASTOS POR TRIBUTOS, TASAS, CONTRIBUCIONES, MULTAS, SANCIONES E INTERESES DE MORA",GASTOS,FUNCIONAMIENTO,"GASTOS POR TRIBUTOS, TASAS, CONTRIBUCIONES, MULTAS, SANCIONES E INTERESES DE MORA",No Aplica,No Aplica,No Aplica,No Aplica,No Aplica,No Aplica,No Aplica,VIGENCIA ACTUAL,ENTIDADES DIFERENTES A ENTIDADES TERRITORIALES - GESTION GENERAL,NO DEFINIDO,NO DEFINIDO,NO DEFINIDO,6000000.0,6000000.0,2021,Tercer Trimestre,pres_gasto,,,,,,,,,,,,,,,,,,,,,,
4210671,20220901,124205000,E.S.E. Hospital San Fernando - Amagá,2.1.1.01.01.001.04,SUBSIDIO DE ALIMENTACION,GASTOS,FUNCIONAMIENTO,GASTOS DE PERSONAL,PLANTA DE PERSONAL PERMANENTE,FACTORES CONSTITUTIVOS DE SALARIO,FACTORES SALARIALES COMUNES,SUBSIDIO DE ALIMENTACION,No Aplica,No Aplica,No Aplica,VIGENCIA ACTUAL,ENTIDADES DIFERENTES A ENTIDADES TERRITORIALES - UNIDAD DE SALUD,NO DEFINIDO,NO DEFINIDO,SALUD Y PROTECCION SOCIAL,12060000.0,17060000.0,2022,Tercer Trimestre,pres_gasto,,,,,,,,,,,,,,,,,,,,,,
4211582,20220301,124205000,E.S.E. Hospital San Fernando - Amagá,2.1.1.01.01.001,FACTORES SALARIALES COMUNES,GASTOS,FUNCIONAMIENTO,GASTOS DE PERSONAL,PLANTA DE PERSONAL PERMANENTE,FACTORES CONSTITUTIVOS DE SALARIO,FACTORES SALARIALES COMUNES,No Aplica,No Aplica,No Aplica,No Aplica,VIGENCIA ACTUAL,ENTIDADES DIFERENTES A ENTIDADES TERRITORIALES - UNIDAD DE SALUD,NO DEFINIDO,NO DEFINIDO,NO DEFINIDO,2126042273.0,2126042273.0,2022,Primer Trimestre,pres_gasto,,,,,,,,,,,,,,,,,,,,,,
4214157,20220301,124205000,E.S.E. Hospital San Fernando - Amagá,2.1.1.01.02.004,APORTES A CAJAS DE COMPENSACION FAMILIAR,GASTOS,FUNCIONAMIENTO,GASTOS DE PERSONAL,PLANTA DE PERSONAL PERMANENTE,CONTRIBUCIONES INHERENTES A LA NOMINA,APORTES A CAJAS DE COMPENSACION FAMILIAR,No Aplica,No Aplica,No Aplica,No Aplica,VIGENCIA ACTUAL,ENTIDADES DIFERENTES A ENTIDADES TERRITORIALES - UNIDAD DE SALUD,NO DEFINIDO,NO DEFINIDO,SALUD Y PROTECCION SOCIAL,69951646.0,69951646.0,2022,Primer Trimestre,pres_gasto,,,,,,,,,,,,,,,,,,,,,,
4216826,20220601,124205000,E.S.E. Hospital San Fernando - Amagá,2.1.1.01.01.001.06,PRIMA DE SERVICIO,GASTOS,FUNCIONAMIENTO,GASTOS DE PERSONAL,PLANTA DE PERSONAL PERMANENTE,FACTORES CONSTITUTIVOS DE SALARIO,FACTORES SALARIALES COMUNES,PRIMA DE SERVICIO,No Aplica,No Aplica,No Aplica,VIGENCIA ACTUAL,ENTIDADES DIFERENTES A ENTIDADES TERRITORIALES - UNIDAD DE SALUD,NO DEFINIDO,NO DEFINIDO,MINAS Y ENERGIA,72866297.0,72866297.0,2022,Segundo Trimestre,pres_gasto,,,,,,,,,,,,,,,,,,,,,,
4231423,20230601,124205000,E.S.E. Hospital San Fernando - Amagá,2.1.3,TRANSFERENCIAS CORRIENTES,GASTOS,FUNCIONAMIENTO,TRANSFERENCIAS CORRIENTES,No Aplica,No Aplica,No Aplica,No Aplica,No Aplica,No Aplica,No Aplica,VIGENCIA ACTUAL,ENTIDADES TERRITORIALES - SALUD,NO DEFINIDO,NO DEFINIDO,NO DEFINIDO,15486241.0,15486241.0,2023,Segundo Trimestre,pres_gasto,,,,,,,,,,,,,,,,,,,,,,
4231819,20210901,124205000,E.S.E. Hospital San Fernando - Amagá,2.1.2.01,ADQUISICION DE ACTIVOS NO FINANCIEROS,GASTOS,FUNCIONAMIENTO,ADQUISICION DE BIENES Y SERVICIOS,ADQUISICION DE ACTIVOS NO FINANCIEROS,No Aplica,No Aplica,No Aplica,No Aplica,No Aplica,No Aplica,VIGENCIA ACTUAL,ENTIDADES DIFERENTES A ENTIDADES TERRITORIALES - GESTION GENERAL,NO DEFINIDO,NO DEFINIDO,NO DEFINIDO,0.0,10000000.0,2021,Tercer Trimestre,pres_gasto,,,,,,,,,,,,,,,,,,,,,,
4235488,20210901,124205000,E.S.E. Hospital San Fernando - Amagá,2.1.1.01.01.001.01,SUELDO BASICO,GASTOS,FUNCIONAMIENTO,GASTOS DE PERSONAL,PLANTA DE PERSONAL PERMANENTE,FACTORES CONSTITUTIVOS DE SALARIO,FACTORES SALARIALES COMUNES,SUELDO BASICO,No Aplica,No Aplica,No Aplica,VIGENCIA ACTUAL,ENTIDADES DIFERENTES A ENTIDADES TERRITORIALES - GESTION GENERAL,NO DEFINIDO,NO DEFINIDO,SALUD Y PROTECCION SOCIAL,1980393496.0,1292083505.0,2021,Tercer Trimestre,pres_gasto,,,,,,,,,,,,,,,,,,,,,,
4242584,20211201,124205000,E.S.E. Hospital San Fernando - Amagá,2.1.1,GASTOS DE PERSONAL,GASTOS,FUNCIONAMIENTO,GASTOS DE PERSONAL,No Aplica,No Aplica,No Aplica,No Aplica,No Aplica,No Aplica,No Aplica,CUENTAS POR PAGAR,ENTIDADES DIFERENTES A ENTIDADES TERRITORIALES - GESTION GENERAL,NO DEFINIDO,NO DEFINIDO,NO DEFINIDO,3000000.0,558203097.0,2021,Cuarto Trimestre,pres_gasto,,,,,,,,,,,,,,,,,,,,,,
4244247,20220301,124205000,E.S.E. Hospital San Fernando - Amagá,2.4.5.02,ADQUISICION DE SERVICIOS,GASTOS,GASTOS DE OPERACION COMERCIAL,GASTOS DE COMERCIALIZACION Y PRODUCCION,ADQUISICION DE SERVICIOS,No Aplica,No Aplica,No Aplica,No Aplica,No Aplica,No Aplica,VIGENCIA ACTUAL,ENTIDADES DIFERENTES A ENTIDADES TERRITORIALES - UNIDAD DE SALUD,NO DEFINIDO,NO DEFINIDO,NO DEFINIDO,45000000.0,45000000.0,2022,Primer Trimestre,pres_gasto,,,,,,,,,,,,,,,,,,,,,,
4245882,20210901,124205000,E.S.E. Hospital San Fernando - Amagá,2.4.5.02.09,"SERVICIOS PARA LA COMUNIDAD, SOCIALES Y PERSONALES",GASTOS,GASTOS DE OPERACION COMERCIAL,GASTOS DE COMERCIALIZACION Y PRODUCCION,ADQUISICION DE SERVICIOS,"SERVICIOS PARA LA COMUNIDAD, SOCIALES Y PERSONALES",No Aplica,No Aplica,No Aplica,No Aplica,No Aplica,CUENTAS POR PAGAR,ENTIDADES DIFERENTES A ENTIDADES TERRITORIALES - GESTION GENERAL,NO DEFINIDO,NO DEFINIDO,SALUD Y PROTECCION SOCIAL,53000000.0,53000000.0,2021,Tercer Trimestre,pres_gasto,,,,,,,,,,,,,,,,,,,,,,
4246849,20220901,124205000,E.S.E. Hospital San Fernando - Amagá,2.1.1.01.01.001.01,SUELDO BASICO,GASTOS,FUNCIONAMIENTO,GASTOS DE PERSONAL,PLANTA DE PERSONAL PERMANENTE,FACTORES CONSTITUTIVOS DE SALARIO,FACTORES SALARIALES COMUNES,SUELDO BASICO,No Aplica,No Aplica,No Aplica,VIGENCIA ACTUAL,ENTIDADES DIFERENTES A ENTIDADES TERRITORIALES - UNIDAD DE SALUD,NO DEFINIDO,NO DEFINIDO,SALUD Y PROTECCION SOCIAL,1640191140.0,1586080218.0,2022,Tercer Trimestre,pres_gasto,,,,,,,,,,,,,,,,,,,,,,
4254523,20220901,124205000,E.S.E. Hospital San Fernando - Amagá,2.1,FUNCIONAMIENTO,GASTOS,FUNCIONAMIENTO,No Aplica,No Aplica,No Aplica,No Aplica,No Aplica,No Aplica,No Aplica,No Aplica,VIGENCIA ACTUAL,ENTIDADES DIFERENTES A ENTIDADES TERRITORIALES - UNIDAD DE SALUD,NO DEFINIDO,NO DEFINIDO,NO DEFINIDO,4625200000.0,5212796563.0,2022,Tercer Trimestre,pres_gasto,,,,,,,,,,,,,,,,,,,,,,
4258045,20220901,124205000,E.S.E. Hospital San Fernando - Amagá,2.1.1.01.03,REMUNERACIONES NO CONSTITUTIVAS DE FACTOR SALARIAL,GASTOS,FUNCIONAMIENTO,GASTOS DE PERSONAL,PLANTA DE PERSONAL PERMANENTE,REMUNERACIONES NO CONSTITUTIVAS DE FACTOR SALARIAL,No Aplica,No Aplica,No Aplica,No Aplica,No Aplica,VIGENCIA ACTUAL,ENTIDADES DIFERENTES A ENTIDADES TERRITORIALES - UNIDAD DE SALUD,NO DEFINIDO,NO DEFINIDO,NO DEFINIDO,82581804.0,88081804.0,2022,Tercer Trimestre,pres_gasto,,,,,,,,,,,,,,,,,,,,,,
4262882,20210601,124205000,E.S.E. Hospital San Fernando - Amagá,2.1.8.04.07,CONTRIBUCION DE VIGILANCIA - SUPERINTENDENCIA NACIONAL DE SALUD,GASTOS,FUNCIONAMIENTO,"GASTOS POR TRIBUTOS, TASAS, CONTRIBUCIONES, MULTAS, SANCIONES E INTERESES DE MORA",CONTRIBUCIONES,CONTRIBUCION DE VIGILANCIA - SUPERINTENDENCIA NACIONAL DE SALUD,No Aplica,No Aplica,No Aplica,No Aplica,No Aplica,VIGENCIA ACTUAL,ENTIDADES DIFERENTES A ENTIDADES TERRITORIALES - GESTION GENERAL,NO DEFINIDO,NO DEFINIDO,SALUD Y PROTECCION SOCIAL,6000000.0,6000000.0,2021,Segundo Trimestre,pres_gasto,,,,,,,,,,,,,,,,,,,,,,
4270213,20210301,124205000,E.S.E. Hospital San Fernando - Amagá,2.4.5.02.08,SERVICIOS PRESTADOS A LAS EMPRESAS Y SERVICIOS DE PRODUCCION,GASTOS,GASTOS DE OPERACION COMERCIAL,GASTOS DE COMERCIALIZACION Y PRODUCCION,ADQUISICION DE SERVICIOS,SERVICIOS PRESTADOS A LAS EMPRESAS Y SERVICIOS DE PRODUCCION,No Aplica,No Aplica,No Aplica,No Aplica,No Aplica,VIGENCIA ACTUAL,ENTIDADES DIFERENTES A ENTIDADES TERRITORIALES - GESTION GENERAL,NO DEFINIDO,NO DEFINIDO,SALUD Y PROTECCION SOCIAL,20000000.0,20000000.0,2021,Primer Trimestre,pres_gasto,,,,,,,,,,,,,,,,,,,,,,
4270434,20210301,124205000,E.S.E. Hospital San Fernando - Amagá,2.1.3.07.02.003.02,BONOS PENSIONALES A CARGO DE LA ENTIDAD DE PENSIONES,GASTOS,FUNCIONAMIENTO,TRANSFERENCIAS CORRIENTES,PRESTACIONES PARA CUBRIR RIESGOS SOCIALES,PRESTACIONES SOCIALES RELACIONADAS CON EL EMPLEO,BONOS PENSIONALES DE PENSIONES,BONOS PENSIONALES A CARGO DE LA ENTIDAD DE PENSIONES,No Aplica,No Aplica,No Aplica,VIGENCIA ACTUAL,ENTIDADES DIFERENTES A ENTIDADES TERRITORIALES - GESTION GENERAL,NO DEFINIDO,NO DEFINIDO,SALUD Y PROTECCION SOCIAL,15000000.0,15000000.0,2021,Primer Trimestre,pres_gasto,,,,,,,,,,,,,,,,,,,,,,
4271413,20211201,124205000,E.S.E. Hospital San Fernando - Amagá,2.1.2.02,ADQUISICIONES DIFERENTES DE ACTIVOS,GASTOS,FUNCIONAMIENTO,ADQUISICION DE BIENES Y SERVICIOS,ADQUISICIONES DIFERENTES DE ACTIVOS,No Aplica,No Aplica,No Aplica,No Aplica,No Aplica,No Aplica,VIGENCIA ACTUAL,ENTIDADES DIFERENTES A ENTIDADES TERRITORIALES - GESTION GENERAL,NO DEFINIDO,NO DEFINIDO,NO DEFINIDO,914872946.0,1960822724.0,2021,Cuarto Trimestre,pres_gasto,,,,,,,,,,,,,,,,,,,,,,
4274475,20220301,124205000,E.S.E. Hospital San Fernando - Amagá,2.1.2.02.02.007,SERVICIOS FINANCIEROS Y SERVICIOS CONEXOS; SERVICIOS INMOBILIARIOS; Y SERVICIOS DE ARRENDAMIENTO Y LEASING,GASTOS,FUNCIONAMIENTO,ADQUISICION DE BIENES Y SERVICIOS,ADQUISICIONES DIFERENTES DE ACTIVOS,ADQUISICION DE SERVICIOS,SERVICIOS FINANCIEROS Y SERVICIOS CONEXOS; SERVICIOS INMOBILIARIOS; Y SERVICIOS DE ARRENDAMIENTO Y LEASING,No Aplica,No Aplica,No Aplica,No Aplica,VIGENCIA ACTUAL,ENTIDADES DIFERENTES A ENTIDADES TERRITORIALES - UNIDAD DE SALUD,NO DEFINIDO,NO DEFINIDO,SALUD Y PROTECCION SOCIAL,53000000.0,52996000.0,2022,Primer Trimestre,pres_gasto,,,,,,,,,,,,,,,,,,,,,,
4275432,20220601,124205000,E.S.E. Hospital San Fernando - Amagá,2.1.1.01.03.001,PRESTACIONES SOCIALES,GASTOS,FUNCIONAMIENTO,GASTOS DE PERSONAL,PLANTA DE PERSONAL PERMANENTE,REMUNERACIONES NO CONSTITUTIVAS DE FACTOR SALARIAL,PRESTACIONES SOCIALES,No Aplica,No Aplica,No Aplica,No Aplica,VIGENCIA ACTUAL,ENTIDADES DIFERENTES A ENTIDADES TERRITORIALES - UNIDAD DE SALUD,NO DEFINIDO,NO DEFINIDO,NO DEFINIDO,82581804.0,82581804.0,2022,Segundo Trimestre,pres_gasto,,,,,,,,,,,,,,,,,,,,,,
4277488,20210601,124205000,E.S.E. Hospital San Fernando - Amagá,2.1.3.07,PRESTACIONES PARA CUBRIR RIESGOS SOCIALES,GASTOS,FUNCIONAMIENTO,TRANSFERENCIAS CORRIENTES,PRESTACIONES PARA CUBRIR RIESGOS SOCIALES,No Aplica,No Aplica,No Aplica,No Aplica,No Aplica,No Aplica,VIGENCIA ACTUAL,ENTIDADES DIFERENTES A ENTIDADES TERRITORIALES - GESTION GENERAL,NO DEFINIDO,NO DEFINIDO,NO DEFINIDO,28249264.0,28249264.0,2021,Segundo Trimestre,pres_gasto,,,,,,,,,,,,,,,,,,,,,,
4277770,20220301,124205000,E.S.E. Hospital San Fernando - Amagá,2.1.1.02,PERSONAL SUPERNUMERARIO Y PLANTA TEMPORAL,GASTOS,FUNCIONAMIENTO,GASTOS DE PERSONAL,PERSONAL SUPERNUMERARIO Y PLANTA TEMPORAL,No Aplica,No Aplica,No Aplica,No Aplica,No Aplica,No Aplica,VIGENCIA ACTUAL,ENTIDADES DIFERENTES A ENTIDADES TERRITORIALES - UNIDAD DE SALUD,NO DEFINIDO,NO DEFINIDO,NO DEFINIDO,119700000.0,119700000.0,2022,Primer Trimestre,pres_gasto,,,,,,,,,,,,,,,,,,,,,,
4285070,20210601,124205000,E.S.E. Hospital San Fernando - Amagá,2.1.1.01.01.001.05,AUXILIO DE TRANSPORTE,GASTOS,FUNCIONAMIENTO,GASTOS DE PERSONAL,PLANTA DE PERSONAL PERMANENTE,FACTORES CONSTITUTIVOS DE SALARIO,FACTORES SALARIALES COMUNES,AUXILIO DE TRANSPORTE,No Aplica,No Aplica,No Aplica,VIGENCIA ACTUAL,ENTIDADES DIFERENTES A ENTIDADES TERRITORIALES - GESTION GENERAL,NO DEFINIDO,NO DEFINIDO,SALUD Y PROTECCION SOCIAL,21534940.0,33534940.0,2021,Segundo Trimestre,pres_gasto,,,,,,,,,,,,,,,,,,,,,,
4286423,20210901,124205000,E.S.E. Hospital San Fernando - Amagá,2.4.5.01.03,"OTROS BIENES TRANSPORTABLES EXCEPTO PRODUCTOS METALICOS, MAQUINARIA Y EQUIPO",GASTOS,GASTOS DE OPERACION COMERCIAL,GASTOS DE COMERCIALIZACION Y PRODUCCION,MATERIALES Y SUMINISTROS,"OTROS BIENES TRANSPORTABLES EXCEPTO PRODUCTOS METALICOS, MAQUINARIA Y EQUIPO",No Aplica,No Aplica,No Aplica,No Aplica,No Aplica,CUENTAS POR PAGAR,ENTIDADES DIFERENTES A ENTIDADES TERRITORIALES - GESTION GENERAL,NO DEFINIDO,NO DEFINIDO,SALUD Y PROTECCION SOCIAL,0.0,14746802.0,2021,Tercer Trimestre,pres_gasto,,,,,,,,,,,,,,,,,,,,,,
4286593,20220601,124205000,E.S.E. Hospital San Fernando - Amagá,2.1.2.02.01,MATERIALES Y SUMINISTROS,GASTOS,FUNCIONAMIENTO,ADQUISICION DE BIENES Y SERVICIOS,ADQUISICIONES DIFERENTES DE ACTIVOS,MATERIALES Y SUMINISTROS,No Aplica,No Aplica,No Aplica,No Aplica,No Aplica,VIGENCIA ACTUAL,ENTIDADES DIFERENTES A ENTIDADES TERRITORIALES - UNIDAD DE SALUD,NO DEFINIDO,NO DEFINIDO,NO DEFINIDO,187600000.0,187600000.0,2022,Segundo Trimestre,pres_gasto,,,,,,,,,,,,,,,,,,,,,,
4286766,20210601,124205000,E.S.E. Hospital San Fernando - Amagá,2.1.3.07.02,PRESTACIONES SOCIALES RELACIONADAS CON EL EMPLEO,GASTOS,FUNCIONAMIENTO,TRANSFERENCIAS CORRIENTES,PRESTACIONES PARA CUBRIR RIESGOS SOCIALES,PRESTACIONES SOCIALES RELACIONADAS CON EL EMPLEO,No Aplica,No Aplica,No Aplica,No Aplica,No Aplica,VIGENCIA ACTUAL,ENTIDADES DIFERENTES A ENTIDADES TERRITORIALES - GESTION GENERAL,NO DEFINIDO,NO DEFINIDO,NO DEFINIDO,28249264.0,28249264.0,2021,Segundo Trimestre,pres_gasto,,,,,,,,,,,,,,,,,,,,,,
4287131,20210601,124205000,E.S.E. Hospital San Fernando - Amagá,2.1.7.01,CESANTIAS,GASTOS,FUNCIONAMIENTO,DISMINUCION DE PASIVOS,CESANTIAS,No Aplica,No Aplica,No Aplica,No Aplica,No Aplica,No Aplica,VIGENCIA ACTUAL,ENTIDADES DIFERENTES A ENTIDADES TERRITORIALES - GESTION GENERAL,NO DEFINIDO,NO DEFINIDO,NO DEFINIDO,26988714.0,26988714.0,2021,Segundo Trimestre,pres_gasto,,,,,,,,,,,,,,,,,,,,,,
4289523,20211201,124205000,E.S.E. Hospital San Fernando - Amagá,2.1.3.07,PRESTACIONES PARA CUBRIR RIESGOS SOCIALES,GASTOS,FUNCIONAMIENTO,TRANSFERENCIAS CORRIENTES,PRESTACIONES PARA CUBRIR RIESGOS SOCIALES,No Aplica,No Aplica,No Aplica,No Aplica,No Aplica,No Aplica,VIGENCIA ACTUAL,ENTIDADES DIFERENTES A ENTIDADES TERRITORIALES - GESTION GENERAL,NO DEFINIDO,NO DEFINIDO,NO DEFINIDO,15000000.0,4425774.0,2021,Cuarto Trimestre,pres_gasto,,,,,,,,,,,,,,,,,,,,,,
4294494,20221201,124205000,E.S.E. Hospital San Fernando - Amagá,2.4.5.02,ADQUISICION DE SERVICIOS,GASTOS,GASTOS DE OPERACION COMERCIAL,GASTOS DE COMERCIALIZACION Y PRODUCCION,ADQUISICION DE SERVICIOS,No Aplica,No Aplica,No Aplica,No Aplica,No Aplica,No Aplica,VIGENCIA ACTUAL,ENTIDADES DIFERENTES A ENTIDADES TERRITORIALES - UNIDAD DE SALUD,NO DEFINIDO,NO DEFINIDO,NO DEFINIDO,45000000.0,70485092.0,2022,Cuarto Trimestre,pres_gasto,,,,,,,,,,,,,,,,,,,,,,
4298237,20221201,124205000,E.S.E. Hospital San Fernando - Amagá,2.1.3.07.02,PRESTACIONES SOCIALES RELACIONADAS CON EL EMPLEO,GASTOS,FUNCIONAMIENTO,TRANSFERENCIAS CORRIENTES,PRESTACIONES PARA CUBRIR RIESGOS SOCIALES,PRESTACIONES SOCIALES RELACIONADAS CON EL EMPLEO,No Aplica,No Aplica,No Aplica,No Aplica,No Aplica,VIGENCIA ACTUAL,ENTIDADES DIFERENTES A ENTIDADES TERRITORIALES - UNIDAD DE SALUD,NO DEFINIDO,NO DEFINIDO,NO DEFINIDO,13995758.0,14078400.0,2022,Cuarto Trimestre,pres_gasto,,,,,,,,,,,,,,,,,,,,,,
4299519,20210901,124205000,E.S.E. Hospital San Fernando - Amagá,2.4.5.02,ADQUISICION DE SERVICIOS,GASTOS,GASTOS DE OPERACION COMERCIAL,GASTOS DE COMERCIALIZACION Y PRODUCCION,ADQUISICION DE SERVICIOS,No Aplica,No Aplica,No Aplica,No Aplica,No Aplica,No Aplica,CUENTAS POR PAGAR,ENTIDADES DIFERENTES A ENTIDADES TERRITORIALES - GESTION GENERAL,NO DEFINIDO,NO DEFINIDO,NO DEFINIDO,53000000.0,161747715.0,2021,Tercer Trimestre,pres_gasto,,,,,,,,,,,,,,,,,,,,,,
4304120,20210301,124205000,E.S.E. Hospital San Fernando - Amagá,2.1.1.01.02.006,APORTES AL ICBF,GASTOS,FUNCIONAMIENTO,GASTOS DE PERSONAL,PLANTA DE PERSONAL PERMANENTE,CONTRIBUCIONES INHERENTES A LA NOMINA,APORTES AL ICBF,No Aplica,No Aplica,No Aplica,No Aplica,VIGENCIA ACTUAL,ENTIDADES DIFERENTES A ENTIDADES TERRITORIALES - GESTION GENERAL,NO DEFINIDO,NO DEFINIDO,SALUD Y PROTECCION SOCIAL,77961063.0,77961063.0,2021,Primer Trimestre,pres_gasto,,,,,,,,,,,,,,,,,,,,,,
4307996,20211201,124205000,E.S.E. Hospital San Fernando - Amagá,2.1.2.02.02.007,SERVICIOS FINANCIEROS Y SERVICIOS CONEXOS; SERVICIOS INMOBILIARIOS; Y SERVICIOS DE ARRENDAMIENTO Y LEASING,GASTOS,FUNCIONAMIENTO,ADQUISICION DE BIENES Y SERVICIOS,ADQUISICIONES DIFERENTES DE ACTIVOS,ADQUISICION DE SERVICIOS,SERVICIOS FINANCIEROS Y SERVICIOS CONEXOS; SERVICIOS INMOBILIARIOS; Y SERVICIOS DE ARRENDAMIENTO Y LEASING,No Aplica,No Aplica,No Aplica,No Aplica,VIGENCIA ACTUAL,ENTIDADES DIFERENTES A ENTIDADES TERRITORIALES - GESTION GENERAL,NO DEFINIDO,NO DEFINIDO,SALUD Y PROTECCION SOCIAL,185000000.0,183699185.0,2021,Cuarto Trimestre,pres_gasto,,,,,,,,,,,,,,,,,,,,,,
4309609,20210601,124205000,E.S.E. Hospital San Fernando - Amagá,2.1.3.07.02.003,BONOS PENSIONALES DE PENSIONES,GASTOS,FUNCIONAMIENTO,TRANSFERENCIAS CORRIENTES,PRESTACIONES PARA CUBRIR RIESGOS SOCIALES,PRESTACIONES SOCIALES RELACIONADAS CON EL EMPLEO,BONOS PENSIONALES DE PENSIONES,No Aplica,No Aplica,No Aplica,No Aplica,CUENTAS POR PAGAR,ENTIDADES DIFERENTES A ENTIDADES TERRITORIALES - GESTION GENERAL,NO DEFINIDO,NO DEFINIDO,NO DEFINIDO,0.0,2061965.0,2021,Segundo Trimestre,pres_gasto,,,,,,,,,,,,,,,,,,,,,,
4327079,20220301,124205000,E.S.E. Hospital San Fernando - Amagá,2.1.1.01.03.001.03,BONIFICACION ESPECIAL DE RECREACION,GASTOS,FUNCIONAMIENTO,GASTOS DE PERSONAL,PLANTA DE PERSONAL PERMANENTE,REMUNERACIONES NO CONSTITUTIVAS DE FACTOR SALARIAL,PRESTACIONES SOCIALES,BONIFICACION ESPECIAL DE RECREACION,No Aplica,No Aplica,No Aplica,VIGENCIA ACTUAL,ENTIDADES DIFERENTES A ENTIDADES TERRITORIALES - UNIDAD DE SALUD,NO DEFINIDO,NO DEFINIDO,SALUD Y PROTECCION SOCIAL,9715506.0,9715506.0,2022,Primer Trimestre,pres_gasto,,,,,,,,,,,,,,,,,,,,,,
4327265,20220901,124205000,E.S.E. Hospital San Fernando - Amagá,2.1.8.05.02,INTERESES DE MORA,GASTOS,FUNCIONAMIENTO,"GASTOS POR TRIBUTOS, TASAS, CONTRIBUCIONES, MULTAS, SANCIONES E INTERESES DE MORA","MULTAS, SANCIONES E INTERESES DE MORA",INTERESES DE MORA,No Aplica,No Aplica,No Aplica,No Aplica,No Aplica,VIGENCIA ACTUAL,ENTIDADES DIFERENTES A ENTIDADES TERRITORIALES - UNIDAD DE SALUD,NO DEFINIDO,NO DEFINIDO,SALUD Y PROTECCION SOCIAL,0.0,4000.0,2022,Tercer Trimestre,pres_gasto,,,,,,,,,,,,,,,,,,,,,,
4331119,20211201,124205000,E.S.E. Hospital San Fernando - Amagá,2.4.5.02.08,SERVICIOS PRESTADOS A LAS EMPRESAS Y SERVICIOS DE PRODUCCION,GASTOS,GASTOS DE OPERACION COMERCIAL,GASTOS DE COMERCIALIZACION Y PRODUCCION,ADQUISICION DE SERVICIOS,SERVICIOS PRESTADOS A LAS EMPRESAS Y SERVICIOS DE PRODUCCION,No Aplica,No Aplica,No Aplica,No Aplica,No Aplica,VIGENCIA ACTUAL,ENTIDADES DIFERENTES A ENTIDADES TERRITORIALES - GESTION GENERAL,NO DEFINIDO,NO DEFINIDO,SALUD Y PROTECCION SOCIAL,20000000.0,10325869.0,2021,Cuarto Trimestre,pres_gasto,,,,,,,,,,,,,,,,,,,,,,
4335129,20210901,124205000,E.S.E. Hospital San Fernando - Amagá,2.1.2.01.01.003.02.08,OTRA MAQUINARIA PARA USOS ESPECIALES Y SUS PARTES Y PIEZAS,GASTOS,FUNCIONAMIENTO,ADQUISICION DE BIENES Y SERVICIOS,ADQUISICION DE ACTIVOS NO FINANCIEROS,ACTIVOS FIJOS,MAQUINARIA Y EQUIPO,MAQUINARIA PARA USOS ESPECIALES,OTRA MAQUINARIA PARA USOS ESPECIALES Y SUS PARTES Y PIEZAS,No Aplica,No Aplica,VIGENCIA ACTUAL,ENTIDADES DIFERENTES A ENTIDADES TERRITORIALES - GESTION GENERAL,NO DEFINIDO,NO DEFINIDO,SALUD Y PROTECCION SOCIAL,0.0,10000000.0,2021,Tercer Trimestre,pres_gasto,,,,,,,,,,,,,,,,,,,,,,
4337565,20210901,124205000,E.S.E. Hospital San Fernando - Amagá,2.1.1.01.02.007,APORTES AL SENA,GASTOS,FUNCIONAMIENTO,GASTOS DE PERSONAL,PLANTA DE PERSONAL PERMANENTE,CONTRIBUCIONES INHERENTES A LA NOMINA,APORTES AL SENA,No Aplica,No Aplica,No Aplica,No Aplica,VIGENCIA ACTUAL,ENTIDADES DIFERENTES A ENTIDADES TERRITORIALES - GESTION GENERAL,NO DEFINIDO,NO DEFINIDO,SALUD Y PROTECCION SOCIAL,51974042.0,51974042.0,2021,Tercer Trimestre,pres_gasto,,,,,,,,,,,,,,,,,,,,,,
4339939,20221201,124205000,E.S.E. Hospital San Fernando - Amagá,2.1.1.01.01.001,FACTORES SALARIALES COMUNES,GASTOS,FUNCIONAMIENTO,GASTOS DE PERSONAL,PLANTA DE PERSONAL PERMANENTE,FACTORES CONSTITUTIVOS DE SALARIO,FACTORES SALARIALES COMUNES,No Aplica,No Aplica,No Aplica,No Aplica,VIGENCIA ACTUAL,ENTIDADES DIFERENTES A ENTIDADES TERRITORIALES - UNIDAD DE SALUD,NO DEFINIDO,NO DEFINIDO,NO DEFINIDO,2126042273.0,2110864193.0,2022,Cuarto Trimestre,pres_gasto,,,,,,,,,,,,,,,,,,,,,,
4357021,20210901,124205000,E.S.E. Hospital San Fernando - Amagá,2.1.2.02.02.008,SERVICIOS PRESTADOS A LAS EMPRESAS Y SERVICIOS DE PRODUCCION,GASTOS,FUNCIONAMIENTO,ADQUISICION DE BIENES Y SERVICIOS,ADQUISICIONES DIFERENTES DE ACTIVOS,ADQUISICION DE SERVICIOS,SERVICIOS PRESTADOS A LAS EMPRESAS Y SERVICIOS DE PRODUCCION,No Aplica,No Aplica,No Aplica,No Aplica,VIGENCIA ACTUAL,ENTIDADES DIFERENTES A ENTIDADES TERRITORIALES - GESTION GENERAL,NO DEFINIDO,NO DEFINIDO,SALUD Y PROTECCION SOCIAL,317000000.0,950688759.0,2021,Tercer Trimestre,pres_gasto,,,,,,,,,,,,,,,,,,,,,,
4358772,20220301,124205000,E.S.E. Hospital San Fernando - Amagá,2.1.1.01.01.001.08.02,PRIMA DE VACACIONES,GASTOS,FUNCIONAMIENTO,GASTOS DE PERSONAL,PLANTA DE PERSONAL PERMANENTE,FACTORES CONSTITUTIVOS DE SALARIO,FACTORES SALARIALES COMUNES,PRESTACIONES SOCIALES,PRIMA DE VACACIONES,No Aplica,No Aplica,VIGENCIA ACTUAL,ENTIDADES DIFERENTES A ENTIDADES TERRITORIALES - UNIDAD DE SALUD,NO DEFINIDO,NO DEFINIDO,SALUD Y PROTECCION SOCIAL,72866297.0,72866297.0,2022,Primer Trimestre,pres_gasto,,,,,,,,,,,,,,,,,,,,,,
4361071,20230601,124205000,E.S.E. Hospital San Fernando - Amagá,2.1.2.02.02.007,SERVICIOS FINANCIEROS Y SERVICIOS CONEXOS; SERVICIOS INMOBILIARIOS; Y SERVICIOS DE ARRENDAMIENTO Y LEASING,GASTOS,FUNCIONAMIENTO,ADQUISICION DE BIENES Y SERVICIOS,ADQUISICIONES DIFERENTES DE ACTIVOS,ADQUISICION DE SERVICIOS,SERVICIOS FINANCIEROS Y SERVICIOS CONEXOS; SERVICIOS INMOBILIARIOS; Y SERVICIOS DE ARRENDAMIENTO Y LEASING,No Aplica,No Aplica,No Aplica,No Aplica,VIGENCIA ACTUAL,ENTIDADES TERRITORIALES - SALUD,NO DEFINIDO,NO DEFINIDO,SALUD Y PROTECCION SOCIAL,0.0,25426608.0,2023,Segundo Trimestre,pres_gasto,,,,,,,,,,,,,,,,,,,,,,
4362390,20210301,124205000,E.S.E. Hospital San Fernando - Amagá,2.1.1.01.02.004,APORTES A CAJAS DE COMPENSACION FAMILIAR,GASTOS,FUNCIONAMIENTO,GASTOS DE PERSONAL,PLANTA DE PERSONAL PERMANENTE,CONTRIBUCIONES INHERENTES A LA NOMINA,APORTES A CAJAS DE COMPENSACION FAMILIAR,No Aplica,No Aplica,No Aplica,No Aplica,VIGENCIA ACTUAL,ENTIDADES DIFERENTES A ENTIDADES TERRITORIALES - GESTION GENERAL,NO DEFINIDO,NO DEFINIDO,SALUD Y PROTECCION SOCIAL,103948085.0,103948085.0,2021,Primer Trimestre,pres_gasto,,,,,,,,,,,,,,,,,,,,,,
4368158,20211201,124205000,E.S.E. Hospital San Fernando - Amagá,2,GASTOS,GASTOS,No Aplica,No Aplica,No Aplica,No Aplica,No Aplica,No Aplica,No Aplica,No Aplica,No Aplica,CUENTAS POR PAGAR,ENTIDADES DIFERENTES A ENTIDADES TERRITORIALES - GESTION GENERAL,NO DEFINIDO,NO DEFINIDO,NO DEFINIDO,419384249.0,1272918261.0,2021,Cuarto Trimestre,pres_gasto,,,,,,,,,,,,,,,,,,,,,,
4371752,20220901,124205000,E.S.E. Hospital San Fernando - Amagá,2.1.1,GASTOS DE PERSONAL,GASTOS,FUNCIONAMIENTO,GASTOS DE PERSONAL,No Aplica,No Aplica,No Aplica,No Aplica,No Aplica,No Aplica,No Aplica,VIGENCIA ACTUAL,ENTIDADES DIFERENTES A ENTIDADES TERRITORIALES - UNIDAD DE SALUD,NO DEFINIDO,NO DEFINIDO,NO DEFINIDO,3188831457.0,3205220535.0,2022,Tercer Trimestre,pres_gasto,,,,,,,,,,,,,,,,,,,,,,
4380322,20230601,124205000,E.S.E. Hospital San Fernando - Amagá,2.1.3.07.02.001,MESADAS PENSIONALES DE PENSIONES,GASTOS,FUNCIONAMIENTO,TRANSFERENCIAS CORRIENTES,PRESTACIONES PARA CUBRIR RIESGOS SOCIALES,PRESTACIONES SOCIALES RELACIONADAS CON EL EMPLEO,MESADAS PENSIONALES DE PENSIONES,No Aplica,No Aplica,No Aplica,No Aplica,VIGENCIA ACTUAL,ENTIDADES TERRITORIALES - SALUD,NO DEFINIDO,NO DEFINIDO,NO DEFINIDO,15486241.0,15486241.0,2023,Segundo Trimestre,pres_gasto,,,,,,,,,,,,,,,,,,,,,,
4384164,20230901,124205000,E.S.E. Hospital San Fernando - Amagá,2.1.3.07.02.001.02,MESADAS PENSIONALES A CARGO DE LA ENTIDAD DE PENSIONES,GASTOS,FUNCIONAMIENTO,TRANSFERENCIAS CORRIENTES,PRESTACIONES PARA CUBRIR RIESGOS SOCIALES,PRESTACIONES SOCIALES RELACIONADAS CON EL EMPLEO,MESADAS PENSIONALES DE PENSIONES,MESADAS PENSIONALES A CARGO DE LA ENTIDAD DE PENSIONES,No Aplica,No Aplica,No Aplica,VIGENCIA ACTUAL,ENTIDADES TERRITORIALES - SALUD,NO DEFINIDO,NO DEFINIDO,SALUD Y PROTECCION SOCIAL,15486241.0,16286241.0,2023,Tercer Trimestre,pres_gasto,,,,,,,,,,,,,,,,,,,,,,
4389538,20230901,124205000,E.S.E. Hospital San Fernando - Amagá,2.1.8.05,"MULTAS, SANCIONES E INTERESES DE MORA",GASTOS,FUNCIONAMIENTO,"GASTOS POR TRIBUTOS, TASAS, CONTRIBUCIONES, MULTAS, SANCIONES E INTERESES DE MORA","MULTAS, SANCIONES E INTERESES DE MORA",No Aplica,No Aplica,No Aplica,No Aplica,No Aplica,No Aplica,VIGENCIA ACTUAL,ENTIDADES TERRITORIALES - SALUD,NO DEFINIDO,NO DEFINIDO,NO DEFINIDO,0.0,1121000.0,2023,Tercer Trimestre,pres_gasto,,,,,,,,,,,,,,,,,,,,,,
4397835,20230901,124205000,E.S.E. Hospital San Fernando - Amagá,2.1.1.01.01,FACTORES CONSTITUTIVOS DE SALARIO,GASTOS,FUNCIONAMIENTO,GASTOS DE PERSONAL,PLANTA DE PERSONAL PERMANENTE,FACTORES CONSTITUTIVOS DE SALARIO,No Aplica,No Aplica,No Aplica,No Aplica,No Aplica,VIGENCIA ACTUAL,ENTIDADES TERRITORIALES - SALUD,NO DEFINIDO,NO DEFINIDO,NO DEFINIDO,3153345674.0,3137724674.0,2023,Tercer Trimestre,pres_gasto,,,,,,,,,,,,,,,,,,,,,,
4402871,20230901,124205000,E.S.E. Hospital San Fernando - Amagá,2.1,FUNCIONAMIENTO,GASTOS,FUNCIONAMIENTO,No Aplica,No Aplica,No Aplica,No Aplica,No Aplica,No Aplica,No Aplica,No Aplica,VIGENCIA ACTUAL,ENTIDADES TERRITORIALES - SALUD,NO DEFINIDO,NO DEFINIDO,NO DEFINIDO,5791000000.0,7152268013.0,2023,Tercer Trimestre,pres_gasto,,,,,,,,,,,,,,,,,,,,,,
4407531,20230901,124205000,E.S.E. Hospital San Fernando - Amagá,2.1.2.02.01.003,"OTROS BIENES TRANSPORTABLES EXCEPTO PRODUCTOS METALICOS, MAQUINARIA Y EQUIPO",GASTOS,FUNCIONAMIENTO,ADQUISICION DE BIENES Y SERVICIOS,ADQUISICIONES DIFERENTES DE ACTIVOS,MATERIALES Y SUMINISTROS,"OTROS BIENES TRANSPORTABLES EXCEPTO PRODUCTOS METALICOS, MAQUINARIA Y EQUIPO",No Aplica,No Aplica,No Aplica,No Aplica,VIGENCIA ACTUAL,ENTIDADES TERRITORIALES - SALUD,NO DEFINIDO,NO DEFINIDO,SALUD Y PROTECCION SOCIAL,184600000.0,251751086.0,2023,Tercer Trimestre,pres_gasto,,,,,,,,,,,,,,,,,,,,,,
4416349,20230901,124205000,E.S.E. Hospital San Fernando - Amagá,2.1.1.01.01.001.01,SUELDO BASICO,GASTOS,FUNCIONAMIENTO,GASTOS DE PERSONAL,PLANTA DE PERSONAL PERMANENTE,FACTORES CONSTITUTIVOS DE SALARIO,FACTORES SALARIALES COMUNES,SUELDO BASICO,No Aplica,No Aplica,No Aplica,VIGENCIA ACTUAL,ENTIDADES TERRITORIALES - SALUD,NO DEFINIDO,NO DEFINIDO,SALUD Y PROTECCION SOCIAL,2168147716.0,2156147716.0,2023,Tercer Trimestre,pres_gasto,,,,,,,,,,,,,,,,,,,,,,
4418292,20230901,124205000,E.S.E. Hospital San Fernando - Amagá,2.1.1.01.02.006,APORTES AL ICBF,GASTOS,FUNCIONAMIENTO,GASTOS DE PERSONAL,PLANTA DE PERSONAL PERMANENTE,CONTRIBUCIONES INHERENTES A LA NOMINA,APORTES AL ICBF,No Aplica,No Aplica,No Aplica,No Aplica,VIGENCIA ACTUAL,ENTIDADES TERRITORIALES - SALUD,NO DEFINIDO,NO DEFINIDO,SALUD Y PROTECCION SOCIAL,64020431.0,64020431.0,2023,Tercer Trimestre,pres_gasto,,,,,,,,,,,,,,,,,,,,,,
4433543,20230901,124205000,E.S.E. Hospital San Fernando - Amagá,2.1.2,ADQUISICION DE BIENES Y SERVICIOS,GASTOS,FUNCIONAMIENTO,ADQUISICION DE BIENES Y SERVICIOS,No Aplica,No Aplica,No Aplica,No Aplica,No Aplica,No Aplica,No Aplica,VIGENCIA ACTUAL,ENTIDADES TERRITORIALES - SALUD,NO DEFINIDO,NO DEFINIDO,NO DEFINIDO,1501200000.0,2339667778.0,2023,Tercer Trimestre,pres_gasto,,,,,,,,,,,,,,,,,,,,,,
4449871,20230901,124205000,E.S.E. Hospital San Fernando - Amagá,2.1.1.01.03,REMUNERACIONES NO CONSTITUTIVAS DE FACTOR SALARIAL,GASTOS,FUNCIONAMIENTO,GASTOS DE PERSONAL,PLANTA DE PERSONAL PERMANENTE,REMUNERACIONES NO CONSTITUTIVAS DE FACTOR SALARIAL,No Aplica,No Aplica,No Aplica,No Aplica,No Aplica,VIGENCIA ACTUAL,ENTIDADES TERRITORIALES - SALUD,NO DEFINIDO,NO DEFINIDO,NO DEFINIDO,92902531.0,115482619.0,2023,Tercer Trimestre,pres_gasto,,,,,,,,,,,,,,,,,,,,,,
4452313,20230901,124205000,E.S.E. Hospital San Fernando - Amagá,2.1.1.01.01.001.08.01,PRIMA DE NAVIDAD,GASTOS,FUNCIONAMIENTO,GASTOS DE PERSONAL,PLANTA DE PERSONAL PERMANENTE,FACTORES CONSTITUTIVOS DE SALARIO,FACTORES SALARIALES COMUNES,PRESTACIONES SOCIALES,PRIMA DE NAVIDAD,No Aplica,No Aplica,VIGENCIA ACTUAL,ENTIDADES TERRITORIALES - SALUD,NO DEFINIDO,NO DEFINIDO,SALUD Y PROTECCION SOCIAL,303945643.0,303945643.0,2023,Tercer Trimestre,pres_gasto,,,,,,,,,,,,,,,,,,,,,,
4455636,20230901,124205000,E.S.E. Hospital San Fernando - Amagá,2.1.2.02,ADQUISICIONES DIFERENTES DE ACTIVOS,GASTOS,FUNCIONAMIENTO,ADQUISICION DE BIENES Y SERVICIOS,ADQUISICIONES DIFERENTES DE ACTIVOS,No Aplica,No Aplica,No Aplica,No Aplica,No Aplica,No Aplica,VIGENCIA ACTUAL,ENTIDADES TERRITORIALES - SALUD,NO DEFINIDO,NO DEFINIDO,NO DEFINIDO,1501200000.0,2339667778.0,2023,Tercer Trimestre,pres_gasto,,,,,,,,,,,,,,,,,,,,,,
4470372,20230901,124205000,E.S.E. Hospital San Fernando - Amagá,2.1.2.02.02.005,CONSTRUCCION Y SERVICIOS DE LA CONSTRUCCION,GASTOS,FUNCIONAMIENTO,ADQUISICION DE BIENES Y SERVICIOS,ADQUISICIONES DIFERENTES DE ACTIVOS,ADQUISICION DE SERVICIOS,CONSTRUCCION Y SERVICIOS DE LA CONSTRUCCION,No Aplica,No Aplica,No Aplica,No Aplica,VIGENCIA ACTUAL,ENTIDADES TERRITORIALES - SALUD,NO DEFINIDO,NO DEFINIDO,SALUD Y PROTECCION SOCIAL,185000000.0,173177940.0,2023,Tercer Trimestre,pres_gasto,,,,,,,,,,,,,,,,,,,,,,
4470723,20230901,124205000,E.S.E. Hospital San Fernando - Amagá,2.4.5.02.06,"COMERCIO Y DISTRIBUCION; ALOJAMIENTO; SERVICIOS DE SUMINISTRO DE COMIDAS Y BEBIDAS; SERVICIOS DE TRANSPORTE; Y SERVICIOS DE DISTRIBUCION DE ELECTRICIDAD, GAS Y AGUA",GASTOS,GASTOS DE OPERACION COMERCIAL,GASTOS DE COMERCIALIZACION Y PRODUCCION,ADQUISICION DE SERVICIOS,"COMERCIO Y DISTRIBUCION; ALOJAMIENTO; SERVICIOS DE SUMINISTRO DE COMIDAS Y BEBIDAS; SERVICIOS DE TRANSPORTE; Y SERVICIOS DE DISTRIBUCION DE ELECTRICIDAD, GAS Y AGUA",No Aplica,No Aplica,No Aplica,No Aplica,No Aplica,VIGENCIA ACTUAL,ENTIDADES TERRITORIALES - SALUD,NO DEFINIDO,NO DEFINIDO,SALUD Y PROTECCION SOCIAL,65000000.0,73000000.0,2023,Tercer Trimestre,pres_gasto,,,,,,,,,,,,,,,,,,,,,,
4484284,20230901,124205000,E.S.E. Hospital San Fernando - Amagá,2.1.3.07.02.001,MESADAS PENSIONALES DE PENSIONES,GASTOS,FUNCIONAMIENTO,TRANSFERENCIAS CORRIENTES,PRESTACIONES PARA CUBRIR RIESGOS SOCIALES,PRESTACIONES SOCIALES RELACIONADAS CON EL EMPLEO,MESADAS PENSIONALES DE PENSIONES,No Aplica,No Aplica,No Aplica,No Aplica,VIGENCIA ACTUAL,ENTIDADES TERRITORIALES - SALUD,NO DEFINIDO,NO DEFINIDO,NO DEFINIDO,15486241.0,16286241.0,2023,Tercer Trimestre,pres_gasto,,,,,,,,,,,,,,,,,,,,,,
4496100,20230901,124205000,E.S.E. Hospital San Fernando - Amagá,2.1.1.01.02.002,APORTES A LA SEGURIDAD SOCIAL EN SALUD,GASTOS,FUNCIONAMIENTO,GASTOS DE PERSONAL,PLANTA DE PERSONAL PERMANENTE,CONTRIBUCIONES INHERENTES A LA NOMINA,APORTES A LA SEGURIDAD SOCIAL EN SALUD,No Aplica,No Aplica,No Aplica,No Aplica,VIGENCIA ACTUAL,ENTIDADES TERRITORIALES - SALUD,NO DEFINIDO,NO DEFINIDO,SALUD Y PROTECCION SOCIAL,188468556.0,188468556.0,2023,Tercer Trimestre,pres_gasto,,,,,,,,,,,,,,,,,,,,,,
4504265,20230901,124205000,E.S.E. Hospital San Fernando - Amagá,2.1.1.01.01.001.06,PRIMA DE SERVICIO,GASTOS,FUNCIONAMIENTO,GASTOS DE PERSONAL,PLANTA DE PERSONAL PERMANENTE,FACTORES CONSTITUTIVOS DE SALARIO,FACTORES SALARIALES COMUNES,PRIMA DE SERVICIO,No Aplica,No Aplica,No Aplica,VIGENCIA ACTUAL,ENTIDADES TERRITORIALES - SALUD,NO DEFINIDO,NO DEFINIDO,SALUD Y PROTECCION SOCIAL,81972821.0,84472821.0,2023,Tercer Trimestre,pres_gasto,,,,,,,,,,,,,,,,,,,,,,
4514180,20230901,124205000,E.S.E. Hospital San Fernando - Amagá,2.1.8.05.02,INTERESES DE MORA,GASTOS,FUNCIONAMIENTO,"GASTOS POR TRIBUTOS, TASAS, CONTRIBUCIONES, MULTAS, SANCIONES E INTERESES DE MORA","MULTAS, SANCIONES E INTERESES DE MORA",INTERESES DE MORA,No Aplica,No Aplica,No Aplica,No Aplica,No Aplica,VIGENCIA ACTUAL,ENTIDADES TERRITORIALES - SALUD,NO DEFINIDO,NO DEFINIDO,SALUD Y PROTECCION SOCIAL,0.0,1121000.0,2023,Tercer Trimestre,pres_gasto,,,,,,,,,,,,,,,,,,,,,,
4529051,20230901,124205000,E.S.E. Hospital San Fernando - Amagá,2.1.7.05,PROGRAMAS DE SANEAMIENTO FISCAL Y FINANCIERO,GASTOS,FUNCIONAMIENTO,DISMINUCION DE PASIVOS,PROGRAMAS DE SANEAMIENTO FISCAL Y FINANCIERO,No Aplica,No Aplica,No Aplica,No Aplica,No Aplica,No Aplica,VIGENCIA ACTUAL,ENTIDADES TERRITORIALES - SALUD,NO DEFINIDO,NO DEFINIDO,NO DEFINIDO,0.0,508634149.0,2023,Tercer Trimestre,pres_gasto,,,,,,,,,,,,,,,,,,,,,,
4533460,20230901,124205000,E.S.E. Hospital San Fernando - Amagá,2.4.5,GASTOS DE COMERCIALIZACION Y PRODUCCION,GASTOS,GASTOS DE OPERACION COMERCIAL,GASTOS DE COMERCIALIZACION Y PRODUCCION,No Aplica,No Aplica,No Aplica,No Aplica,No Aplica,No Aplica,No Aplica,VIGENCIA ACTUAL,ENTIDADES TERRITORIALES - SALUD,NO DEFINIDO,NO DEFINIDO,NO DEFINIDO,680000000.0,802104322.0,2023,Tercer Trimestre,pres_gasto,,,,,,,,,,,,,,,,,,,,,,
4534160,20230901,124205000,E.S.E. Hospital San Fernando - Amagá,2.1.1.01.01.001.05,AUXILIO DE TRANSPORTE,GASTOS,FUNCIONAMIENTO,GASTOS DE PERSONAL,PLANTA DE PERSONAL PERMANENTE,FACTORES CONSTITUTIVOS DE SALARIO,FACTORES SALARIALES COMUNES,AUXILIO DE TRANSPORTE,No Aplica,No Aplica,No Aplica,VIGENCIA ACTUAL,ENTIDADES TERRITORIALES - SALUD,NO DEFINIDO,NO DEFINIDO,SALUD Y PROTECCION SOCIAL,57980000.0,57980000.0,2023,Tercer Trimestre,pres_gasto,,,,,,,,,,,,,,,,,,,,,,
4536578,20230901,124205000,E.S.E. Hospital San Fernando - Amagá,2.1.1.01.02.003,APORTES DE CESANTIAS,GASTOS,FUNCIONAMIENTO,GASTOS DE PERSONAL,PLANTA DE PERSONAL PERMANENTE,CONTRIBUCIONES INHERENTES A LA NOMINA,APORTES DE CESANTIAS,No Aplica,No Aplica,No Aplica,No Aplica,VIGENCIA ACTUAL,ENTIDADES TERRITORIALES - SALUD,NO DEFINIDO,NO DEFINIDO,SALUD Y PROTECCION SOCIAL,332569388.0,332569388.0,2023,Tercer Trimestre,pres_gasto,,,,,,,,,,,,,,,,,,,,,,
4537635,20230901,124205000,E.S.E. Hospital San Fernando - Amagá,2.1.2.02.02.009,"SERVICIOS PARA LA COMUNIDAD, SOCIALES Y PERSONALES",GASTOS,FUNCIONAMIENTO,ADQUISICION DE BIENES Y SERVICIOS,ADQUISICIONES DIFERENTES DE ACTIVOS,ADQUISICION DE SERVICIOS,"SERVICIOS PARA LA COMUNIDAD, SOCIALES Y PERSONALES",No Aplica,No Aplica,No Aplica,No Aplica,VIGENCIA ACTUAL,ENTIDADES TERRITORIALES - SALUD,NO DEFINIDO,NO DEFINIDO,SALUD Y PROTECCION SOCIAL,741000000.0,1302507791.0,2023,Tercer Trimestre,pres_gasto,,,,,,,,,,,,,,,,,,,,,,
4538919,20230901,124205000,E.S.E. Hospital San Fernando - Amagá,2.1.3.07.02,PRESTACIONES SOCIALES RELACIONADAS CON EL EMPLEO,GASTOS,FUNCIONAMIENTO,TRANSFERENCIAS CORRIENTES,PRESTACIONES PARA CUBRIR RIESGOS SOCIALES,PRESTACIONES SOCIALES RELACIONADAS CON EL EMPLEO,No Aplica,No Aplica,No Aplica,No Aplica,No Aplica,VIGENCIA ACTUAL,ENTIDADES TERRITORIALES - SALUD,NO DEFINIDO,NO DEFINIDO,NO DEFINIDO,15486241.0,16286241.0,2023,Tercer Trimestre,pres_gasto,,,,,,,,,,,,,,,,,,,,,,
4557154,20230901,124205000,E.S.E. Hospital San Fernando - Amagá,2.1.1.01.01.001.10,VIATICOS DE LOS FUNCIONARIOS EN COMISION,GASTOS,FUNCIONAMIENTO,GASTOS DE PERSONAL,PLANTA DE PERSONAL PERMANENTE,FACTORES CONSTITUTIVOS DE SALARIO,FACTORES SALARIALES COMUNES,VIATICOS DE LOS FUNCIONARIOS EN COMISION,No Aplica,No Aplica,No Aplica,VIGENCIA ACTUAL,ENTIDADES TERRITORIALES - SALUD,NO DEFINIDO,NO DEFINIDO,SALUD Y PROTECCION SOCIAL,30000000.0,30000000.0,2023,Tercer Trimestre,pres_gasto,,,,,,,,,,,,,,,,,,,,,,
4565049,20230901,124205000,E.S.E. Hospital San Fernando - Amagá,2.1.7.05.01,PROGRAMAS DE SANEAMIENTO FISCAL Y FINANCIERO EMPRESAS SOCIALES DEL ESTADO ESE,GASTOS,FUNCIONAMIENTO,DISMINUCION DE PASIVOS,PROGRAMAS DE SANEAMIENTO FISCAL Y FINANCIERO,PROGRAMAS DE SANEAMIENTO FISCAL Y FINANCIERO EMPRESAS SOCIALES DEL ESTADO ESE,No Aplica,No Aplica,No Aplica,No Aplica,No Aplica,VIGENCIA ACTUAL,ENTIDADES TERRITORIALES - SALUD,NO DEFINIDO,NO DEFINIDO,SALUD Y PROTECCION SOCIAL,0.0,508634149.0,2023,Tercer Trimestre,pres_gasto,,,,,,,,,,,,,,,,,,,,,,
4568975,20230901,124205000,E.S.E. Hospital San Fernando - Amagá,2.1.3.07,PRESTACIONES PARA CUBRIR RIESGOS SOCIALES,GASTOS,FUNCIONAMIENTO,TRANSFERENCIAS CORRIENTES,PRESTACIONES PARA CUBRIR RIESGOS SOCIALES,No Aplica,No Aplica,No Aplica,No Aplica,No Aplica,No Aplica,VIGENCIA ACTUAL,ENTIDADES TERRITORIALES - SALUD,NO DEFINIDO,NO DEFINIDO,NO DEFINIDO,15486241.0,16286241.0,2023,Tercer Trimestre,pres_gasto,,,,,,,,,,,,,,,,,,,,,,
4572384,20230901,124205000,E.S.E. Hospital San Fernando - Amagá,2.1.2.02.01.002,"PRODUCTOS ALIMENTICIOS, BEBIDAS Y TABACO, TEXTILES, PRENDAS DE VESTIR Y PRODUCTOS DE CUERO",GASTOS,FUNCIONAMIENTO,ADQUISICION DE BIENES Y SERVICIOS,ADQUISICIONES DIFERENTES DE ACTIVOS,MATERIALES Y SUMINISTROS,"PRODUCTOS ALIMENTICIOS, BEBIDAS Y TABACO, TEXTILES, PRENDAS DE VESTIR Y PRODUCTOS DE CUERO",No Aplica,No Aplica,No Aplica,No Aplica,VIGENCIA ACTUAL,ENTIDADES TERRITORIALES - SALUD,NO DEFINIDO,NO DEFINIDO,SALUD Y PROTECCION SOCIAL,11000000.0,11000000.0,2023,Tercer Trimestre,pres_gasto,,,,,,,,,,,,,,,,,,,,,,
4578022,20230901,124205000,E.S.E. Hospital San Fernando - Amagá,2.1.1.01.01.001,FACTORES SALARIALES COMUNES,GASTOS,FUNCIONAMIENTO,GASTOS DE PERSONAL,PLANTA DE PERSONAL PERMANENTE,FACTORES CONSTITUTIVOS DE SALARIO,FACTORES SALARIALES COMUNES,No Aplica,No Aplica,No Aplica,No Aplica,VIGENCIA ACTUAL,ENTIDADES TERRITORIALES - SALUD,NO DEFINIDO,NO DEFINIDO,NO DEFINIDO,3153345674.0,3137724674.0,2023,Tercer Trimestre,pres_gasto,,,,,,,,,,,,,,,,,,,,,,
4595069,20230901,124205000,E.S.E. Hospital San Fernando - Amagá,2.1.1.01.02.004,APORTES A CAJAS DE COMPENSACION FAMILIAR,GASTOS,FUNCIONAMIENTO,GASTOS DE PERSONAL,PLANTA DE PERSONAL PERMANENTE,CONTRIBUCIONES INHERENTES A LA NOMINA,APORTES A CAJAS DE COMPENSACION FAMILIAR,No Aplica,No Aplica,No Aplica,No Aplica,VIGENCIA ACTUAL,ENTIDADES TERRITORIALES - SALUD,NO DEFINIDO,NO DEFINIDO,SALUD Y PROTECCION SOCIAL,85193909.0,85193909.0,2023,Tercer Trimestre,pres_gasto,,,,,,,,,,,,,,,,,,,,,,
4604521,20230901,124205000,E.S.E. Hospital San Fernando - Amagá,2.1.2.02.02.010,VIATICOS DE LOS FUNCIONARIOS EN COMISION,GASTOS,FUNCIONAMIENTO,ADQUISICION DE BIENES Y SERVICIOS,ADQUISICIONES DIFERENTES DE ACTIVOS,ADQUISICION DE SERVICIOS,VIATICOS DE LOS FUNCIONARIOS EN COMISION,No Aplica,No Aplica,No Aplica,No Aplica,VIGENCIA ACTUAL,ENTIDADES TERRITORIALES - SALUD,NO DEFINIDO,NO DEFINIDO,SALUD Y PROTECCION SOCIAL,15000000.0,31263332.0,2023,Tercer Trimestre,pres_gasto,,,,,,,,,,,,,,,,,,,,,,
4624943,20230901,124205000,E.S.E. Hospital San Fernando - Amagá,2.1.8,"GASTOS POR TRIBUTOS, TASAS, CONTRIBUCIONES, MULTAS, SANCIONES E INTERESES DE MORA",GASTOS,FUNCIONAMIENTO,"GASTOS POR TRIBUTOS, TASAS, CONTRIBUCIONES, MULTAS, SANCIONES E INTERESES DE MORA",No Aplica,No Aplica,No Aplica,No Aplica,No Aplica,No Aplica,No Aplica,VIGENCIA ACTUAL,ENTIDADES TERRITORIALES - SALUD,NO DEFINIDO,NO DEFINIDO,NO DEFINIDO,0.0,6406998.0,2023,Tercer Trimestre,pres_gasto,,,,,,,,,,,,,,,,,,,,,,
4631634,20230901,124205000,E.S.E. Hospital San Fernando - Amagá,2.1.7,DISMINUCION DE PASIVOS,GASTOS,FUNCIONAMIENTO,DISMINUCION DE PASIVOS,No Aplica,No Aplica,No Aplica,No Aplica,No Aplica,No Aplica,No Aplica,VIGENCIA ACTUAL,ENTIDADES TERRITORIALES - SALUD,NO DEFINIDO,NO DEFINIDO,NO DEFINIDO,0.0,508634149.0,2023,Tercer Trimestre,pres_gasto,,,,,,,,,,,,,,,,,,,,,,
4635302,20230901,124205000,E.S.E. Hospital San Fernando - Amagá,2.1.1.01.01.001.04,SUBSIDIO DE ALIMENTACION,GASTOS,FUNCIONAMIENTO,GASTOS DE PERSONAL,PLANTA DE PERSONAL PERMANENTE,FACTORES CONSTITUTIVOS DE SALARIO,FACTORES SALARIALES COMUNES,SUBSIDIO DE ALIMENTACION,No Aplica,No Aplica,No Aplica,VIGENCIA ACTUAL,ENTIDADES TERRITORIALES - SALUD,NO DEFINIDO,NO DEFINIDO,SALUD Y PROTECCION SOCIAL,32112000.0,32112000.0,2023,Tercer Trimestre,pres_gasto,,,,,,,,,,,,,,,,,,,,,,
4638277,20230901,124205000,E.S.E. Hospital San Fernando - Amagá,2.1.1.01.02.005,APORTES GENERALES AL SISTEMA DE RIESGOS LABORALES,GASTOS,FUNCIONAMIENTO,GASTOS DE PERSONAL,PLANTA DE PERSONAL PERMANENTE,CONTRIBUCIONES INHERENTES A LA NOMINA,APORTES GENERALES AL SISTEMA DE RIESGOS LABORALES,No Aplica,No Aplica,No Aplica,No Aplica,VIGENCIA ACTUAL,ENTIDADES TERRITORIALES - SALUD,NO DEFINIDO,NO DEFINIDO,SALUD Y PROTECCION SOCIAL,51334590.0,51334590.0,2023,Tercer Trimestre,pres_gasto,,,,,,,,,,,,,,,,,,,,,,
4644592,20230901,124205000,E.S.E. Hospital San Fernando - Amagá,2.1.2.02.02.007,SERVICIOS FINANCIEROS Y SERVICIOS CONEXOS; SERVICIOS INMOBILIARIOS; Y SERVICIOS DE ARRENDAMIENTO Y LEASING,GASTOS,FUNCIONAMIENTO,ADQUISICION DE BIENES Y SERVICIOS,ADQUISICIONES DIFERENTES DE ACTIVOS,ADQUISICION DE SERVICIOS,SERVICIOS FINANCIEROS Y SERVICIOS CONEXOS; SERVICIOS INMOBILIARIOS; Y SERVICIOS DE ARRENDAMIENTO Y LEASING,No Aplica,No Aplica,No Aplica,No Aplica,VIGENCIA ACTUAL,ENTIDADES TERRITORIALES - SALUD,NO DEFINIDO,NO DEFINIDO,SALUD Y PROTECCION SOCIAL,0.0,74445569.0,2023,Tercer Trimestre,pres_gasto,,,,,,,,,,,,,,,,,,,,,,
4648076,20230901,124205000,E.S.E. Hospital San Fernando - Amagá,2.1.1.01.02.007,APORTES AL SENA,GASTOS,FUNCIONAMIENTO,GASTOS DE PERSONAL,PLANTA DE PERSONAL PERMANENTE,CONTRIBUCIONES INHERENTES A LA NOMINA,APORTES AL SENA,No Aplica,No Aplica,No Aplica,No Aplica,VIGENCIA ACTUAL,ENTIDADES TERRITORIALES - SALUD,NO DEFINIDO,NO DEFINIDO,SALUD Y PROTECCION SOCIAL,42746954.0,42746954.0,2023,Tercer Trimestre,pres_gasto,,,,,,,,,,,,,,,,,,,,,,
4671012,20230901,124205000,E.S.E. Hospital San Fernando - Amagá,2.1.1.01,PLANTA DE PERSONAL PERMANENTE,GASTOS,FUNCIONAMIENTO,GASTOS DE PERSONAL,PLANTA DE PERSONAL PERMANENTE,No Aplica,No Aplica,No Aplica,No Aplica,No Aplica,No Aplica,VIGENCIA ACTUAL,ENTIDADES TERRITORIALES - SALUD,NO DEFINIDO,NO DEFINIDO,NO DEFINIDO,4274313759.0,4281272847.0,2023,Tercer Trimestre,pres_gasto,,,,,,,,,,,,,,,,,,,,,,
4681324,20230901,124205000,E.S.E. Hospital San Fernando - Amagá,2.4,GASTOS DE OPERACION COMERCIAL,GASTOS,GASTOS DE OPERACION COMERCIAL,No Aplica,No Aplica,No Aplica,No Aplica,No Aplica,No Aplica,No Aplica,No Aplica,VIGENCIA ACTUAL,ENTIDADES TERRITORIALES - SALUD,NO DEFINIDO,NO DEFINIDO,NO DEFINIDO,680000000.0,802104322.0,2023,Tercer Trimestre,pres_gasto,,,,,,,,,,,,,,,,,,,,,,
4683121,20230901,124205000,E.S.E. Hospital San Fernando - Amagá,2.1.3,TRANSFERENCIAS CORRIENTES,GASTOS,FUNCIONAMIENTO,TRANSFERENCIAS CORRIENTES,No Aplica,No Aplica,No Aplica,No Aplica,No Aplica,No Aplica,No Aplica,VIGENCIA ACTUAL,ENTIDADES TERRITORIALES - SALUD,NO DEFINIDO,NO DEFINIDO,NO DEFINIDO,15486241.0,16286241.0,2023,Tercer Trimestre,pres_gasto,,,,,,,,,,,,,,,,,,,,,,
4686671,20230901,124205000,E.S.E. Hospital San Fernando - Amagá,2.1.1.01.03.001.03,BONIFICACION ESPECIAL DE RECREACION,GASTOS,FUNCIONAMIENTO,GASTOS DE PERSONAL,PLANTA DE PERSONAL PERMANENTE,REMUNERACIONES NO CONSTITUTIVAS DE FACTOR SALARIAL,PRESTACIONES SOCIALES,BONIFICACION ESPECIAL DE RECREACION,No Aplica,No Aplica,No Aplica,VIGENCIA ACTUAL,ENTIDADES TERRITORIALES - SALUD,NO DEFINIDO,NO DEFINIDO,SALUD Y PROTECCION SOCIAL,10929710.0,10929710.0,2023,Tercer Trimestre,pres_gasto,,,,,,,,,,,,,,,,,,,,,,
4696021,20230901,124205000,E.S.E. Hospital San Fernando - Amagá,2.4.5.01,MATERIALES Y SUMINISTROS,GASTOS,GASTOS DE OPERACION COMERCIAL,GASTOS DE COMERCIALIZACION Y PRODUCCION,MATERIALES Y SUMINISTROS,No Aplica,No Aplica,No Aplica,No Aplica,No Aplica,No Aplica,VIGENCIA ACTUAL,ENTIDADES TERRITORIALES - SALUD,NO DEFINIDO,NO DEFINIDO,NO DEFINIDO,615000000.0,729104322.0,2023,Tercer Trimestre,pres_gasto,,,,,,,,,,,,,,,,,,,,,,
4697194,20230901,124205000,E.S.E. Hospital San Fernando - Amagá,2.1.1,GASTOS DE PERSONAL,GASTOS,FUNCIONAMIENTO,GASTOS DE PERSONAL,No Aplica,No Aplica,No Aplica,No Aplica,No Aplica,No Aplica,No Aplica,VIGENCIA ACTUAL,ENTIDADES TERRITORIALES - SALUD,NO DEFINIDO,NO DEFINIDO,NO DEFINIDO,4274313759.0,4281272847.0,2023,Tercer Trimestre,pres_gasto,,,,,,,,,,,,,,,,,,,,,,
4710720,20230901,124205000,E.S.E. Hospital San Fernando - Amagá,2.1.2.02.02.006,"COMERCIO Y DISTRIBUCION; ALOJAMIENTO; SERVICIOS DE SUMINISTRO DE COMIDAS Y BEBIDAS; SERVICIOS DE TRANSPORTE; Y SERVICIOS DE DISTRIBUCION DE ELECTRICIDAD, GAS Y AGUA",GASTOS,FUNCIONAMIENTO,ADQUISICION DE BIENES Y SERVICIOS,ADQUISICIONES DIFERENTES DE ACTIVOS,ADQUISICION DE SERVICIOS,"COMERCIO Y DISTRIBUCION; ALOJAMIENTO; SERVICIOS DE SUMINISTRO DE COMIDAS Y BEBIDAS; SERVICIOS DE TRANSPORTE; Y SERVICIOS DE DISTRIBUCION DE ELECTRICIDAD, GAS Y AGUA",No Aplica,No Aplica,No Aplica,No Aplica,VIGENCIA ACTUAL,ENTIDADES TERRITORIALES - SALUD,NO DEFINIDO,NO DEFINIDO,SALUD Y PROTECCION SOCIAL,0.0,5000000.0,2023,Tercer Trimestre,pres_gasto,,,,,,,,,,,,,,,,,,,,,,
4711247,20230901,124205000,E.S.E. Hospital San Fernando - Amagá,2,GASTOS,GASTOS,No Aplica,No Aplica,No Aplica,No Aplica,No Aplica,No Aplica,No Aplica,No Aplica,No Aplica,VIGENCIA ACTUAL,ENTIDADES TERRITORIALES - SALUD,NO DEFINIDO,NO DEFINIDO,NO DEFINIDO,6471000000.0,7954372335.0,2023,Tercer Trimestre,pres_gasto,,,,,,,,,,,,,,,,,,,,,,
4718096,20230901,124205000,E.S.E. Hospital San Fernando - Amagá,2.1.8.04.01,CUOTA DE FISCALIZACION Y AUDITAJE,GASTOS,FUNCIONAMIENTO,"GASTOS POR TRIBUTOS, TASAS, CONTRIBUCIONES, MULTAS, SANCIONES E INTERESES DE MORA",CONTRIBUCIONES,CUOTA DE FISCALIZACION Y AUDITAJE,No Aplica,No Aplica,No Aplica,No Aplica,No Aplica,VIGENCIA ACTUAL,ENTIDADES TERRITORIALES - SALUD,NO DEFINIDO,NO DEFINIDO,SALUD Y PROTECCION SOCIAL,0.0,5285998.0,2023,Tercer Trimestre,pres_gasto,,,,,,,,,,,,,,,,,,,,,,
4727514,20230901,124205000,E.S.E. Hospital San Fernando - Amagá,2.1.2.02.02,ADQUISICION DE SERVICIOS,GASTOS,FUNCIONAMIENTO,ADQUISICION DE BIENES Y SERVICIOS,ADQUISICIONES DIFERENTES DE ACTIVOS,ADQUISICION DE SERVICIOS,No Aplica,No Aplica,No Aplica,No Aplica,No Aplica,VIGENCIA ACTUAL,ENTIDADES TERRITORIALES - SALUD,NO DEFINIDO,NO DEFINIDO,NO DEFINIDO,1305600000.0,2076916692.0,2023,Tercer Trimestre,pres_gasto,,,,,,,,,,,,,,,,,,,,,,
4738444,20230901,124205000,E.S.E. Hospital San Fernando - Amagá,2.1.1.01.01.001.08.02,PRIMA DE VACACIONES,GASTOS,FUNCIONAMIENTO,GASTOS DE PERSONAL,PLANTA DE PERSONAL PERMANENTE,FACTORES CONSTITUTIVOS DE SALARIO,FACTORES SALARIALES COMUNES,PRESTACIONES SOCIALES,PRIMA DE VACACIONES,No Aplica,No Aplica,VIGENCIA ACTUAL,ENTIDADES TERRITORIALES - SALUD,NO DEFINIDO,NO DEFINIDO,SALUD Y PROTECCION SOCIAL,81972821.0,81972821.0,2023,Tercer Trimestre,pres_gasto,,,,,,,,,,,,,,,,,,,,,,
4738725,20230901,124205000,E.S.E. Hospital San Fernando - Amagá,2.1.1.01.03.001.01,VACACIONES,GASTOS,FUNCIONAMIENTO,GASTOS DE PERSONAL,PLANTA DE PERSONAL PERMANENTE,REMUNERACIONES NO CONSTITUTIVAS DE FACTOR SALARIAL,PRESTACIONES SOCIALES,VACACIONES,No Aplica,No Aplica,No Aplica,VIGENCIA ACTUAL,ENTIDADES TERRITORIALES - SALUD,NO DEFINIDO,NO DEFINIDO,SALUD Y PROTECCION SOCIAL,81972821.0,104552909.0,2023,Tercer Trimestre,pres_gasto,,,,,,,,,,,,,,,,,,,,,,
4762346,20230901,124205000,E.S.E. Hospital San Fernando - Amagá,2.1.8.04,CONTRIBUCIONES,GASTOS,FUNCIONAMIENTO,"GASTOS POR TRIBUTOS, TASAS, CONTRIBUCIONES, MULTAS, SANCIONES E INTERESES DE MORA",CONTRIBUCIONES,No Aplica,No Aplica,No Aplica,No Aplica,No Aplica,No Aplica,VIGENCIA ACTUAL,ENTIDADES TERRITORIALES - SALUD,NO DEFINIDO,NO DEFINIDO,NO DEFINIDO,0.0,5285998.0,2023,Tercer Trimestre,pres_gasto,,,,,,,,,,,,,,,,,,,,,,
4779035,20230901,124205000,E.S.E. Hospital San Fernando - Amagá,2.1.1.01.01.001.07,BONIFICACION POR SERVICIOS PRESTADOS,GASTOS,FUNCIONAMIENTO,GASTOS DE PERSONAL,PLANTA DE PERSONAL PERMANENTE,FACTORES CONSTITUTIVOS DE SALARIO,FACTORES SALARIALES COMUNES,BONIFICACION POR SERVICIOS PRESTADOS,No Aplica,No Aplica,No Aplica,VIGENCIA ACTUAL,ENTIDADES TERRITORIALES - SALUD,NO DEFINIDO,NO DEFINIDO,SALUD Y PROTECCION SOCIAL,68695285.0,68695285.0,2023,Tercer Trimestre,pres_gasto,,,,,,,,,,,,,,,,,,,,,,
4786902,20230901,124205000,E.S.E. Hospital San Fernando - Amagá,2.1.1.01.01.001.02,"HORAS EXTRAS, DOMINICALES, FESTIVOS Y RECARGOS",GASTOS,FUNCIONAMIENTO,GASTOS DE PERSONAL,PLANTA DE PERSONAL PERMANENTE,FACTORES CONSTITUTIVOS DE SALARIO,FACTORES SALARIALES COMUNES,"HORAS EXTRAS, DOMINICALES, FESTIVOS Y RECARGOS",No Aplica,No Aplica,No Aplica,VIGENCIA ACTUAL,ENTIDADES TERRITORIALES - SALUD,NO DEFINIDO,NO DEFINIDO,SALUD Y PROTECCION SOCIAL,328519388.0,322398388.0,2023,Tercer Trimestre,pres_gasto,,,,,,,,,,,,,,,,,,,,,,
4787613,20230901,124205000,E.S.E. Hospital San Fernando - Amagá,2.1.2.02.01,MATERIALES Y SUMINISTROS,GASTOS,FUNCIONAMIENTO,ADQUISICION DE BIENES Y SERVICIOS,ADQUISICIONES DIFERENTES DE ACTIVOS,MATERIALES Y SUMINISTROS,No Aplica,No Aplica,No Aplica,No Aplica,No Aplica,VIGENCIA ACTUAL,ENTIDADES TERRITORIALES - SALUD,NO DEFINIDO,NO DEFINIDO,NO DEFINIDO,195600000.0,262751086.0,2023,Tercer Trimestre,pres_gasto,,,,,,,,,,,,,,,,,,,,,,
4808293,20230901,124205000,E.S.E. Hospital San Fernando - Amagá,2.1.2.02.02.008,SERVICIOS PRESTADOS A LAS EMPRESAS Y SERVICIOS DE PRODUCCION,GASTOS,FUNCIONAMIENTO,ADQUISICION DE BIENES Y SERVICIOS,ADQUISICIONES DIFERENTES DE ACTIVOS,ADQUISICION DE SERVICIOS,SERVICIOS PRESTADOS A LAS EMPRESAS Y SERVICIOS DE PRODUCCION,No Aplica,No Aplica,No Aplica,No Aplica,VIGENCIA ACTUAL,ENTIDADES TERRITORIALES - SALUD,NO DEFINIDO,NO DEFINIDO,SALUD Y PROTECCION SOCIAL,364600000.0,490522060.0,2023,Tercer Trimestre,pres_gasto,,,,,,,,,,,,,,,,,,,,,,
4814842,20230901,124205000,E.S.E. Hospital San Fernando - Amagá,2.1.1.01.02,CONTRIBUCIONES INHERENTES A LA NOMINA,GASTOS,FUNCIONAMIENTO,GASTOS DE PERSONAL,PLANTA DE PERSONAL PERMANENTE,CONTRIBUCIONES INHERENTES A LA NOMINA,No Aplica,No Aplica,No Aplica,No Aplica,No Aplica,VIGENCIA ACTUAL,ENTIDADES TERRITORIALES - SALUD,NO DEFINIDO,NO DEFINIDO,NO DEFINIDO,1028065554.0,1028065554.0,2023,Tercer Trimestre,pres_gasto,,,,,,,,,,,,,,,,,,,,,,
4818008,20230901,124205000,E.S.E. Hospital San Fernando - Amagá,2.4.5.02,ADQUISICION DE SERVICIOS,GASTOS,GASTOS DE OPERACION COMERCIAL,GASTOS DE COMERCIALIZACION Y PRODUCCION,ADQUISICION DE SERVICIOS,No Aplica,No Aplica,No Aplica,No Aplica,No Aplica,No Aplica,VIGENCIA ACTUAL,ENTIDADES TERRITORIALES - SALUD,NO DEFINIDO,NO DEFINIDO,NO DEFINIDO,65000000.0,73000000.0,2023,Tercer Trimestre,pres_gasto,,,,,,,,,,,,,,,,,,,,,,
4821438,20230901,124205000,E.S.E. Hospital San Fernando - Amagá,2.1.1.01.01.001.08,PRESTACIONES SOCIALES,GASTOS,FUNCIONAMIENTO,GASTOS DE PERSONAL,PLANTA DE PERSONAL PERMANENTE,FACTORES CONSTITUTIVOS DE SALARIO,FACTORES SALARIALES COMUNES,PRESTACIONES SOCIALES,No Aplica,No Aplica,No Aplica,VIGENCIA ACTUAL,ENTIDADES TERRITORIALES - SALUD,NO DEFINIDO,NO DEFINIDO,NO DEFINIDO,385918464.0,385918464.0,2023,Tercer Trimestre,pres_gasto,,,,,,,,,,,,,,,,,,,,,,
4821724,20230901,124205000,E.S.E. Hospital San Fernando - Amagá,2.1.1.01.03.001,PRESTACIONES SOCIALES,GASTOS,FUNCIONAMIENTO,GASTOS DE PERSONAL,PLANTA DE PERSONAL PERMANENTE,REMUNERACIONES NO CONSTITUTIVAS DE FACTOR SALARIAL,PRESTACIONES SOCIALES,No Aplica,No Aplica,No Aplica,No Aplica,VIGENCIA ACTUAL,ENTIDADES TERRITORIALES - SALUD,NO DEFINIDO,NO DEFINIDO,NO DEFINIDO,92902531.0,115482619.0,2023,Tercer Trimestre,pres_gasto,,,,,,,,,,,,,,,,,,,,,,
4830130,20230901,124205000,E.S.E. Hospital San Fernando - Amagá,2.1.1.01.02.001,APORTES A LA SEGURIDAD SOCIAL EN PENSIONES,GASTOS,FUNCIONAMIENTO,GASTOS DE PERSONAL,PLANTA DE PERSONAL PERMANENTE,CONTRIBUCIONES INHERENTES A LA NOMINA,APORTES A LA SEGURIDAD SOCIAL EN PENSIONES,No Aplica,No Aplica,No Aplica,No Aplica,VIGENCIA ACTUAL,ENTIDADES TERRITORIALES - SALUD,NO DEFINIDO,NO DEFINIDO,SALUD Y PROTECCION SOCIAL,263731726.0,263731726.0,2023,Tercer Trimestre,pres_gasto,,,,,,,,,,,,,,,,,,,,,,
4857083,20230901,124205000,E.S.E. Hospital San Fernando - Amagá,2.4.5.01.03,"OTROS BIENES TRANSPORTABLES EXCEPTO PRODUCTOS METALICOS, MAQUINARIA Y EQUIPO",GASTOS,GASTOS DE OPERACION COMERCIAL,GASTOS DE COMERCIALIZACION Y PRODUCCION,MATERIALES Y SUMINISTROS,"OTROS BIENES TRANSPORTABLES EXCEPTO PRODUCTOS METALICOS, MAQUINARIA Y EQUIPO",No Aplica,No Aplica,No Aplica,No Aplica,No Aplica,VIGENCIA ACTUAL,ENTIDADES TERRITORIALES - SALUD,NO DEFINIDO,NO DEFINIDO,SALUD Y PROTECCION SOCIAL,615000000.0,729104322.0,2023,Tercer Trimestre,pres_gasto,,,,,,,,,,,,,,,,,,,,,,
5561134,20230301,124205000,E.S.E. Hospital San Fernando - Amagá,1.1.02.05.001,VENTAS DE ESTABLECIMIENTOS DE MERCADO,INGRESOS,INGRESOS CORRIENTES,INGRESOS NO TRIBUTARIOS,VENTA DE BIENES Y SERVICIOS,VENTAS DE ESTABLECIMIENTOS DE MERCADO,No Aplica,No Aplica,No Aplica,No Aplica,No Aplica,,,,,,,,2023,Primer Trimestre,pres_ingreso,6231000000.0,6231000000.0,,,,,,,,,,,,,,,,,,,,
5561359,20230601,124205000,E.S.E. Hospital San Fernando - Amagá,1.1.02.05,VENTA DE BIENES Y SERVICIOS,INGRESOS,INGRESOS CORRIENTES,INGRESOS NO TRIBUTARIOS,VENTA DE BIENES Y SERVICIOS,No Aplica,No Aplica,No Aplica,No Aplica,No Aplica,No Aplica,,,,,,,,2023,Segundo Trimestre,pres_ingreso,6477210544.0,6231000000.0,,,,,,,,,,,,,,,,,,,,
5561913,20210301,124205000,E.S.E. Hospital San Fernando - Amagá,1.1.02.05.001,VENTAS DE ESTABLECIMIENTOS DE MERCADO,INGRESOS,INGRESOS CORRIENTES,INGRESOS NO TRIBUTARIOS,VENTA DE BIENES Y SERVICIOS,VENTAS DE ESTABLECIMIENTOS DE MERCADO,No Aplica,No Aplica,No Aplica,No Aplica,No Aplica,,,,,,,,2021,Primer Trimestre,pres_ingreso,5100305752.0,5100305752.0,,,,,,,,,,,,,,,,,,,,
5571310,20210601,124205000,E.S.E. Hospital San Fernando - Amagá,1,INGRESOS,INGRESOS,No Aplica,No Aplica,No Aplica,No Aplica,No Aplica,No Aplica,No Aplica,No Aplica,No Aplica,,,,,,,,2021,Segundo Trimestre,pres_ingreso,6120846540.0,5562594544.0,,,,,,,,,,,,,,,,,,,,
5575263,20221201,124205000,E.S.E. Hospital San Fernando - Amagá,1.1,INGRESOS CORRIENTES,INGRESOS,INGRESOS CORRIENTES,No Aplica,No Aplica,No Aplica,No Aplica,No Aplica,No Aplica,No Aplica,No Aplica,,,,,,,,2022,Cuarto Trimestre,pres_ingreso,6262652417.0,5313200000.0,,,,,,,,,,,,,,,,,,,,
5576357,20210301,124205000,E.S.E. Hospital San Fernando - Amagá,1.1.02.06.007,SUBVENCIONES,INGRESOS,INGRESOS CORRIENTES,INGRESOS NO TRIBUTARIOS,TRANSFERENCIAS CORRIENTES,SUBVENCIONES,No Aplica,No Aplica,No Aplica,No Aplica,No Aplica,,,,,,,,2021,Primer Trimestre,pres_ingreso,234457415.0,0.0,,,,,,,,,,,,,,,,,,,,
5582253,20230301,124205000,E.S.E. Hospital San Fernando - Amagá,1.1.02.06,TRANSFERENCIAS CORRIENTES,INGRESOS,INGRESOS CORRIENTES,INGRESOS NO TRIBUTARIOS,TRANSFERENCIAS CORRIENTES,No Aplica,No Aplica,No Aplica,No Aplica,No Aplica,No Aplica,,,,,,,,2023,Primer Trimestre,pres_ingreso,240000000.0,240000000.0,,,,,,,,,,,,,,,,,,,,
5586539,20210901,124205000,E.S.E. Hospital San Fernando - Amagá,1.1.02.06,TRANSFERENCIAS CORRIENTES,INGRESOS,INGRESOS CORRIENTES,INGRESOS NO TRIBUTARIOS,TRANSFERENCIAS CORRIENTES,No Aplica,No Aplica,No Aplica,No Aplica,No Aplica,No Aplica,,,,,,,,2021,Tercer Trimestre,pres_ingreso,559390735.0,0.0,,,,,,,,,,,,,,,,,,,,
5595453,20210901,124205000,E.S.E. Hospital San Fernando - Amagá,1.1.02.06.007.02,EMPRESAS PUBLICAS NO FINANCIERAS,INGRESOS,INGRESOS CORRIENTES,INGRESOS NO TRIBUTARIOS,TRANSFERENCIAS CORRIENTES,SUBVENCIONES,EMPRESAS PUBLICAS NO FINANCIERAS,No Aplica,No Aplica,No Aplica,No Aplica,,,,,,,,2021,Tercer Trimestre,pres_ingreso,517926069.0,0.0,,,,,,,,,,,,,,,,,,,,
5595788,20220901,124205000,E.S.E. Hospital San Fernando - Amagá,1.1.02.05.001.09,"SERVICIOS PARA LA COMUNIDAD, SOCIALES Y PERSONALES",INGRESOS,INGRESOS CORRIENTES,INGRESOS NO TRIBUTARIOS,VENTA DE BIENES Y SERVICIOS,VENTAS DE ESTABLECIMIENTOS DE MERCADO,"SERVICIOS PARA LA COMUNIDAD, SOCIALES Y PERSONALES",No Aplica,No Aplica,No Aplica,No Aplica,,,,,,,,2022,Tercer Trimestre,pres_ingreso,5279466165.0,5101200000.0,,,,,,,,,,,,,,,,,,,,
5610314,20230601,124205000,E.S.E. Hospital San Fernando - Amagá,1.1.02.06.006.06,OTRAS UNIDADES DE GOBIERNO,INGRESOS,INGRESOS CORRIENTES,INGRESOS NO TRIBUTARIOS,TRANSFERENCIAS CORRIENTES,TRANSFERENCIAS DE OTRAS ENTIDADES DEL GOBIERNO GENERAL,OTRAS UNIDADES DE GOBIERNO,No Aplica,No Aplica,No Aplica,No Aplica,,,,,,,,2023,Segundo Trimestre,pres_ingreso,308142737.0,240000000.0,,,,,,,,,,,,,,,,,,,,
5610799,20230301,124205000,E.S.E. Hospital San Fernando - Amagá,1,INGRESOS,INGRESOS,No Aplica,No Aplica,No Aplica,No Aplica,No Aplica,No Aplica,No Aplica,No Aplica,No Aplica,,,,,,,,2023,Primer Trimestre,pres_ingreso,6471000000.0,6471000000.0,,,,,,,,,,,,,,,,,,,,
5610919,20210601,124205000,E.S.E. Hospital San Fernando - Amagá,1.1.02.06.008.01,ACTIVIDADES DE ATENCION A LA SALUD HUMANA Y DE ASISTENCIA SOCIAL,INGRESOS,INGRESOS CORRIENTES,INGRESOS NO TRIBUTARIOS,TRANSFERENCIAS CORRIENTES,DIFERENTES DE SUBVENCIONES,ACTIVIDADES DE ATENCION A LA SALUD HUMANA Y DE ASISTENCIA SOCIAL,No Aplica,No Aplica,No Aplica,No Aplica,,,,,,,,2021,Segundo Trimestre,pres_ingreso,2950659.0,0.0,,,,,,,,,,,,,,,,,,,,
5626665,20210901,124205000,E.S.E. Hospital San Fernando - Amagá,1.1.02.05,VENTA DE BIENES Y SERVICIOS,INGRESOS,INGRESOS CORRIENTES,INGRESOS NO TRIBUTARIOS,VENTA DE BIENES Y SERVICIOS,No Aplica,No Aplica,No Aplica,No Aplica,No Aplica,No Aplica,,,,,,,,2021,Tercer Trimestre,pres_ingreso,5635531259.0,5112305752.0,,,,,,,,,,,,,,,,,,,,
5627316,20210901,124205000,E.S.E. Hospital San Fernando - Amagá,1.1.02.06.007.02.08,TRANSFERENCIAS PARA EMPRESAS SOCIALES DEL ESTADO,INGRESOS,INGRESOS CORRIENTES,INGRESOS NO TRIBUTARIOS,TRANSFERENCIAS CORRIENTES,SUBVENCIONES,EMPRESAS PUBLICAS NO FINANCIERAS,TRANSFERENCIAS PARA EMPRESAS SOCIALES DEL ESTADO,No Aplica,No Aplica,No Aplica,,,,,,,,2021,Tercer Trimestre,pres_ingreso,517926069.0,0.0,,,,,,,,,,,,,,,,,,,,
5630755,20210901,124205000,E.S.E. Hospital San Fernando - Amagá,1.1.02.05.002.03,"OTROS BIENES TRANSPORTABLES EXCEPTO PRODUCTOS METALICOS, MAQUINARIA Y EQUIPO",INGRESOS,INGRESOS CORRIENTES,INGRESOS NO TRIBUTARIOS,VENTA DE BIENES Y SERVICIOS,VENTAS INCIDENTALES DE ESTABLECIMIENTOS NO DE MERCADO,"OTROS BIENES TRANSPORTABLES EXCEPTO PRODUCTOS METALICOS, MAQUINARIA Y EQUIPO",No Aplica,No Aplica,No Aplica,No Aplica,,,,,,,,2021,Tercer Trimestre,pres_ingreso,12000000.0,12000000.0,,,,,,,,,,,,,,,,,,,,
5634266,20210601,124205000,E.S.E. Hospital San Fernando - Amagá,1.1.02.05.002.03,"OTROS BIENES TRANSPORTABLES EXCEPTO PRODUCTOS METALICOS, MAQUINARIA Y EQUIPO",INGRESOS,INGRESOS CORRIENTES,INGRESOS NO TRIBUTARIOS,VENTA DE BIENES Y SERVICIOS,VENTAS INCIDENTALES DE ESTABLECIMIENTOS NO DE MERCADO,"OTROS BIENES TRANSPORTABLES EXCEPTO PRODUCTOS METALICOS, MAQUINARIA Y EQUIPO",No Aplica,No Aplica,No Aplica,No Aplica,,,,,,,,2021,Segundo Trimestre,pres_ingreso,12000000.0,12000000.0,,,,,,,,,,,,,,,,,,,,
5638078,20230301,124205000,E.S.E. Hospital San Fernando - Amagá,1.1.02.06.006,TRANSFERENCIAS DE OTRAS ENTIDADES DEL GOBIERNO GENERAL,INGRESOS,INGRESOS CORRIENTES,INGRESOS NO TRIBUTARIOS,TRANSFERENCIAS CORRIENTES,TRANSFERENCIAS DE OTRAS ENTIDADES DEL GOBIERNO GENERAL,No Aplica,No Aplica,No Aplica,No Aplica,No Aplica,,,,,,,,2023,Primer Trimestre,pres_ingreso,240000000.0,240000000.0,,,,,,,,,,,,,,,,,,,,
5647998,20211201,124205000,E.S.E. Hospital San Fernando - Amagá,1.1,INGRESOS CORRIENTES,INGRESOS,INGRESOS CORRIENTES,No Aplica,No Aplica,No Aplica,No Aplica,No Aplica,No Aplica,No Aplica,No Aplica,,,,,,,,2021,Cuarto Trimestre,pres_ingreso,6459654744.0,5112305752.0,,,,,,,,,,,,,,,,,,,,
5651360,20221201,124205000,E.S.E. Hospital San Fernando - Amagá,1.1.02.05.001,VENTAS DE ESTABLECIMIENTOS DE MERCADO,INGRESOS,INGRESOS CORRIENTES,INGRESOS NO TRIBUTARIOS,VENTA DE BIENES Y SERVICIOS,VENTAS DE ESTABLECIMIENTOS DE MERCADO,No Aplica,No Aplica,No Aplica,No Aplica,No Aplica,,,,,,,,2022,Cuarto Trimestre,pres_ingreso,6040652417.0,5101200000.0,,,,,,,,,,,,,,,,,,,,
5653989,20230601,124205000,E.S.E. Hospital San Fernando - Amagá,1.1.02.06,TRANSFERENCIAS CORRIENTES,INGRESOS,INGRESOS CORRIENTES,INGRESOS NO TRIBUTARIOS,TRANSFERENCIAS CORRIENTES,No Aplica,No Aplica,No Aplica,No Aplica,No Aplica,No Aplica,,,,,,,,2023,Segundo Trimestre,pres_ingreso,308142737.0,240000000.0,,,,,,,,,,,,,,,,,,,,
5656070,20210301,124205000,E.S.E. Hospital San Fernando - Amagá,1.1.02.06.007.02,EMPRESAS PUBLICAS NO FINANCIERAS,INGRESOS,INGRESOS CORRIENTES,INGRESOS NO TRIBUTARIOS,TRANSFERENCIAS CORRIENTES,SUBVENCIONES,EMPRESAS PUBLICAS NO FINANCIERAS,No Aplica,No Aplica,No Aplica,No Aplica,,,,,,,,2021,Primer Trimestre,pres_ingreso,234457415.0,0.0,,,,,,,,,,,,,,,,,,,,
5658000,20210601,124205000,E.S.E. Hospital San Fernando - Amagá,1.0.03,INVERSIONES TEMPORALES,INGRESOS,DISPONIBILIDAD INICIAL,INVERSIONES TEMPORALES,No Aplica,No Aplica,No Aplica,No Aplica,No Aplica,No Aplica,No Aplica,,,,,,,,2021,Segundo Trimestre,pres_ingreso,140000000.0,140000000.0,,,,,,,,,,,,,,,,,,,,
5660855,20211201,124205000,E.S.E. Hospital San Fernando - Amagá,1,INGRESOS,INGRESOS,No Aplica,No Aplica,No Aplica,No Aplica,No Aplica,No Aplica,No Aplica,No Aplica,No Aplica,,,,,,,,2021,Cuarto Trimestre,pres_ingreso,6909943536.0,5562594544.0,,,,,,,,,,,,,,,,,,,,
5666939,20211201,124205000,E.S.E. Hospital San Fernando - Amagá,1.1.02.06.007.02,EMPRESAS PUBLICAS NO FINANCIERAS,INGRESOS,INGRESOS CORRIENTES,INGRESOS NO TRIBUTARIOS,TRANSFERENCIAS CORRIENTES,SUBVENCIONES,EMPRESAS PUBLICAS NO FINANCIERAS,No Aplica,No Aplica,No Aplica,No Aplica,,,,,,,,2021,Cuarto Trimestre,pres_ingreso,685342875.0,0.0,,,,,,,,,,,,,,,,,,,,
5673322,20220301,124205000,E.S.E. Hospital San Fernando - Amagá,1.1.02.06.007,SUBVENCIONES,INGRESOS,INGRESOS CORRIENTES,INGRESOS NO TRIBUTARIOS,TRANSFERENCIAS CORRIENTES,SUBVENCIONES,No Aplica,No Aplica,No Aplica,No Aplica,No Aplica,,,,,,,,2022,Primer Trimestre,pres_ingreso,212000000.0,212000000.0,,,,,,,,,,,,,,,,,,,,
5675838,20211201,124205000,E.S.E. Hospital San Fernando - Amagá,1.1.02.06.008,DIFERENTES DE SUBVENCIONES,INGRESOS,INGRESOS CORRIENTES,INGRESOS NO TRIBUTARIOS,TRANSFERENCIAS CORRIENTES,DIFERENTES DE SUBVENCIONES,No Aplica,No Aplica,No Aplica,No Aplica,No Aplica,,,,,,,,2021,Cuarto Trimestre,pres_ingreso,56868923.0,0.0,,,,,,,,,,,,,,,,,,,,
5676723,20230301,124205000,E.S.E. Hospital San Fernando - Amagá,1.1,INGRESOS CORRIENTES,INGRESOS,INGRESOS CORRIENTES,No Aplica,No Aplica,No Aplica,No Aplica,No Aplica,No Aplica,No Aplica,No Aplica,,,,,,,,2023,Primer Trimestre,pres_ingreso,6471000000.0,6471000000.0,,,,,,,,,,,,,,,,,,,,
5677243,20211201,124205000,E.S.E. Hospital San Fernando - Amagá,1.1.02,INGRESOS NO TRIBUTARIOS,INGRESOS,INGRESOS CORRIENTES,INGRESOS NO TRIBUTARIOS,No Aplica,No Aplica,No Aplica,No Aplica,No Aplica,No Aplica,No Aplica,,,,,,,,2021,Cuarto Trimestre,pres_ingreso,6459654744.0,5112305752.0,,,,,,,,,,,,,,,,,,,,
5680552,20210301,124205000,E.S.E. Hospital San Fernando - Amagá,1,INGRESOS,INGRESOS,No Aplica,No Aplica,No Aplica,No Aplica,No Aplica,No Aplica,No Aplica,No Aplica,No Aplica,,,,,,,,2021,Primer Trimestre,pres_ingreso,5797051959.0,5562594544.0,,,,,,,,,,,,,,,,,,,,
5695843,20220601,124205000,E.S.E. Hospital San Fernando - Amagá,1.1.02.06.006.06,OTRAS UNIDADES DE GOBIERNO,INGRESOS,INGRESOS CORRIENTES,INGRESOS NO TRIBUTARIOS,TRANSFERENCIAS CORRIENTES,TRANSFERENCIAS DE OTRAS ENTIDADES DEL GOBIERNO GENERAL,OTRAS UNIDADES DE GOBIERNO,No Aplica,No Aplica,No Aplica,No Aplica,,,,,,,,2022,Segundo Trimestre,pres_ingreso,212000000.0,212000000.0,,,,,,,,,,,,,,,,,,,,
5701309,20210901,124205000,E.S.E. Hospital San Fernando - Amagá,1.0.01,CAJA,INGRESOS,DISPONIBILIDAD INICIAL,CAJA,No Aplica,No Aplica,No Aplica,No Aplica,No Aplica,No Aplica,No Aplica,,,,,,,,2021,Tercer Trimestre,pres_ingreso,288792.0,288792.0,,,,,,,,,,,,,,,,,,,,
5701671,20220301,124205000,E.S.E. Hospital San Fernando - Amagá,1.1.02.06,TRANSFERENCIAS CORRIENTES,INGRESOS,INGRESOS CORRIENTES,INGRESOS NO TRIBUTARIOS,TRANSFERENCIAS CORRIENTES,No Aplica,No Aplica,No Aplica,No Aplica,No Aplica,No Aplica,,,,,,,,2022,Primer Trimestre,pres_ingreso,212000000.0,212000000.0,,,,,,,,,,,,,,,,,,,,
5702676,20221201,124205000,E.S.E. Hospital San Fernando - Amagá,1.1.02.06.006,TRANSFERENCIAS DE OTRAS ENTIDADES DEL GOBIERNO GENERAL,INGRESOS,INGRESOS CORRIENTES,INGRESOS NO TRIBUTARIOS,TRANSFERENCIAS CORRIENTES,TRANSFERENCIAS DE OTRAS ENTIDADES DEL GOBIERNO GENERAL,No Aplica,No Aplica,No Aplica,No Aplica,No Aplica,,,,,,,,2022,Cuarto Trimestre,pres_ingreso,222000000.0,212000000.0,,,,,,,,,,,,,,,,,,,,
5712561,20230601,124205000,E.S.E. Hospital San Fernando - Amagá,1.1.02.05.001,VENTAS DE ESTABLECIMIENTOS DE MERCADO,INGRESOS,INGRESOS CORRIENTES,INGRESOS NO TRIBUTARIOS,VENTA DE BIENES Y SERVICIOS,VENTAS DE ESTABLECIMIENTOS DE MERCADO,No Aplica,No Aplica,No Aplica,No Aplica,No Aplica,,,,,,,,2023,Segundo Trimestre,pres_ingreso,6477210544.0,6231000000.0,,,,,,,,,,,,,,,,,,,,
5716387,20211201,124205000,E.S.E. Hospital San Fernando - Amagá,1.0.03,INVERSIONES TEMPORALES,INGRESOS,DISPONIBILIDAD INICIAL,INVERSIONES TEMPORALES,No Aplica,No Aplica,No Aplica,No Aplica,No Aplica,No Aplica,No Aplica,,,,,,,,2021,Cuarto Trimestre,pres_ingreso,140000000.0,140000000.0,,,,,,,,,,,,,,,,,,,,
5716582,20210901,124205000,E.S.E. Hospital San Fernando - Amagá,1.1.02.06.008,DIFERENTES DE SUBVENCIONES,INGRESOS,INGRESOS CORRIENTES,INGRESOS NO TRIBUTARIOS,TRANSFERENCIAS CORRIENTES,DIFERENTES DE SUBVENCIONES,No Aplica,No Aplica,No Aplica,No Aplica,No Aplica,,,,,,,,2021,Tercer Trimestre,pres_ingreso,41464666.0,0.0,,,,,,,,,,,,,,,,,,,,
5718215,20220301,124205000,E.S.E. Hospital San Fernando - Amagá,1.1.02.05,VENTA DE BIENES Y SERVICIOS,INGRESOS,INGRESOS CORRIENTES,INGRESOS NO TRIBUTARIOS,VENTA DE BIENES Y SERVICIOS,No Aplica,No Aplica,No Aplica,No Aplica,No Aplica,No Aplica,,,,,,,,2022,Primer Trimestre,pres_ingreso,5101200000.0,5101200000.0,,,,,,,,,,,,,,,,,,,,
5721098,20220901,124205000,E.S.E. Hospital San Fernando - Amagá,1.1.02.06,TRANSFERENCIAS CORRIENTES,INGRESOS,INGRESOS CORRIENTES,INGRESOS NO TRIBUTARIOS,TRANSFERENCIAS CORRIENTES,No Aplica,No Aplica,No Aplica,No Aplica,No Aplica,No Aplica,,,,,,,,2022,Tercer Trimestre,pres_ingreso,212000000.0,212000000.0,,,,,,,,,,,,,,,,,,,,
5721351,20210901,124205000,E.S.E. Hospital San Fernando - Amagá,1.0,DISPONIBILIDAD INICIAL,INGRESOS,DISPONIBILIDAD INICIAL,No Aplica,No Aplica,No Aplica,No Aplica,No Aplica,No Aplica,No Aplica,No Aplica,,,,,,,,2021,Tercer Trimestre,pres_ingreso,450288792.0,450288792.0,,,,,,,,,,,,,,,,,,,,
5739862,20211201,124205000,E.S.E. Hospital San Fernando - Amagá,1.0.02,BANCOS,INGRESOS,DISPONIBILIDAD INICIAL,BANCOS,No Aplica,No Aplica,No Aplica,No Aplica,No Aplica,No Aplica,No Aplica,,,,,,,,2021,Cuarto Trimestre,pres_ingreso,310000000.0,310000000.0,,,,,,,,,,,,,,,,,,,,
5742480,20230601,124205000,E.S.E. Hospital San Fernando - Amagá,1.1,INGRESOS CORRIENTES,INGRESOS,INGRESOS CORRIENTES,No Aplica,No Aplica,No Aplica,No Aplica,No Aplica,No Aplica,No Aplica,No Aplica,,,,,,,,2023,Segundo Trimestre,pres_ingreso,6785353281.0,6471000000.0,,,,,,,,,,,,,,,,,,,,
5743801,20220901,124205000,E.S.E. Hospital San Fernando - Amagá,1.1.02.06.006,TRANSFERENCIAS DE OTRAS ENTIDADES DEL GOBIERNO GENERAL,INGRESOS,INGRESOS CORRIENTES,INGRESOS NO TRIBUTARIOS,TRANSFERENCIAS CORRIENTES,TRANSFERENCIAS DE OTRAS ENTIDADES DEL GOBIERNO GENERAL,No Aplica,No Aplica,No Aplica,No Aplica,No Aplica,,,,,,,,2022,Tercer Trimestre,pres_ingreso,212000000.0,212000000.0,,,,,,,,,,,,,,,,,,,,
5744089,20211201,124205000,E.S.E. Hospital San Fernando - Amagá,1.1.02.06.008.01.14,RECURSOS DEPARTAMENTALES Y DISTRITALES PARA ASEGURAMIENTO,INGRESOS,INGRESOS CORRIENTES,INGRESOS NO TRIBUTARIOS,TRANSFERENCIAS CORRIENTES,DIFERENTES DE SUBVENCIONES,ACTIVIDADES DE ATENCION A LA SALUD HUMANA Y DE ASISTENCIA SOCIAL,RECURSOS DEPARTAMENTALES Y DISTRITALES PARA ASEGURAMIENTO,No Aplica,No Aplica,No Aplica,,,,,,,,2021,Cuarto Trimestre,pres_ingreso,56868923.0,0.0,,,,,,,,,,,,,,,,,,,,
5749191,20220601,124205000,E.S.E. Hospital San Fernando - Amagá,1.1.02.05,VENTA DE BIENES Y SERVICIOS,INGRESOS,INGRESOS CORRIENTES,INGRESOS NO TRIBUTARIOS,VENTA DE BIENES Y SERVICIOS,No Aplica,No Aplica,No Aplica,No Aplica,No Aplica,No Aplica,,,,,,,,2022,Segundo Trimestre,pres_ingreso,5279466165.0,5101200000.0,,,,,,,,,,,,,,,,,,,,
5751952,20210601,124205000,E.S.E. Hospital San Fernando - Amagá,1.1.02.05.001.09,"SERVICIOS PARA LA COMUNIDAD, SOCIALES Y PERSONALES",INGRESOS,INGRESOS CORRIENTES,INGRESOS NO TRIBUTARIOS,VENTA DE BIENES Y SERVICIOS,VENTAS DE ESTABLECIMIENTOS DE MERCADO,"SERVICIOS PARA LA COMUNIDAD, SOCIALES Y PERSONALES",No Aplica,No Aplica,No Aplica,No Aplica,,,,,,,,2021,Segundo Trimestre,pres_ingreso,5173639320.0,5100305752.0,,,,,,,,,,,,,,,,,,,,
5752795,20210301,124205000,E.S.E. Hospital San Fernando - Amagá,1.1.02.06.007.02.08,TRANSFERENCIAS PARA EMPRESAS SOCIALES DEL ESTADO,INGRESOS,INGRESOS CORRIENTES,INGRESOS NO TRIBUTARIOS,TRANSFERENCIAS CORRIENTES,SUBVENCIONES,EMPRESAS PUBLICAS NO FINANCIERAS,TRANSFERENCIAS PARA EMPRESAS SOCIALES DEL ESTADO,No Aplica,No Aplica,No Aplica,,,,,,,,2021,Primer Trimestre,pres_ingreso,234457415.0,0.0,,,,,,,,,,,,,,,,,,,,
5754392,20210901,124205000,E.S.E. Hospital San Fernando - Amagá,1.1.02.05.002,VENTAS INCIDENTALES DE ESTABLECIMIENTOS NO DE MERCADO,INGRESOS,INGRESOS CORRIENTES,INGRESOS NO TRIBUTARIOS,VENTA DE BIENES Y SERVICIOS,VENTAS INCIDENTALES DE ESTABLECIMIENTOS NO DE MERCADO,No Aplica,No Aplica,No Aplica,No Aplica,No Aplica,,,,,,,,2021,Tercer Trimestre,pres_ingreso,12000000.0,12000000.0,,,,,,,,,,,,,,,,,,,,
5755069,20211201,124205000,E.S.E. Hospital San Fernando - Amagá,1.1.02.05.002.03,"OTROS BIENES TRANSPORTABLES EXCEPTO PRODUCTOS METALICOS, MAQUINARIA Y EQUIPO",INGRESOS,INGRESOS CORRIENTES,INGRESOS NO TRIBUTARIOS,VENTA DE BIENES Y SERVICIOS,VENTAS INCIDENTALES DE ESTABLECIMIENTOS NO DE MERCADO,"OTROS BIENES TRANSPORTABLES EXCEPTO PRODUCTOS METALICOS, MAQUINARIA Y EQUIPO",No Aplica,No Aplica,No Aplica,No Aplica,,,,,,,,2021,Cuarto Trimestre,pres_ingreso,12058259.0,12000000.0,,,,,,,,,,,,,,,,,,,,
5757804,20230301,124205000,E.S.E. Hospital San Fernando - Amagá,1.1.02.05.001.09,"SERVICIOS PARA LA COMUNIDAD, SOCIALES Y PERSONALES",INGRESOS,INGRESOS CORRIENTES,INGRESOS NO TRIBUTARIOS,VENTA DE BIENES Y SERVICIOS,VENTAS DE ESTABLECIMIENTOS DE MERCADO,"SERVICIOS PARA LA COMUNIDAD, SOCIALES Y PERSONALES",No Aplica,No Aplica,No Aplica,No Aplica,,,,,,,,2023,Primer Trimestre,pres_ingreso,6231000000.0,6231000000.0,,,,,,,,,,,,,,,,,,,,
5761277,20220601,124205000,E.S.E. Hospital San Fernando - Amagá,1.1.02.05.001,VENTAS DE ESTABLECIMIENTOS DE MERCADO,INGRESOS,INGRESOS CORRIENTES,INGRESOS NO TRIBUTARIOS,VENTA DE BIENES Y SERVICIOS,VENTAS DE ESTABLECIMIENTOS DE MERCADO,No Aplica,No Aplica,No Aplica,No Aplica,No Aplica,,,,,,,,2022,Segundo Trimestre,pres_ingreso,5279466165.0,5101200000.0,,,,,,,,,,,,,,,,,,,,
5763903,20230301,124205000,E.S.E. Hospital San Fernando - Amagá,1.1.02,INGRESOS NO TRIBUTARIOS,INGRESOS,INGRESOS CORRIENTES,INGRESOS NO TRIBUTARIOS,No Aplica,No Aplica,No Aplica,No Aplica,No Aplica,No Aplica,No Aplica,,,,,,,,2023,Primer Trimestre,pres_ingreso,6471000000.0,6471000000.0,,,,,,,,,,,,,,,,,,,,
5767222,20210601,124205000,E.S.E. Hospital San Fernando - Amagá,1.1.02.06.007.02.08,TRANSFERENCIAS PARA EMPRESAS SOCIALES DEL ESTADO,INGRESOS,INGRESOS CORRIENTES,INGRESOS NO TRIBUTARIOS,TRANSFERENCIAS CORRIENTES,SUBVENCIONES,EMPRESAS PUBLICAS NO FINANCIERAS,TRANSFERENCIAS PARA EMPRESAS SOCIALES DEL ESTADO,No Aplica,No Aplica,No Aplica,,,,,,,,2021,Segundo Trimestre,pres_ingreso,481967769.0,0.0,,,,,,,,,,,,,,,,,,,,
5769600,20211201,124205000,E.S.E. Hospital San Fernando - Amagá,1.0,DISPONIBILIDAD INICIAL,INGRESOS,DISPONIBILIDAD INICIAL,No Aplica,No Aplica,No Aplica,No Aplica,No Aplica,No Aplica,No Aplica,No Aplica,,,,,,,,2021,Cuarto Trimestre,pres_ingreso,450288792.0,450288792.0,,,,,,,,,,,,,,,,,,,,
5770599,20210601,124205000,E.S.E. Hospital San Fernando - Amagá,1.1.02.06,TRANSFERENCIAS CORRIENTES,INGRESOS,INGRESOS CORRIENTES,INGRESOS NO TRIBUTARIOS,TRANSFERENCIAS CORRIENTES,No Aplica,No Aplica,No Aplica,No Aplica,No Aplica,No Aplica,,,,,,,,2021,Segundo Trimestre,pres_ingreso,484918428.0,0.0,,,,,,,,,,,,,,,,,,,,
5775174,20210301,124205000,E.S.E. Hospital San Fernando - Amagá,1.0,DISPONIBILIDAD INICIAL,INGRESOS,DISPONIBILIDAD INICIAL,No Aplica,No Aplica,No Aplica,No Aplica,No Aplica,No Aplica,No Aplica,No Aplica,,,,,,,,2021,Primer Trimestre,pres_ingreso,450288792.0,450288792.0,,,,,,,,,,,,,,,,,,,,
5776064,20210901,124205000,E.S.E. Hospital San Fernando - Amagá,1.1,INGRESOS CORRIENTES,INGRESOS,INGRESOS CORRIENTES,No Aplica,No Aplica,No Aplica,No Aplica,No Aplica,No Aplica,No Aplica,No Aplica,,,,,,,,2021,Tercer Trimestre,pres_ingreso,6194921994.0,5112305752.0,,,,,,,,,,,,,,,,,,,,
5792131,20221201,124205000,E.S.E. Hospital San Fernando - Amagá,1.1.02,INGRESOS NO TRIBUTARIOS,INGRESOS,INGRESOS CORRIENTES,INGRESOS NO TRIBUTARIOS,No Aplica,No Aplica,No Aplica,No Aplica,No Aplica,No Aplica,No Aplica,,,,,,,,2022,Cuarto Trimestre,pres_ingreso,6262652417.0,5313200000.0,,,,,,,,,,,,,,,,,,,,
5800704,20210901,124205000,E.S.E. Hospital San Fernando - Amagá,1.0.02,BANCOS,INGRESOS,DISPONIBILIDAD INICIAL,BANCOS,No Aplica,No Aplica,No Aplica,No Aplica,No Aplica,No Aplica,No Aplica,,,,,,,,2021,Tercer Trimestre,pres_ingreso,310000000.0,310000000.0,,,,,,,,,,,,,,,,,,,,
5805343,20220601,124205000,E.S.E. Hospital San Fernando - Amagá,1.1.02.06,TRANSFERENCIAS CORRIENTES,INGRESOS,INGRESOS CORRIENTES,INGRESOS NO TRIBUTARIOS,TRANSFERENCIAS CORRIENTES,No Aplica,No Aplica,No Aplica,No Aplica,No Aplica,No Aplica,,,,,,,,2022,Segundo Trimestre,pres_ingreso,212000000.0,212000000.0,,,,,,,,,,,,,,,,,,,,
5809504,20210301,124205000,E.S.E. Hospital San Fernando - Amagá,1.0.02,BANCOS,INGRESOS,DISPONIBILIDAD INICIAL,BANCOS,No Aplica,No Aplica,No Aplica,No Aplica,No Aplica,No Aplica,No Aplica,,,,,,,,2021,Primer Trimestre,pres_ingreso,310000000.0,310000000.0,,,,,,,,,,,,,,,,,,,,
5819473,20210601,124205000,E.S.E. Hospital San Fernando - Amagá,1.1,INGRESOS CORRIENTES,INGRESOS,INGRESOS CORRIENTES,No Aplica,No Aplica,No Aplica,No Aplica,No Aplica,No Aplica,No Aplica,No Aplica,,,,,,,,2021,Segundo Trimestre,pres_ingreso,5670557748.0,5112305752.0,,,,,,,,,,,,,,,,,,,,
5821688,20210601,124205000,E.S.E. Hospital San Fernando - Amagá,1.0.01,CAJA,INGRESOS,DISPONIBILIDAD INICIAL,CAJA,No Aplica,No Aplica,No Aplica,No Aplica,No Aplica,No Aplica,No Aplica,,,,,,,,2021,Segundo Trimestre,pres_ingreso,288792.0,288792.0,,,,,,,,,,,,,,,,,,,,
5828308,20220601,124205000,E.S.E. Hospital San Fernando - Amagá,1.1.02.05.001.09,"SERVICIOS PARA LA COMUNIDAD, SOCIALES Y PERSONALES",INGRESOS,INGRESOS CORRIENTES,INGRESOS NO TRIBUTARIOS,VENTA DE BIENES Y SERVICIOS,VENTAS DE ESTABLECIMIENTOS DE MERCADO,"SERVICIOS PARA LA COMUNIDAD, SOCIALES Y PERSONALES",No Aplica,No Aplica,No Aplica,No Aplica,,,,,,,,2022,Segundo Trimestre,pres_ingreso,5279466165.0,5101200000.0,,,,,,,,,,,,,,,,,,,,
5829788,20221201,124205000,E.S.E. Hospital San Fernando - Amagá,1.1.02.05,VENTA DE BIENES Y SERVICIOS,INGRESOS,INGRESOS CORRIENTES,INGRESOS NO TRIBUTARIOS,VENTA DE BIENES Y SERVICIOS,No Aplica,No Aplica,No Aplica,No Aplica,No Aplica,No Aplica,,,,,,,,2022,Cuarto Trimestre,pres_ingreso,6040652417.0,5101200000.0,,,,,,,,,,,,,,,,,,,,
5840698,20210901,124205000,E.S.E. Hospital San Fernando - Amagá,1.1.02,INGRESOS NO TRIBUTARIOS,INGRESOS,INGRESOS CORRIENTES,INGRESOS NO TRIBUTARIOS,No Aplica,No Aplica,No Aplica,No Aplica,No Aplica,No Aplica,No Aplica,,,,,,,,2021,Tercer Trimestre,pres_ingreso,6194921994.0,5112305752.0,,,,,,,,,,,,,,,,,,,,
5845492,20221201,124205000,E.S.E. Hospital San Fernando - Amagá,1.1.02.06.006.06,OTRAS UNIDADES DE GOBIERNO,INGRESOS,INGRESOS CORRIENTES,INGRESOS NO TRIBUTARIOS,TRANSFERENCIAS CORRIENTES,TRANSFERENCIAS DE OTRAS ENTIDADES DEL GOBIERNO GENERAL,OTRAS UNIDADES DE GOBIERNO,No Aplica,No Aplica,No Aplica,No Aplica,,,,,,,,2022,Cuarto Trimestre,pres_ingreso,222000000.0,212000000.0,,,,,,,,,,,,,,,,,,,,
5848493,20220901,124205000,E.S.E. Hospital San Fernando - Amagá,1.1.02,INGRESOS NO TRIBUTARIOS,INGRESOS,INGRESOS CORRIENTES,INGRESOS NO TRIBUTARIOS,No Aplica,No Aplica,No Aplica,No Aplica,No Aplica,No Aplica,No Aplica,,,,,,,,2022,Tercer Trimestre,pres_ingreso,5491466165.0,5313200000.0,,,,,,,,,,,,,,,,,,,,
5854303,20211201,124205000,E.S.E. Hospital San Fernando - Amagá,1.1.02.06.007,SUBVENCIONES,INGRESOS,INGRESOS CORRIENTES,INGRESOS NO TRIBUTARIOS,TRANSFERENCIAS CORRIENTES,SUBVENCIONES,No Aplica,No Aplica,No Aplica,No Aplica,No Aplica,,,,,,,,2021,Cuarto Trimestre,pres_ingreso,685342875.0,0.0,,,,,,,,,,,,,,,,,,,,
5856479,20221201,124205000,E.S.E. Hospital San Fernando - Amagá,1.1.02.05.001.09,"SERVICIOS PARA LA COMUNIDAD, SOCIALES Y PERSONALES",INGRESOS,INGRESOS CORRIENTES,INGRESOS NO TRIBUTARIOS,VENTA DE BIENES Y SERVICIOS,VENTAS DE ESTABLECIMIENTOS DE MERCADO,"SERVICIOS PARA LA COMUNIDAD, SOCIALES Y PERSONALES",No Aplica,No Aplica,No Aplica,No Aplica,,,,,,,,2022,Cuarto Trimestre,pres_ingreso,6040652417.0,5101200000.0,,,,,,,,,,,,,,,,,,,,
5858676,20220901,124205000,E.S.E. Hospital San Fernando - Amagá,1.1.02.05.001,VENTAS DE ESTABLECIMIENTOS DE MERCADO,INGRESOS,INGRESOS CORRIENTES,INGRESOS NO TRIBUTARIOS,VENTA DE BIENES Y SERVICIOS,VENTAS DE ESTABLECIMIENTOS DE MERCADO,No Aplica,No Aplica,No Aplica,No Aplica,No Aplica,,,,,,,,2022,Tercer Trimestre,pres_ingreso,5279466165.0,5101200000.0,,,,,,,,,,,,,,,,,,,,
5860747,20210601,124205000,E.S.E. Hospital San Fernando - Amagá,1.1.02.06.008.01.14,RECURSOS DEPARTAMENTALES Y DISTRITALES PARA ASEGURAMIENTO,INGRESOS,INGRESOS CORRIENTES,INGRESOS NO TRIBUTARIOS,TRANSFERENCIAS CORRIENTES,DIFERENTES DE SUBVENCIONES,ACTIVIDADES DE ATENCION A LA SALUD HUMANA Y DE ASISTENCIA SOCIAL,RECURSOS DEPARTAMENTALES Y DISTRITALES PARA ASEGURAMIENTO,No Aplica,No Aplica,No Aplica,,,,,,,,2021,Segundo Trimestre,pres_ingreso,2950659.0,0.0,,,,,,,,,,,,,,,,,,,,
5868385,20220301,124205000,E.S.E. Hospital San Fernando - Amagá,1.1.02.05.001,VENTAS DE ESTABLECIMIENTOS DE MERCADO,INGRESOS,INGRESOS CORRIENTES,INGRESOS NO TRIBUTARIOS,VENTA DE BIENES Y SERVICIOS,VENTAS DE ESTABLECIMIENTOS DE MERCADO,No Aplica,No Aplica,No Aplica,No Aplica,No Aplica,,,,,,,,2022,Primer Trimestre,pres_ingreso,5101200000.0,5101200000.0,,,,,,,,,,,,,,,,,,,,
5869589,20210301,124205000,E.S.E. Hospital San Fernando - Amagá,1.1.02,INGRESOS NO TRIBUTARIOS,INGRESOS,INGRESOS CORRIENTES,INGRESOS NO TRIBUTARIOS,No Aplica,No Aplica,No Aplica,No Aplica,No Aplica,No Aplica,No Aplica,,,,,,,,2021,Primer Trimestre,pres_ingreso,5346763167.0,5112305752.0,,,,,,,,,,,,,,,,,,,,
5870604,20211201,124205000,E.S.E. Hospital San Fernando - Amagá,1.1.02.06.008.01,ACTIVIDADES DE ATENCION A LA SALUD HUMANA Y DE ASISTENCIA SOCIAL,INGRESOS,INGRESOS CORRIENTES,INGRESOS NO TRIBUTARIOS,TRANSFERENCIAS CORRIENTES,DIFERENTES DE SUBVENCIONES,ACTIVIDADES DE ATENCION A LA SALUD HUMANA Y DE ASISTENCIA SOCIAL,No Aplica,No Aplica,No Aplica,No Aplica,,,,,,,,2021,Cuarto Trimestre,pres_ingreso,56868923.0,0.0,,,,,,,,,,,,,,,,,,,,
5872153,20210901,124205000,E.S.E. Hospital San Fernando - Amagá,1.1.02.06.008.01,ACTIVIDADES DE ATENCION A LA SALUD HUMANA Y DE ASISTENCIA SOCIAL,INGRESOS,INGRESOS CORRIENTES,INGRESOS NO TRIBUTARIOS,TRANSFERENCIAS CORRIENTES,DIFERENTES DE SUBVENCIONES,ACTIVIDADES DE ATENCION A LA SALUD HUMANA Y DE ASISTENCIA SOCIAL,No Aplica,No Aplica,No Aplica,No Aplica,,,,,,,,2021,Tercer Trimestre,pres_ingreso,41464666.0,0.0,,,,,,,,,,,,,,,,,,,,
5897829,20221201,124205000,E.S.E. Hospital San Fernando - Amagá,1.1.02.06,TRANSFERENCIAS CORRIENTES,INGRESOS,INGRESOS CORRIENTES,INGRESOS NO TRIBUTARIOS,TRANSFERENCIAS CORRIENTES,No Aplica,No Aplica,No Aplica,No Aplica,No Aplica,No Aplica,,,,,,,,2022,Cuarto Trimestre,pres_ingreso,222000000.0,212000000.0,,,,,,,,,,,,,,,,,,,,
5897912,20210301,124205000,E.S.E. Hospital San Fernando - Amagá,1.1.02.06,TRANSFERENCIAS CORRIENTES,INGRESOS,INGRESOS CORRIENTES,INGRESOS NO TRIBUTARIOS,TRANSFERENCIAS CORRIENTES,No Aplica,No Aplica,No Aplica,No Aplica,No Aplica,No Aplica,,,,,,,,2021,Primer Trimestre,pres_ingreso,234457415.0,0.0,,,,,,,,,,,,,,,,,,,,
5911597,20230301,124205000,E.S.E. Hospital San Fernando - Amagá,1.1.02.06.006.06,OTRAS UNIDADES DE GOBIERNO,INGRESOS,INGRESOS CORRIENTES,INGRESOS NO TRIBUTARIOS,TRANSFERENCIAS CORRIENTES,TRANSFERENCIAS DE OTRAS ENTIDADES DEL GOBIERNO GENERAL,OTRAS UNIDADES DE GOBIERNO,No Aplica,No Aplica,No Aplica,No Aplica,,,,,,,,2023,Primer Trimestre,pres_ingreso,240000000.0,240000000.0,,,,,,,,,,,,,,,,,,,,
5911767,20211201,124205000,E.S.E. Hospital San Fernando - Amagá,1.1.02.05,VENTA DE BIENES Y SERVICIOS,INGRESOS,INGRESOS CORRIENTES,INGRESOS NO TRIBUTARIOS,VENTA DE BIENES Y SERVICIOS,No Aplica,No Aplica,No Aplica,No Aplica,No Aplica,No Aplica,,,,,,,,2021,Cuarto Trimestre,pres_ingreso,5717442946.0,5112305752.0,,,,,,,,,,,,,,,,,,,,
5920565,20230601,124205000,E.S.E. Hospital San Fernando - Amagá,1.1.02,INGRESOS NO TRIBUTARIOS,INGRESOS,INGRESOS CORRIENTES,INGRESOS NO TRIBUTARIOS,No Aplica,No Aplica,No Aplica,No Aplica,No Aplica,No Aplica,No Aplica,,,,,,,,2023,Segundo Trimestre,pres_ingreso,6785353281.0,6471000000.0,,,,,,,,,,,,,,,,,,,,
5922287,20230601,124205000,E.S.E. Hospital San Fernando - Amagá,1,INGRESOS,INGRESOS,No Aplica,No Aplica,No Aplica,No Aplica,No Aplica,No Aplica,No Aplica,No Aplica,No Aplica,,,,,,,,2023,Segundo Trimestre,pres_ingreso,6785353281.0,6471000000.0,,,,,,,,,,,,,,,,,,,,
5923366,20220301,124205000,E.S.E. Hospital San Fernando - Amagá,1.1.02.05.001.09,"SERVICIOS PARA LA COMUNIDAD, SOCIALES Y PERSONALES",INGRESOS,INGRESOS CORRIENTES,INGRESOS NO TRIBUTARIOS,VENTA DE BIENES Y SERVICIOS,VENTAS DE ESTABLECIMIENTOS DE MERCADO,"SERVICIOS PARA LA COMUNIDAD, SOCIALES Y PERSONALES",No Aplica,No Aplica,No Aplica,No Aplica,,,,,,,,2022,Primer Trimestre,pres_ingreso,5101200000.0,5101200000.0,,,,,,,,,,,,,,,,,,,,
5924718,20210601,124205000,E.S.E. Hospital San Fernando - Amagá,1.1.02.05.002,VENTAS INCIDENTALES DE ESTABLECIMIENTOS NO DE MERCADO,INGRESOS,INGRESOS CORRIENTES,INGRESOS NO TRIBUTARIOS,VENTA DE BIENES Y SERVICIOS,VENTAS INCIDENTALES DE ESTABLECIMIENTOS NO DE MERCADO,No Aplica,No Aplica,No Aplica,No Aplica,No Aplica,,,,,,,,2021,Segundo Trimestre,pres_ingreso,12000000.0,12000000.0,,,,,,,,,,,,,,,,,,,,
5925564,20210601,124205000,E.S.E. Hospital San Fernando - Amagá,1.1.02.05.001,VENTAS DE ESTABLECIMIENTOS DE MERCADO,INGRESOS,INGRESOS CORRIENTES,INGRESOS NO TRIBUTARIOS,VENTA DE BIENES Y SERVICIOS,VENTAS DE ESTABLECIMIENTOS DE MERCADO,No Aplica,No Aplica,No Aplica,No Aplica,No Aplica,,,,,,,,2021,Segundo Trimestre,pres_ingreso,5173639320.0,5100305752.0,,,,,,,,,,,,,,,,,,,,
5927110,20210301,124205000,E.S.E. Hospital San Fernando - Amagá,1.0.01,CAJA,INGRESOS,DISPONIBILIDAD INICIAL,CAJA,No Aplica,No Aplica,No Aplica,No Aplica,No Aplica,No Aplica,No Aplica,,,,,,,,2021,Primer Trimestre,pres_ingreso,288792.0,288792.0,,,,,,,,,,,,,,,,,,,,
5940804,20220901,124205000,E.S.E. Hospital San Fernando - Amagá,1.1.02.05,VENTA DE BIENES Y SERVICIOS,INGRESOS,INGRESOS CORRIENTES,INGRESOS NO TRIBUTARIOS,VENTA DE BIENES Y SERVICIOS,No Aplica,No Aplica,No Aplica,No Aplica,No Aplica,No Aplica,,,,,,,,2022,Tercer Trimestre,pres_ingreso,5279466165.0,5101200000.0,,,,,,,,,,,,,,,,,,,,
5941401,20220601,124205000,E.S.E. Hospital San Fernando - Amagá,1.1.02,INGRESOS NO TRIBUTARIOS,INGRESOS,INGRESOS CORRIENTES,INGRESOS NO TRIBUTARIOS,No Aplica,No Aplica,No Aplica,No Aplica,No Aplica,No Aplica,No Aplica,,,,,,,,2022,Segundo Trimestre,pres_ingreso,5491466165.0,5313200000.0,,,,,,,,,,,,,,,,,,,,
5941496,20210901,124205000,E.S.E. Hospital San Fernando - Amagá,1,INGRESOS,INGRESOS,No Aplica,No Aplica,No Aplica,No Aplica,No Aplica,No Aplica,No Aplica,No Aplica,No Aplica,,,,,,,,2021,Tercer Trimestre,pres_ingreso,6645210786.0,5562594544.0,,,,,,,,,,,,,,,,,,,,
5952147,20220301,124205000,E.S.E. Hospital San Fernando - Amagá,1.1,INGRESOS CORRIENTES,INGRESOS,INGRESOS CORRIENTES,No Aplica,No Aplica,No Aplica,No Aplica,No Aplica,No Aplica,No Aplica,No Aplica,,,,,,,,2022,Primer Trimestre,pres_ingreso,5313200000.0,5313200000.0,,,,,,,,,,,,,,,,,,,,
5958376,20220301,124205000,E.S.E. Hospital San Fernando - Amagá,1.1.02,INGRESOS NO TRIBUTARIOS,INGRESOS,INGRESOS CORRIENTES,INGRESOS NO TRIBUTARIOS,No Aplica,No Aplica,No Aplica,No Aplica,No Aplica,No Aplica,No Aplica,,,,,,,,2022,Primer Trimestre,pres_ingreso,5313200000.0,5313200000.0,,,,,,,,,,,,,,,,,,,,
5961815,20211201,124205000,E.S.E. Hospital San Fernando - Amagá,1.1.02.05.001,VENTAS DE ESTABLECIMIENTOS DE MERCADO,INGRESOS,INGRESOS CORRIENTES,INGRESOS NO TRIBUTARIOS,VENTA DE BIENES Y SERVICIOS,VENTAS DE ESTABLECIMIENTOS DE MERCADO,No Aplica,No Aplica,No Aplica,No Aplica,No Aplica,,,,,,,,2021,Cuarto Trimestre,pres_ingreso,5705384687.0,5100305752.0,,,,,,,,,,,,,,,,,,,,
5966418,20220601,124205000,E.S.E. Hospital San Fernando - Amagá,1,INGRESOS,INGRESOS,No Aplica,No Aplica,No Aplica,No Aplica,No Aplica,No Aplica,No Aplica,No Aplica,No Aplica,,,,,,,,2022,Segundo Trimestre,pres_ingreso,5491466165.0,5313200000.0,,,,,,,,,,,,,,,,,,,,
5969559,20210601,124205000,E.S.E. Hospital San Fernando - Amagá,1.1.02.06.007,SUBVENCIONES,INGRESOS,INGRESOS CORRIENTES,INGRESOS NO TRIBUTARIOS,TRANSFERENCIAS CORRIENTES,SUBVENCIONES,No Aplica,No Aplica,No Aplica,No Aplica,No Aplica,,,,,,,,2021,Segundo Trimestre,pres_ingreso,481967769.0,0.0,,,,,,,,,,,,,,,,,,,,
5970918,20210301,124205000,E.S.E. Hospital San Fernando - Amagá,1.1,INGRESOS CORRIENTES,INGRESOS,INGRESOS CORRIENTES,No Aplica,No Aplica,No Aplica,No Aplica,No Aplica,No Aplica,No Aplica,No Aplica,,,,,,,,2021,Primer Trimestre,pres_ingreso,5346763167.0,5112305752.0,,,,,,,,,,,,,,,,,,,,
5972931,20210301,124205000,E.S.E. Hospital San Fernando - Amagá,1.0.03,INVERSIONES TEMPORALES,INGRESOS,DISPONIBILIDAD INICIAL,INVERSIONES TEMPORALES,No Aplica,No Aplica,No Aplica,No Aplica,No Aplica,No Aplica,No Aplica,,,,,,,,2021,Primer Trimestre,pres_ingreso,140000000.0,140000000.0,,,,,,,,,,,,,,,,,,,,
5976830,20220901,124205000,E.S.E. Hospital San Fernando - Amagá,1.1,INGRESOS CORRIENTES,INGRESOS,INGRESOS CORRIENTES,No Aplica,No Aplica,No Aplica,No Aplica,No Aplica,No Aplica,No Aplica,No Aplica,,,,,,,,2022,Tercer Trimestre,pres_ingreso,5491466165.0,5313200000.0,,,,,,,,,,,,,,,,,,,,
5983868,20220601,124205000,E.S.E. Hospital San Fernando - Amagá,1.1.02.06.006,TRANSFERENCIAS DE OTRAS ENTIDADES DEL GOBIERNO GENERAL,INGRESOS,INGRESOS CORRIENTES,INGRESOS NO TRIBUTARIOS,TRANSFERENCIAS CORRIENTES,TRANSFERENCIAS DE OTRAS ENTIDADES DEL GOBIERNO GENERAL,No Aplica,No Aplica,No Aplica,No Aplica,No Aplica,,,,,,,,2022,Segundo Trimestre,pres_ingreso,212000000.0,212000000.0,,,,,,,,,,,,,,,,,,,,
5987175,20210901,124205000,E.S.E. Hospital San Fernando - Amagá,1.1.02.05.001,VENTAS DE ESTABLECIMIENTOS DE MERCADO,INGRESOS,INGRESOS CORRIENTES,INGRESOS NO TRIBUTARIOS,VENTA DE BIENES Y SERVICIOS,VENTAS DE ESTABLECIMIENTOS DE MERCADO,No Aplica,No Aplica,No Aplica,No Aplica,No Aplica,,,,,,,,2021,Tercer Trimestre,pres_ingreso,5623531259.0,5100305752.0,,,,,,,,,,,,,,,,,,,,
5987608,20220301,124205000,E.S.E. Hospital San Fernando - Amagá,1,INGRESOS,INGRESOS,No Aplica,No Aplica,No Aplica,No Aplica,No Aplica,No Aplica,No Aplica,No Aplica,No Aplica,,,,,,,,2022,Primer Trimestre,pres_ingreso,5313200000.0,5313200000.0,,,,,,,,,,,,,,,,,,,,
5994239,20210601,124205000,E.S.E. Hospital San Fernando - Amagá,1.1.02.06.008,DIFERENTES DE SUBVENCIONES,INGRESOS,INGRESOS CORRIENTES,INGRESOS NO TRIBUTARIOS,TRANSFERENCIAS CORRIENTES,DIFERENTES DE SUBVENCIONES,No Aplica,No Aplica,No Aplica,No Aplica,No Aplica,,,,,,,,2021,Segundo Trimestre,pres_ingreso,2950659.0,0.0,,,,,,,,,,,,,,,,,,,,
5994541,20210601,124205000,E.S.E. Hospital San Fernando - Amagá,1.0,DISPONIBILIDAD INICIAL,INGRESOS,DISPONIBILIDAD INICIAL,No Aplica,No Aplica,No Aplica,No Aplica,No Aplica,No Aplica,No Aplica,No Aplica,,,,,,,,2021,Segundo Trimestre,pres_ingreso,450288792.0,450288792.0,,,,,,,,,,,,,,,,,,,,
6003306,20210901,124205000,E.S.E. Hospital San Fernando - Amagá,1.1.02.05.001.09,"SERVICIOS PARA LA COMUNIDAD, SOCIALES Y PERSONALES",INGRESOS,INGRESOS CORRIENTES,INGRESOS NO TRIBUTARIOS,VENTA DE BIENES Y SERVICIOS,VENTAS DE ESTABLECIMIENTOS DE MERCADO,"SERVICIOS PARA LA COMUNIDAD, SOCIALES Y PERSONALES",No Aplica,No Aplica,No Aplica,No Aplica,,,,,,,,2021,Tercer Trimestre,pres_ingreso,5623531259.0,5100305752.0,,,,,,,,,,,,,,,,,,,,
6004646,20210601,124205000,E.S.E. Hospital San Fernando - Amagá,1.1.02.05,VENTA DE BIENES Y SERVICIOS,INGRESOS,INGRESOS CORRIENTES,INGRESOS NO TRIBUTARIOS,VENTA DE BIENES Y SERVICIOS,No Aplica,No Aplica,No Aplica,No Aplica,No Aplica,No Aplica,,,,,,,,2021,Segundo Trimestre,pres_ingreso,5185639320.0,5112305752.0,,,,,,,,,,,,,,,,,,,,
6008070,20220301,124205000,E.S.E. Hospital San Fernando - Amagá,1.1.02.06.007.99,SUBVENCIONES,INGRESOS,INGRESOS CORRIENTES,INGRESOS NO TRIBUTARIOS,TRANSFERENCIAS CORRIENTES,SUBVENCIONES,SUBVENCIONES,No Aplica,No Aplica,No Aplica,No Aplica,,,,,,,,2022,Primer Trimestre,pres_ingreso,212000000.0,212000000.0,,,,,,,,,,,,,,,,,,,,
6008890,20221201,124205000,E.S.E. Hospital San Fernando - Amagá,1,INGRESOS,INGRESOS,No Aplica,No Aplica,No Aplica,No Aplica,No Aplica,No Aplica,No Aplica,No Aplica,No Aplica,,,,,,,,2022,Cuarto Trimestre,pres_ingreso,6262652417.0,5313200000.0,,,,,,,,,,,,,,,,,,,,
6014112,20211201,124205000,E.S.E. Hospital San Fernando - Amagá,1.1.02.06.007.02.08,TRANSFERENCIAS PARA EMPRESAS SOCIALES DEL ESTADO,INGRESOS,INGRESOS CORRIENTES,INGRESOS NO TRIBUTARIOS,TRANSFERENCIAS CORRIENTES,SUBVENCIONES,EMPRESAS PUBLICAS NO FINANCIERAS,TRANSFERENCIAS PARA EMPRESAS SOCIALES DEL ESTADO,No Aplica,No Aplica,No Aplica,,,,,,,,2021,Cuarto Trimestre,pres_ingreso,685342875.0,0.0,,,,,,,,,,,,,,,,,,,,
6015820,20211201,124205000,E.S.E. Hospital San Fernando - Amagá,1.1.02.05.001.09,"SERVICIOS PARA LA COMUNIDAD, SOCIALES Y PERSONALES",INGRESOS,INGRESOS CORRIENTES,INGRESOS NO TRIBUTARIOS,VENTA DE BIENES Y SERVICIOS,VENTAS DE ESTABLECIMIENTOS DE MERCADO,"SERVICIOS PARA LA COMUNIDAD, SOCIALES Y PERSONALES",No Aplica,No Aplica,No Aplica,No Aplica,,,,,,,,2021,Cuarto Trimestre,pres_ingreso,5705384687.0,5100305752.0,,,,,,,,,,,,,,,,,,,,
6018333,20230301,124205000,E.S.E. Hospital San Fernando - Amagá,1.1.02.05,VENTA DE BIENES Y SERVICIOS,INGRESOS,INGRESOS CORRIENTES,INGRESOS NO TRIBUTARIOS,VENTA DE BIENES Y SERVICIOS,No Aplica,No Aplica,No Aplica,No Aplica,No Aplica,No Aplica,,,,,,,,2023,Primer Trimestre,pres_ingreso,6231000000.0,6231000000.0,,,,,,,,,,,,,,,,,,,,
6021589,20210301,124205000,E.S.E. Hospital San Fernando - Amagá,1.1.02.05.002,VENTAS INCIDENTALES DE ESTABLECIMIENTOS NO DE MERCADO,INGRESOS,INGRESOS CORRIENTES,INGRESOS NO TRIBUTARIOS,VENTA DE BIENES Y SERVICIOS,VENTAS INCIDENTALES DE ESTABLECIMIENTOS NO DE MERCADO,No Aplica,No Aplica,No Aplica,No Aplica,No Aplica,,,,,,,,2021,Primer Trimestre,pres_ingreso,12000000.0,12000000.0,,,,,,,,,,,,,,,,,,,,
6028299,20210601,124205000,E.S.E. Hospital San Fernando - Amagá,1.0.02,BANCOS,INGRESOS,DISPONIBILIDAD INICIAL,BANCOS,No Aplica,No Aplica,No Aplica,No Aplica,No Aplica,No Aplica,No Aplica,,,,,,,,2021,Segundo Trimestre,pres_ingreso,310000000.0,310000000.0,,,,,,,,,,,,,,,,,,,,
6029786,20210601,124205000,E.S.E. Hospital San Fernando - Amagá,1.1.02.06.007.02,EMPRESAS PUBLICAS NO FINANCIERAS,INGRESOS,INGRESOS CORRIENTES,INGRESOS NO TRIBUTARIOS,TRANSFERENCIAS CORRIENTES,SUBVENCIONES,EMPRESAS PUBLICAS NO FINANCIERAS,No Aplica,No Aplica,No Aplica,No Aplica,,,,,,,,2021,Segundo Trimestre,pres_ingreso,481967769.0,0.0,,,,,,,,,,,,,,,,,,,,
6038649,20220601,124205000,E.S.E. Hospital San Fernando - Amagá,1.1,INGRESOS CORRIENTES,INGRESOS,INGRESOS CORRIENTES,No Aplica,No Aplica,No Aplica,No Aplica,No Aplica,No Aplica,No Aplica,No Aplica,,,,,,,,2022,Segundo Trimestre,pres_ingreso,5491466165.0,5313200000.0,,,,,,,,,,,,,,,,,,,,
6041680,20210901,124205000,E.S.E. Hospital San Fernando - Amagá,1.1.02.06.008.01.14,RECURSOS DEPARTAMENTALES Y DISTRITALES PARA ASEGURAMIENTO,INGRESOS,INGRESOS CORRIENTES,INGRESOS NO TRIBUTARIOS,TRANSFERENCIAS CORRIENTES,DIFERENTES DE SUBVENCIONES,ACTIVIDADES DE ATENCION A LA SALUD HUMANA Y DE ASISTENCIA SOCIAL,RECURSOS DEPARTAMENTALES Y DISTRITALES PARA ASEGURAMIENTO,No Aplica,No Aplica,No Aplica,,,,,,,,2021,Tercer Trimestre,pres_ingreso,41464666.0,0.0,,,,,,,,,,,,,,,,,,,,
6044283,20211201,124205000,E.S.E. Hospital San Fernando - Amagá,1.1.02.06,TRANSFERENCIAS CORRIENTES,INGRESOS,INGRESOS CORRIENTES,INGRESOS NO TRIBUTARIOS,TRANSFERENCIAS CORRIENTES,No Aplica,No Aplica,No Aplica,No Aplica,No Aplica,No Aplica,,,,,,,,2021,Cuarto Trimestre,pres_ingreso,742211798.0,0.0,,,,,,,,,,,,,,,,,,,,
6044827,20220901,124205000,E.S.E. Hospital San Fernando - Amagá,1.1.02.06.006.06,OTRAS UNIDADES DE GOBIERNO,INGRESOS,INGRESOS CORRIENTES,INGRESOS NO TRIBUTARIOS,TRANSFERENCIAS CORRIENTES,TRANSFERENCIAS DE OTRAS ENTIDADES DEL GOBIERNO GENERAL,OTRAS UNIDADES DE GOBIERNO,No Aplica,No Aplica,No Aplica,No Aplica,,,,,,,,2022,Tercer Trimestre,pres_ingreso,212000000.0,212000000.0,,,,,,,,,,,,,,,,,,,,
6045170,20210301,124205000,E.S.E. Hospital San Fernando - Amagá,1.1.02.05,VENTA DE BIENES Y SERVICIOS,INGRESOS,INGRESOS CORRIENTES,INGRESOS NO TRIBUTARIOS,VENTA DE BIENES Y SERVICIOS,No Aplica,No Aplica,No Aplica,No Aplica,No Aplica,No Aplica,,,,,,,,2021,Primer Trimestre,pres_ingreso,5112305752.0,5112305752.0,,,,,,,,,,,,,,,,,,,,
6049823,20211201,124205000,E.S.E. Hospital San Fernando - Amagá,1.0.01,CAJA,INGRESOS,DISPONIBILIDAD INICIAL,CAJA,No Aplica,No Aplica,No Aplica,No Aplica,No Aplica,No Aplica,No Aplica,,,,,,,,2021,Cuarto Trimestre,pres_ingreso,288792.0,288792.0,,,,,,,,,,,,,,,,,,,,
6052622,20211201,124205000,E.S.E. Hospital San Fernando - Amagá,1.1.02.05.002,VENTAS INCIDENTALES DE ESTABLECIMIENTOS NO DE MERCADO,INGRESOS,INGRESOS CORRIENTES,INGRESOS NO TRIBUTARIOS,VENTA DE BIENES Y SERVICIOS,VENTAS INCIDENTALES DE ESTABLECIMIENTOS NO DE MERCADO,No Aplica,No Aplica,No Aplica,No Aplica,No Aplica,,,,,,,,2021,Cuarto Trimestre,pres_ingreso,12058259.0,12000000.0,,,,,,,,,,,,,,,,,,,,
6053405,20230601,124205000,E.S.E. Hospital San Fernando - Amagá,1.1.02.06.006,TRANSFERENCIAS DE OTRAS ENTIDADES DEL GOBIERNO GENERAL,INGRESOS,INGRESOS CORRIENTES,INGRESOS NO TRIBUTARIOS,TRANSFERENCIAS CORRIENTES,TRANSFERENCIAS DE OTRAS ENTIDADES DEL GOBIERNO GENERAL,No Aplica,No Aplica,No Aplica,No Aplica,No Aplica,,,,,,,,2023,Segundo Trimestre,pres_ingreso,308142737.0,240000000.0,,,,,,,,,,,,,,,,,,,,
6057106,20210601,124205000,E.S.E. Hospital San Fernando - Amagá,1.1.02,INGRESOS NO TRIBUTARIOS,INGRESOS,INGRESOS CORRIENTES,INGRESOS NO TRIBUTARIOS,No Aplica,No Aplica,No Aplica,No Aplica,No Aplica,No Aplica,No Aplica,,,,,,,,2021,Segundo Trimestre,pres_ingreso,5670557748.0,5112305752.0,,,,,,,,,,,,,,,,,,,,
6072109,20210901,124205000,E.S.E. Hospital San Fernando - Amagá,1.1.02.06.007,SUBVENCIONES,INGRESOS,INGRESOS CORRIENTES,INGRESOS NO TRIBUTARIOS,TRANSFERENCIAS CORRIENTES,SUBVENCIONES,No Aplica,No Aplica,No Aplica,No Aplica,No Aplica,,,,,,,,2021,Tercer Trimestre,pres_ingreso,517926069.0,0.0,,,,,,,,,,,,,,,,,,,,
6073134,20210901,124205000,E.S.E. Hospital San Fernando - Amagá,1.0.03,INVERSIONES TEMPORALES,INGRESOS,DISPONIBILIDAD INICIAL,INVERSIONES TEMPORALES,No Aplica,No Aplica,No Aplica,No Aplica,No Aplica,No Aplica,No Aplica,,,,,,,,2021,Tercer Trimestre,pres_ingreso,140000000.0,140000000.0,,,,,,,,,,,,,,,,,,,,
6075420,20210301,124205000,E.S.E. Hospital San Fernando - Amagá,1.1.02.05.001.09,"SERVICIOS PARA LA COMUNIDAD, SOCIALES Y PERSONALES",INGRESOS,INGRESOS CORRIENTES,INGRESOS NO TRIBUTARIOS,VENTA DE BIENES Y SERVICIOS,VENTAS DE ESTABLECIMIENTOS DE MERCADO,"SERVICIOS PARA LA COMUNIDAD, SOCIALES Y PERSONALES",No Aplica,No Aplica,No Aplica,No Aplica,,,,,,,,2021,Primer Trimestre,pres_ingreso,5100305752.0,5100305752.0,,,,,,,,,,,,,,,,,,,,
6079702,20230601,124205000,E.S.E. Hospital San Fernando - Amagá,1.1.02.05.001.09,"SERVICIOS PARA LA COMUNIDAD, SOCIALES Y PERSONALES",INGRESOS,INGRESOS CORRIENTES,INGRESOS NO TRIBUTARIOS,VENTA DE BIENES Y SERVICIOS,VENTAS DE ESTABLECIMIENTOS DE MERCADO,"SERVICIOS PARA LA COMUNIDAD, SOCIALES Y PERSONALES",No Aplica,No Aplica,No Aplica,No Aplica,,,,,,,,2023,Segundo Trimestre,pres_ingreso,6477210544.0,6231000000.0,,,,,,,,,,,,,,,,,,,,
6087798,20210301,124205000,E.S.E. Hospital San Fernando - Amagá,1.1.02.05.002.03,"OTROS BIENES TRANSPORTABLES EXCEPTO PRODUCTOS METALICOS, MAQUINARIA Y EQUIPO",INGRESOS,INGRESOS CORRIENTES,INGRESOS NO TRIBUTARIOS,VENTA DE BIENES Y SERVICIOS,VENTAS INCIDENTALES DE ESTABLECIMIENTOS NO DE MERCADO,"OTROS BIENES TRANSPORTABLES EXCEPTO PRODUCTOS METALICOS, MAQUINARIA Y EQUIPO",No Aplica,No Aplica,No Aplica,No Aplica,,,,,,,,2021,Primer Trimestre,pres_ingreso,12000000.0,12000000.0,,,,,,,,,,,,,,,,,,,,
6099216,20220901,124205000,E.S.E. Hospital San Fernando - Amagá,1,INGRESOS,INGRESOS,No Aplica,No Aplica,No Aplica,No Aplica,No Aplica,No Aplica,No Aplica,No Aplica,No Aplica,,,,,,,,2022,Tercer Trimestre,pres_ingreso,5491466165.0,5313200000.0,,,,,,,,,,,,,,,,,,,,
6112361,20230901,124205000,E.S.E. Hospital San Fernando - Amagá,1,INGRESOS,INGRESOS,No Aplica,No Aplica,No Aplica,No Aplica,No Aplica,No Aplica,No Aplica,No Aplica,No Aplica,,,,,,,,2023,Tercer Trimestre,pres_ingreso,7445738186.0,6471000000.0,,,,,,,,,,,,,,,,,,,,
6114244,20230901,124205000,E.S.E. Hospital San Fernando - Amagá,1.1.02.05.001,VENTAS DE ESTABLECIMIENTOS DE MERCADO,INGRESOS,INGRESOS CORRIENTES,INGRESOS NO TRIBUTARIOS,VENTA DE BIENES Y SERVICIOS,VENTAS DE ESTABLECIMIENTOS DE MERCADO,No Aplica,No Aplica,No Aplica,No Aplica,No Aplica,,,,,,,,2023,Tercer Trimestre,pres_ingreso,6964138878.0,6231000000.0,,,,,,,,,,,,,,,,,,,,
6150377,20230901,124205000,E.S.E. Hospital San Fernando - Amagá,1.1.02.05,VENTA DE BIENES Y SERVICIOS,INGRESOS,INGRESOS CORRIENTES,INGRESOS NO TRIBUTARIOS,VENTA DE BIENES Y SERVICIOS,No Aplica,No Aplica,No Aplica,No Aplica,No Aplica,No Aplica,,,,,,,,2023,Tercer Trimestre,pres_ingreso,6964138878.0,6231000000.0,,,,,,,,,,,,,,,,,,,,
6151793,20230901,124205000,E.S.E. Hospital San Fernando - Amagá,1.1.02.06.006.06,OTRAS UNIDADES DE GOBIERNO,INGRESOS,INGRESOS CORRIENTES,INGRESOS NO TRIBUTARIOS,TRANSFERENCIAS CORRIENTES,TRANSFERENCIAS DE OTRAS ENTIDADES DEL GOBIERNO GENERAL,OTRAS UNIDADES DE GOBIERNO,No Aplica,No Aplica,No Aplica,No Aplica,,,,,,,,2023,Tercer Trimestre,pres_ingreso,481599308.0,240000000.0,,,,,,,,,,,,,,,,,,,,
6160849,20230901,124205000,E.S.E. Hospital San Fernando - Amagá,1.1.02,INGRESOS NO TRIBUTARIOS,INGRESOS,INGRESOS CORRIENTES,INGRESOS NO TRIBUTARIOS,No Aplica,No Aplica,No Aplica,No Aplica,No Aplica,No Aplica,No Aplica,,,,,,,,2023,Tercer Trimestre,pres_ingreso,7445738186.0,6471000000.0,,,,,,,,,,,,,,,,,,,,
6163882,20230901,124205000,E.S.E. Hospital San Fernando - Amagá,1.1,INGRESOS CORRIENTES,INGRESOS,INGRESOS CORRIENTES,No Aplica,No Aplica,No Aplica,No Aplica,No Aplica,No Aplica,No Aplica,No Aplica,,,,,,,,2023,Tercer Trimestre,pres_ingreso,7445738186.0,6471000000.0,,,,,,,,,,,,,,,,,,,,
6211828,20230901,124205000,E.S.E. Hospital San Fernando - Amagá,1.1.02.06.006,TRANSFERENCIAS DE OTRAS ENTIDADES DEL GOBIERNO GENERAL,INGRESOS,INGRESOS CORRIENTES,INGRESOS NO TRIBUTARIOS,TRANSFERENCIAS CORRIENTES,TRANSFERENCIAS DE OTRAS ENTIDADES DEL GOBIERNO GENERAL,No Aplica,No Aplica,No Aplica,No Aplica,No Aplica,,,,,,,,2023,Tercer Trimestre,pres_ingreso,481599308.0,240000000.0,,,,,,,,,,,,,,,,,,,,
6218244,20230901,124205000,E.S.E. Hospital San Fernando - Amagá,1.1.02.05.001.09,"SERVICIOS PARA LA COMUNIDAD, SOCIALES Y PERSONALES",INGRESOS,INGRESOS CORRIENTES,INGRESOS NO TRIBUTARIOS,VENTA DE BIENES Y SERVICIOS,VENTAS DE ESTABLECIMIENTOS DE MERCADO,"SERVICIOS PARA LA COMUNIDAD, SOCIALES Y PERSONALES",No Aplica,No Aplica,No Aplica,No Aplica,,,,,,,,2023,Tercer Trimestre,pres_ingreso,6964138878.0,6231000000.0,,,,,,,,,,,,,,,,,,,,
6235165,20230901,124205000,E.S.E. Hospital San Fernando - Amagá,1.1.02.06,TRANSFERENCIAS CORRIENTES,INGRESOS,INGRESOS CORRIENTES,INGRESOS NO TRIBUTARIOS,TRANSFERENCIAS CORRIENTES,No Aplica,No Aplica,No Aplica,No Aplica,No Aplica,No Aplica,,,,,,,,2023,Tercer Trimestre,pres_ingreso,481599308.0,240000000.0,,,,,,,,,,,,,,,,,,,,
6252830,20230601,124205000,E.S.E. Hospital San Fernando - Amagá,1.1.02.05,VENTA DE BIENES Y SERVICIOS,INGRESOS,INGRESOS CORRIENTES,INGRESOS NO TRIBUTARIOS,VENTA DE BIENES Y SERVICIOS,No Aplica,No Aplica,No Aplica,No Aplica,No Aplica,No Aplica,,,,,,,,2023,Segundo Trimestre,eje_ingreso,,,2020788370.0,NO APLICA,NO APLICA,NO APLICA,NO APLICA,NO APLICA,NO APLICA,NO APLICA,NO APLICA,NO APLICA,2020788370.0,0.0,0.0,0.0,,,,,,
6277381,20220601,124205000,E.S.E. Hospital San Fernando - Amagá,1,INGRESOS,INGRESOS,No Aplica,No Aplica,No Aplica,No Aplica,No Aplica,No Aplica,No Aplica,No Aplica,No Aplica,,,,,,,,2022,Segundo Trimestre,eje_ingreso,,,1812535782.0,NO APLICA,NO APLICA,NO APLICA,NO APLICA,NO APLICA,NO APLICA,NO APLICA,NO APLICA,NO APLICA,1812535782.0,0.0,0.0,0.0,,,,,,
6291275,20230901,124205000,E.S.E. Hospital San Fernando - Amagá,1.1.02.06.006.06,OTRAS UNIDADES DE GOBIERNO,INGRESOS,INGRESOS CORRIENTES,INGRESOS NO TRIBUTARIOS,TRANSFERENCIAS CORRIENTES,TRANSFERENCIAS DE OTRAS ENTIDADES DEL GOBIERNO GENERAL,OTRAS UNIDADES DE GOBIERNO,No Aplica,No Aplica,No Aplica,No Aplica,,,,,,,,2023,Tercer Trimestre,eje_ingreso,,,391262359.0,NO APLICA,R.B. SGP-SALUD-REGIMEN SUBSIDIADO,NO APLICA,NO APLICA,NO APLICA,NO APLICA,NO APLICA,NO APLICA,NO APLICA,391262359.0,0.0,0.0,0.0,,,,,,
6297284,20220901,124205000,E.S.E. Hospital San Fernando - Amagá,1.1.02,INGRESOS NO TRIBUTARIOS,INGRESOS,INGRESOS CORRIENTES,INGRESOS NO TRIBUTARIOS,No Aplica,No Aplica,No Aplica,No Aplica,No Aplica,No Aplica,No Aplica,,,,,,,,2022,Tercer Trimestre,eje_ingreso,,,2980148504.0,NO APLICA,NO APLICA,NO APLICA,NO APLICA,NO APLICA,NO APLICA,NO APLICA,NO APLICA,NO APLICA,2980148504.0,0.0,0.0,0.0,,,,,,
6411175,20210301,124205000,E.S.E. Hospital San Fernando - Amagá,1.1,INGRESOS CORRIENTES,INGRESOS,INGRESOS CORRIENTES,No Aplica,No Aplica,No Aplica,No Aplica,No Aplica,No Aplica,No Aplica,No Aplica,,,,,,,,2021,Primer Trimestre,eje_ingreso,,,781261185.0,NO APLICA,NO APLICA,NO APLICA,NO APLICA,NO APLICA,NO APLICA,NO APLICA,NO APLICA,NO APLICA,0.0,639908031.0,0.0,141353154.0,,,,,,
6437590,20210901,124205000,E.S.E. Hospital San Fernando - Amagá,1.0.03,INVERSIONES TEMPORALES,INGRESOS,DISPONIBILIDAD INICIAL,INVERSIONES TEMPORALES,No Aplica,No Aplica,No Aplica,No Aplica,No Aplica,No Aplica,No Aplica,,,,,,,,2021,Tercer Trimestre,eje_ingreso,,,140000000.0,NO APLICA,1.1.0.0.00 - DISPONIBILIDAD INICIAL,NO APLICA,NO APLICA,NO APLICA,NO APLICA,NO APLICA,NO APLICA,NO APLICA,0.0,0.0,0.0,140000000.0,,,,,,
6440695,20210901,124205000,E.S.E. Hospital San Fernando - Amagá,1.0.01,CAJA,INGRESOS,DISPONIBILIDAD INICIAL,CAJA,No Aplica,No Aplica,No Aplica,No Aplica,No Aplica,No Aplica,No Aplica,,,,,,,,2021,Tercer Trimestre,eje_ingreso,,,288792.0,NO APLICA,1.1.0.0.00 - DISPONIBILIDAD INICIAL,NO APLICA,NO APLICA,NO APLICA,NO APLICA,NO APLICA,NO APLICA,NO APLICA,0.0,0.0,0.0,288792.0,,,,,,
6442935,20210301,124205000,E.S.E. Hospital San Fernando - Amagá,1.1.02,INGRESOS NO TRIBUTARIOS,INGRESOS,INGRESOS CORRIENTES,INGRESOS NO TRIBUTARIOS,No Aplica,No Aplica,No Aplica,No Aplica,No Aplica,No Aplica,No Aplica,,,,,,,,2021,Primer Trimestre,eje_ingreso,,,781261185.0,NO APLICA,NO APLICA,NO APLICA,NO APLICA,NO APLICA,NO APLICA,NO APLICA,NO APLICA,NO APLICA,0.0,639908031.0,0.0,141353154.0,,,,,,
6443904,20220901,124205000,E.S.E. Hospital San Fernando - Amagá,1,INGRESOS,INGRESOS,No Aplica,No Aplica,No Aplica,No Aplica,No Aplica,No Aplica,No Aplica,No Aplica,No Aplica,,,,,,,,2022,Tercer Trimestre,eje_ingreso,,,2980148504.0,NO APLICA,NO APLICA,NO APLICA,NO APLICA,NO APLICA,NO APLICA,NO APLICA,NO APLICA,NO APLICA,2980148504.0,0.0,0.0,0.0,,,,,,
6472763,20221201,124205000,E.S.E. Hospital San Fernando - Amagá,1.1.02.06.006,TRANSFERENCIAS DE OTRAS ENTIDADES DEL GOBIERNO GENERAL,INGRESOS,INGRESOS CORRIENTES,INGRESOS NO TRIBUTARIOS,TRANSFERENCIAS CORRIENTES,TRANSFERENCIAS DE OTRAS ENTIDADES DEL GOBIERNO GENERAL,No Aplica,No Aplica,No Aplica,No Aplica,No Aplica,,,,,,,,2022,Cuarto Trimestre,eje_ingreso,,,588891719.0,NO APLICA,NO APLICA,NO APLICA,NO APLICA,NO APLICA,NO APLICA,NO APLICA,NO APLICA,NO APLICA,588891719.0,0.0,0.0,0.0,,,,,,
6489015,20211201,124205000,E.S.E. Hospital San Fernando - Amagá,1.0,DISPONIBILIDAD INICIAL,INGRESOS,DISPONIBILIDAD INICIAL,No Aplica,No Aplica,No Aplica,No Aplica,No Aplica,No Aplica,No Aplica,No Aplica,,,,,,,,2021,Cuarto Trimestre,eje_ingreso,,,450288792.0,NO APLICA,NO APLICA,NO APLICA,NO APLICA,NO APLICA,NO APLICA,NO APLICA,NO APLICA,NO APLICA,0.0,0.0,0.0,450288792.0,,,,,,
6522045,20220901,124205000,E.S.E. Hospital San Fernando - Amagá,1.1,INGRESOS CORRIENTES,INGRESOS,INGRESOS CORRIENTES,No Aplica,No Aplica,No Aplica,No Aplica,No Aplica,No Aplica,No Aplica,No Aplica,,,,,,,,2022,Tercer Trimestre,eje_ingreso,,,2980148504.0,NO APLICA,NO APLICA,NO APLICA,NO APLICA,NO APLICA,NO APLICA,NO APLICA,NO APLICA,NO APLICA,2980148504.0,0.0,0.0,0.0,,,,,,
6536032,20230301,124205000,E.S.E. Hospital San Fernando - Amagá,1.1.02,INGRESOS NO TRIBUTARIOS,INGRESOS,INGRESOS CORRIENTES,INGRESOS NO TRIBUTARIOS,No Aplica,No Aplica,No Aplica,No Aplica,No Aplica,No Aplica,No Aplica,,,,,,,,2023,Primer Trimestre,eje_ingreso,,,555545590.0,NO APLICA,NO APLICA,NO APLICA,NO APLICA,NO APLICA,NO APLICA,NO APLICA,NO APLICA,NO APLICA,555545590.0,0.0,0.0,0.0,,,,,,
6540466,20211201,124205000,E.S.E. Hospital San Fernando - Amagá,1.1.02,INGRESOS NO TRIBUTARIOS,INGRESOS,INGRESOS CORRIENTES,INGRESOS NO TRIBUTARIOS,No Aplica,No Aplica,No Aplica,No Aplica,No Aplica,No Aplica,No Aplica,,,,,,,,2021,Cuarto Trimestre,eje_ingreso,,,4876460219.0,NO APLICA,NO APLICA,NO APLICA,NO APLICA,NO APLICA,NO APLICA,NO APLICA,NO APLICA,NO APLICA,0.0,4360304490.0,0.0,516155729.0,,,,,,
6549177,20220601,124205000,E.S.E. Hospital San Fernando - Amagá,1.1.02.06,TRANSFERENCIAS CORRIENTES,INGRESOS,INGRESOS CORRIENTES,INGRESOS NO TRIBUTARIOS,TRANSFERENCIAS CORRIENTES,No Aplica,No Aplica,No Aplica,No Aplica,No Aplica,No Aplica,,,,,,,,2022,Segundo Trimestre,eje_ingreso,,,99814032.0,NO APLICA,NO APLICA,NO APLICA,NO APLICA,NO APLICA,NO APLICA,NO APLICA,NO APLICA,NO APLICA,99814032.0,0.0,0.0,0.0,,,,,,
6557196,20210601,124205000,E.S.E. Hospital San Fernando - Amagá,1.1.02.06,TRANSFERENCIAS CORRIENTES,INGRESOS,INGRESOS CORRIENTES,INGRESOS NO TRIBUTARIOS,TRANSFERENCIAS CORRIENTES,No Aplica,No Aplica,No Aplica,No Aplica,No Aplica,No Aplica,,,,,,,,2021,Segundo Trimestre,eje_ingreso,,,351840674.0,NO APLICA,NO APLICA,NO APLICA,NO APLICA,NO APLICA,NO APLICA,NO APLICA,NO APLICA,NO APLICA,0.0,351840674.0,0.0,0.0,,,,,,
6585746,20210601,124205000,E.S.E. Hospital San Fernando - Amagá,1.1.02.05.002,VENTAS INCIDENTALES DE ESTABLECIMIENTOS NO DE MERCADO,INGRESOS,INGRESOS CORRIENTES,INGRESOS NO TRIBUTARIOS,VENTA DE BIENES Y SERVICIOS,VENTAS INCIDENTALES DE ESTABLECIMIENTOS NO DE MERCADO,No Aplica,No Aplica,No Aplica,No Aplica,No Aplica,,,,,,,,2021,Segundo Trimestre,eje_ingreso,,,7979443.0,NO APLICA,NO APLICA,NO APLICA,NO APLICA,NO APLICA,NO APLICA,NO APLICA,NO APLICA,NO APLICA,0.0,7979443.0,0.0,0.0,,,,,,
6603259,20230901,124205000,E.S.E. Hospital San Fernando - Amagá,1.1.02.05,VENTA DE BIENES Y SERVICIOS,INGRESOS,INGRESOS CORRIENTES,INGRESOS NO TRIBUTARIOS,VENTA DE BIENES Y SERVICIOS,No Aplica,No Aplica,No Aplica,No Aplica,No Aplica,No Aplica,,,,,,,,2023,Tercer Trimestre,eje_ingreso,,,3652980160.0,NO APLICA,NO APLICA,NO APLICA,NO APLICA,NO APLICA,NO APLICA,NO APLICA,NO APLICA,NO APLICA,3652980160.0,0.0,0.0,0.0,,,,,,
6622160,20210601,124205000,E.S.E. Hospital San Fernando - Amagá,1.1.02.05.001,VENTAS DE ESTABLECIMIENTOS DE MERCADO,INGRESOS,INGRESOS CORRIENTES,INGRESOS NO TRIBUTARIOS,VENTA DE BIENES Y SERVICIOS,VENTAS DE ESTABLECIMIENTOS DE MERCADO,No Aplica,No Aplica,No Aplica,No Aplica,No Aplica,,,,,,,,2021,Segundo Trimestre,eje_ingreso,,,1431455691.0,NO APLICA,NO APLICA,NO APLICA,NO APLICA,NO APLICA,NO APLICA,NO APLICA,NO APLICA,NO APLICA,0.0,1205161233.0,0.0,226294458.0,,,,,,
6657601,20220601,124205000,E.S.E. Hospital San Fernando - Amagá,1.1.02.06.006,TRANSFERENCIAS DE OTRAS ENTIDADES DEL GOBIERNO GENERAL,INGRESOS,INGRESOS CORRIENTES,INGRESOS NO TRIBUTARIOS,TRANSFERENCIAS CORRIENTES,TRANSFERENCIAS DE OTRAS ENTIDADES DEL GOBIERNO GENERAL,No Aplica,No Aplica,No Aplica,No Aplica,No Aplica,,,,,,,,2022,Segundo Trimestre,eje_ingreso,,,99814032.0,NO APLICA,NO APLICA,NO APLICA,NO APLICA,NO APLICA,NO APLICA,NO APLICA,NO APLICA,NO APLICA,99814032.0,0.0,0.0,0.0,,,,,,
6660512,20210601,124205000,E.S.E. Hospital San Fernando - Amagá,1.1.02.05.002.03,"OTROS BIENES TRANSPORTABLES EXCEPTO PRODUCTOS METALICOS, MAQUINARIA Y EQUIPO",INGRESOS,INGRESOS CORRIENTES,INGRESOS NO TRIBUTARIOS,VENTA DE BIENES Y SERVICIOS,VENTAS INCIDENTALES DE ESTABLECIMIENTOS NO DE MERCADO,"OTROS BIENES TRANSPORTABLES EXCEPTO PRODUCTOS METALICOS, MAQUINARIA Y EQUIPO",No Aplica,No Aplica,No Aplica,No Aplica,,,,,,,,2021,Segundo Trimestre,eje_ingreso,,,7979443.0,97990 - OTROS SERVICIOS DIVERSOS N.C.P.,1.2.3.2.09 - VENTA DE BIENES Y SERVICIOS,NO APLICA,NO APLICA,NO APLICA,NO APLICA,NO APLICA,NO APLICA,NO APLICA,0.0,7979443.0,0.0,0.0,,,,,,
6673318,20220901,124205000,E.S.E. Hospital San Fernando - Amagá,1.1.02.06.006,TRANSFERENCIAS DE OTRAS ENTIDADES DEL GOBIERNO GENERAL,INGRESOS,INGRESOS CORRIENTES,INGRESOS NO TRIBUTARIOS,TRANSFERENCIAS CORRIENTES,TRANSFERENCIAS DE OTRAS ENTIDADES DEL GOBIERNO GENERAL,No Aplica,No Aplica,No Aplica,No Aplica,No Aplica,,,,,,,,2022,Tercer Trimestre,eje_ingreso,,,212840907.0,NO APLICA,NO APLICA,NO APLICA,NO APLICA,NO APLICA,NO APLICA,NO APLICA,NO APLICA,NO APLICA,212840907.0,0.0,0.0,0.0,,,,,,
6675315,20220301,124205000,E.S.E. Hospital San Fernando - Amagá,1.1.02.05,VENTA DE BIENES Y SERVICIOS,INGRESOS,INGRESOS CORRIENTES,INGRESOS NO TRIBUTARIOS,VENTA DE BIENES Y SERVICIOS,No Aplica,No Aplica,No Aplica,No Aplica,No Aplica,No Aplica,,,,,,,,2022,Primer Trimestre,eje_ingreso,,,736656509.0,NO APLICA,NO APLICA,NO APLICA,NO APLICA,NO APLICA,NO APLICA,NO APLICA,NO APLICA,NO APLICA,736656509.0,0.0,0.0,0.0,,,,,,
6683100,20230901,124205000,E.S.E. Hospital San Fernando - Amagá,1.1.02.06,TRANSFERENCIAS CORRIENTES,INGRESOS,INGRESOS CORRIENTES,INGRESOS NO TRIBUTARIOS,TRANSFERENCIAS CORRIENTES,No Aplica,No Aplica,No Aplica,No Aplica,No Aplica,No Aplica,,,,,,,,2023,Tercer Trimestre,eje_ingreso,,,391262359.0,NO APLICA,NO APLICA,NO APLICA,NO APLICA,NO APLICA,NO APLICA,NO APLICA,NO APLICA,NO APLICA,391262359.0,0.0,0.0,0.0,,,,,,
6699694,20210901,124205000,E.S.E. Hospital San Fernando - Amagá,1.1.02.06.008.01,ACTIVIDADES DE ATENCION A LA SALUD HUMANA Y DE ASISTENCIA SOCIAL,INGRESOS,INGRESOS CORRIENTES,INGRESOS NO TRIBUTARIOS,TRANSFERENCIAS CORRIENTES,DIFERENTES DE SUBVENCIONES,ACTIVIDADES DE ATENCION A LA SALUD HUMANA Y DE ASISTENCIA SOCIAL,No Aplica,No Aplica,No Aplica,No Aplica,,,,,,,,2021,Tercer Trimestre,eje_ingreso,,,41464666.0,NO APLICA,NO APLICA,NO APLICA,NO APLICA,NO APLICA,NO APLICA,NO APLICA,NO APLICA,NO APLICA,0.0,41464666.0,0.0,0.0,,,,,,
6702976,20211201,124205000,E.S.E. Hospital San Fernando - Amagá,1,INGRESOS,INGRESOS,No Aplica,No Aplica,No Aplica,No Aplica,No Aplica,No Aplica,No Aplica,No Aplica,No Aplica,,,,,,,,2021,Cuarto Trimestre,eje_ingreso,,,5326749011.0,NO APLICA,NO APLICA,NO APLICA,NO APLICA,NO APLICA,NO APLICA,NO APLICA,NO APLICA,NO APLICA,0.0,4360304490.0,0.0,966444521.0,,,,,,
6709331,20210301,124205000,E.S.E. Hospital San Fernando - Amagá,1.1.02.06.007.02,EMPRESAS PUBLICAS NO FINANCIERAS,INGRESOS,INGRESOS CORRIENTES,INGRESOS NO TRIBUTARIOS,TRANSFERENCIAS CORRIENTES,SUBVENCIONES,EMPRESAS PUBLICAS NO FINANCIERAS,No Aplica,No Aplica,No Aplica,No Aplica,,,,,,,,2021,Primer Trimestre,eje_ingreso,,,124635394.0,NO APLICA,NO APLICA,NO APLICA,NO APLICA,NO APLICA,NO APLICA,NO APLICA,NO APLICA,NO APLICA,0.0,124635394.0,0.0,0.0,,,,,,
6718915,20210901,124205000,E.S.E. Hospital San Fernando - Amagá,1.1.02.06.008.01.14,RECURSOS DEPARTAMENTALES Y DISTRITALES PARA ASEGURAMIENTO,INGRESOS,INGRESOS CORRIENTES,INGRESOS NO TRIBUTARIOS,TRANSFERENCIAS CORRIENTES,DIFERENTES DE SUBVENCIONES,ACTIVIDADES DE ATENCION A LA SALUD HUMANA Y DE ASISTENCIA SOCIAL,RECURSOS DEPARTAMENTALES Y DISTRITALES PARA ASEGURAMIENTO,No Aplica,No Aplica,No Aplica,,,,,,,,2021,Tercer Trimestre,eje_ingreso,,,41464666.0,NO APLICA,1.2.3.3.06 - DIFERENTES DE SUBVENCIONES,NO APLICA,NO APLICA,NO APLICA,NO APLICA,NO APLICA,NO APLICA,NO APLICA,0.0,41464666.0,0.0,0.0,,,,,,
6728309,20210601,124205000,E.S.E. Hospital San Fernando - Amagá,1.1.02.05,VENTA DE BIENES Y SERVICIOS,INGRESOS,INGRESOS CORRIENTES,INGRESOS NO TRIBUTARIOS,VENTA DE BIENES Y SERVICIOS,No Aplica,No Aplica,No Aplica,No Aplica,No Aplica,No Aplica,,,,,,,,2021,Segundo Trimestre,eje_ingreso,,,1439435134.0,NO APLICA,NO APLICA,NO APLICA,NO APLICA,NO APLICA,NO APLICA,NO APLICA,NO APLICA,NO APLICA,0.0,1213140676.0,0.0,226294458.0,,,,,,
6732583,20230601,124205000,E.S.E. Hospital San Fernando - Amagá,1,INGRESOS,INGRESOS,No Aplica,No Aplica,No Aplica,No Aplica,No Aplica,No Aplica,No Aplica,No Aplica,No Aplica,,,,,,,,2023,Segundo Trimestre,eje_ingreso,,,2020788370.0,NO APLICA,NO APLICA,NO APLICA,NO APLICA,NO APLICA,NO APLICA,NO APLICA,NO APLICA,NO APLICA,2020788370.0,0.0,0.0,0.0,,,,,,
6758010,20220301,124205000,E.S.E. Hospital San Fernando - Amagá,1.1,INGRESOS CORRIENTES,INGRESOS,INGRESOS CORRIENTES,No Aplica,No Aplica,No Aplica,No Aplica,No Aplica,No Aplica,No Aplica,No Aplica,,,,,,,,2022,Primer Trimestre,eje_ingreso,,,736656509.0,NO APLICA,NO APLICA,NO APLICA,NO APLICA,NO APLICA,NO APLICA,NO APLICA,NO APLICA,NO APLICA,736656509.0,0.0,0.0,0.0,,,,,,
6770105,20230901,124205000,E.S.E. Hospital San Fernando - Amagá,1.1.02.05.001.09,"SERVICIOS PARA LA COMUNIDAD, SOCIALES Y PERSONALES",INGRESOS,INGRESOS CORRIENTES,INGRESOS NO TRIBUTARIOS,VENTA DE BIENES Y SERVICIOS,VENTAS DE ESTABLECIMIENTOS DE MERCADO,"SERVICIOS PARA LA COMUNIDAD, SOCIALES Y PERSONALES",No Aplica,No Aplica,No Aplica,No Aplica,,,,,,,,2023,Tercer Trimestre,eje_ingreso,,,3652980160.0,SERVICIOS MEDICOS GENERALES,R.B. SGP-SALUD-REGIMEN SUBSIDIADO,NO APLICA,NO APLICA,NO APLICA,NO APLICA,NO APLICA,NO APLICA,NO APLICA,3652980160.0,0.0,0.0,0.0,,,,,,
6772001,20230601,124205000,E.S.E. Hospital San Fernando - Amagá,1.1.02,INGRESOS NO TRIBUTARIOS,INGRESOS,INGRESOS CORRIENTES,INGRESOS NO TRIBUTARIOS,No Aplica,No Aplica,No Aplica,No Aplica,No Aplica,No Aplica,No Aplica,,,,,,,,2023,Segundo Trimestre,eje_ingreso,,,2020788370.0,NO APLICA,NO APLICA,NO APLICA,NO APLICA,NO APLICA,NO APLICA,NO APLICA,NO APLICA,NO APLICA,2020788370.0,0.0,0.0,0.0,,,,,,
6779173,20211201,124205000,E.S.E. Hospital San Fernando - Amagá,1.1.02.06.008.01.14,RECURSOS DEPARTAMENTALES Y DISTRITALES PARA ASEGURAMIENTO,INGRESOS,INGRESOS CORRIENTES,INGRESOS NO TRIBUTARIOS,TRANSFERENCIAS CORRIENTES,DIFERENTES DE SUBVENCIONES,ACTIVIDADES DE ATENCION A LA SALUD HUMANA Y DE ASISTENCIA SOCIAL,RECURSOS DEPARTAMENTALES Y DISTRITALES PARA ASEGURAMIENTO,No Aplica,No Aplica,No Aplica,,,,,,,,2021,Cuarto Trimestre,eje_ingreso,,,56868923.0,NO APLICA,OTRAS CONTRIBUCIONES CON DESTINACION ESPECIFICA LEGAL,NO APLICA,NO APLICA,NO APLICA,NO APLICA,NO APLICA,NO APLICA,NO APLICA,0.0,56868923.0,0.0,0.0,,,,,,
6783108,20211201,124205000,E.S.E. Hospital San Fernando - Amagá,1.1.02.05.002.03,"OTROS BIENES TRANSPORTABLES EXCEPTO PRODUCTOS METALICOS, MAQUINARIA Y EQUIPO",INGRESOS,INGRESOS CORRIENTES,INGRESOS NO TRIBUTARIOS,VENTA DE BIENES Y SERVICIOS,VENTAS INCIDENTALES DE ESTABLECIMIENTOS NO DE MERCADO,"OTROS BIENES TRANSPORTABLES EXCEPTO PRODUCTOS METALICOS, MAQUINARIA Y EQUIPO",No Aplica,No Aplica,No Aplica,No Aplica,,,,,,,,2021,Cuarto Trimestre,eje_ingreso,,,12058259.0,OTROS SERVICIOS DIVERSOS N C P,OTRAS CONTRIBUCIONES CON DESTINACION ESPECIFICA LEGAL,NO APLICA,NO APLICA,NO APLICA,NO APLICA,NO APLICA,NO APLICA,NO APLICA,0.0,12058259.0,0.0,0.0,,,,,,
6799446,20210301,124205000,E.S.E. Hospital San Fernando - Amagá,1.0.02,BANCOS,INGRESOS,DISPONIBILIDAD INICIAL,BANCOS,No Aplica,No Aplica,No Aplica,No Aplica,No Aplica,No Aplica,No Aplica,,,,,,,,2021,Primer Trimestre,eje_ingreso,,,310000000.0,NO APLICA,1.1.0.0.00 - DISPONIBILIDAD INICIAL,NO APLICA,NO APLICA,NO APLICA,NO APLICA,NO APLICA,NO APLICA,NO APLICA,0.0,0.0,0.0,310000000.0,,,,,,
6814402,20211201,124205000,E.S.E. Hospital San Fernando - Amagá,1.0.02,BANCOS,INGRESOS,DISPONIBILIDAD INICIAL,BANCOS,No Aplica,No Aplica,No Aplica,No Aplica,No Aplica,No Aplica,No Aplica,,,,,,,,2021,Cuarto Trimestre,eje_ingreso,,,310000000.0,NO APLICA,OTRAS CONTRIBUCIONES CON DESTINACION ESPECIFICA LEGAL,NO APLICA,NO APLICA,NO APLICA,NO APLICA,NO APLICA,NO APLICA,NO APLICA,0.0,0.0,0.0,310000000.0,,,,,,
6815667,20230301,124205000,E.S.E. Hospital San Fernando - Amagá,1,INGRESOS,INGRESOS,No Aplica,No Aplica,No Aplica,No Aplica,No Aplica,No Aplica,No Aplica,No Aplica,No Aplica,,,,,,,,2023,Primer Trimestre,eje_ingreso,,,555545590.0,NO APLICA,NO APLICA,NO APLICA,NO APLICA,NO APLICA,NO APLICA,NO APLICA,NO APLICA,NO APLICA,555545590.0,0.0,0.0,0.0,,,,,,
6819029,20230301,124205000,E.S.E. Hospital San Fernando - Amagá,1.1.02.05,VENTA DE BIENES Y SERVICIOS,INGRESOS,INGRESOS CORRIENTES,INGRESOS NO TRIBUTARIOS,VENTA DE BIENES Y SERVICIOS,No Aplica,No Aplica,No Aplica,No Aplica,No Aplica,No Aplica,,,,,,,,2023,Primer Trimestre,eje_ingreso,,,555545590.0,NO APLICA,NO APLICA,NO APLICA,NO APLICA,NO APLICA,NO APLICA,NO APLICA,NO APLICA,NO APLICA,555545590.0,0.0,0.0,0.0,,,,,,
6819781,20220901,124205000,E.S.E. Hospital San Fernando - Amagá,1.1.02.06.006.06,OTRAS UNIDADES DE GOBIERNO,INGRESOS,INGRESOS CORRIENTES,INGRESOS NO TRIBUTARIOS,TRANSFERENCIAS CORRIENTES,TRANSFERENCIAS DE OTRAS ENTIDADES DEL GOBIERNO GENERAL,OTRAS UNIDADES DE GOBIERNO,No Aplica,No Aplica,No Aplica,No Aplica,,,,,,,,2022,Tercer Trimestre,eje_ingreso,,,212840907.0,NO APLICA,R.B. VENTA DE BIENES Y SERVICIOS,NO APLICA,NO APLICA,NO APLICA,NO APLICA,NO APLICA,NO APLICA,NO APLICA,212840907.0,0.0,0.0,0.0,,,,,,
6821675,20210301,124205000,E.S.E. Hospital San Fernando - Amagá,1.1.02.05.001.09,"SERVICIOS PARA LA COMUNIDAD, SOCIALES Y PERSONALES",INGRESOS,INGRESOS CORRIENTES,INGRESOS NO TRIBUTARIOS,VENTA DE BIENES Y SERVICIOS,VENTAS DE ESTABLECIMIENTOS DE MERCADO,"SERVICIOS PARA LA COMUNIDAD, SOCIALES Y PERSONALES",No Aplica,No Aplica,No Aplica,No Aplica,,,,,,,,2021,Primer Trimestre,eje_ingreso,,,648869180.0,93121 - SERVICIOS MÉDICOS GENERALES,1.2.3.2.09 - VENTA DE BIENES Y SERVICIOS,NO APLICA,NO APLICA,NO APLICA,NO APLICA,NO APLICA,NO APLICA,NO APLICA,0.0,507516026.0,0.0,141353154.0,,,,,,
6822953,20211201,124205000,E.S.E. Hospital San Fernando - Amagá,1.0.01,CAJA,INGRESOS,DISPONIBILIDAD INICIAL,CAJA,No Aplica,No Aplica,No Aplica,No Aplica,No Aplica,No Aplica,No Aplica,,,,,,,,2021,Cuarto Trimestre,eje_ingreso,,,288792.0,NO APLICA,OTRAS CONTRIBUCIONES CON DESTINACION ESPECIFICA LEGAL,NO APLICA,NO APLICA,NO APLICA,NO APLICA,NO APLICA,NO APLICA,NO APLICA,0.0,0.0,0.0,288792.0,,,,,,
6844440,20210301,124205000,E.S.E. Hospital San Fernando - Amagá,1.1.02.05.001,VENTAS DE ESTABLECIMIENTOS DE MERCADO,INGRESOS,INGRESOS CORRIENTES,INGRESOS NO TRIBUTARIOS,VENTA DE BIENES Y SERVICIOS,VENTAS DE ESTABLECIMIENTOS DE MERCADO,No Aplica,No Aplica,No Aplica,No Aplica,No Aplica,,,,,,,,2021,Primer Trimestre,eje_ingreso,,,648869180.0,NO APLICA,NO APLICA,NO APLICA,NO APLICA,NO APLICA,NO APLICA,NO APLICA,NO APLICA,NO APLICA,0.0,507516026.0,0.0,141353154.0,,,,,,
6878348,20210901,124205000,E.S.E. Hospital San Fernando - Amagá,1.1.02.06.007.02,EMPRESAS PUBLICAS NO FINANCIERAS,INGRESOS,INGRESOS CORRIENTES,INGRESOS NO TRIBUTARIOS,TRANSFERENCIAS CORRIENTES,SUBVENCIONES,EMPRESAS PUBLICAS NO FINANCIERAS,No Aplica,No Aplica,No Aplica,No Aplica,,,,,,,,2021,Tercer Trimestre,eje_ingreso,,,431590126.0,NO APLICA,NO APLICA,NO APLICA,NO APLICA,NO APLICA,NO APLICA,NO APLICA,NO APLICA,NO APLICA,0.0,431590126.0,0.0,0.0,,,,,,
6894728,20211201,124205000,E.S.E. Hospital San Fernando - Amagá,1.1.02.05,VENTA DE BIENES Y SERVICIOS,INGRESOS,INGRESOS CORRIENTES,INGRESOS NO TRIBUTARIOS,VENTA DE BIENES Y SERVICIOS,No Aplica,No Aplica,No Aplica,No Aplica,No Aplica,No Aplica,,,,,,,,2021,Cuarto Trimestre,eje_ingreso,,,4168898564.0,NO APLICA,NO APLICA,NO APLICA,NO APLICA,NO APLICA,NO APLICA,NO APLICA,NO APLICA,NO APLICA,0.0,3652742835.0,0.0,516155729.0,,,,,,
6896574,20210601,124205000,E.S.E. Hospital San Fernando - Amagá,1.1.02.06.007,SUBVENCIONES,INGRESOS,INGRESOS CORRIENTES,INGRESOS NO TRIBUTARIOS,TRANSFERENCIAS CORRIENTES,SUBVENCIONES,No Aplica,No Aplica,No Aplica,No Aplica,No Aplica,,,,,,,,2021,Segundo Trimestre,eje_ingreso,,,348890015.0,NO APLICA,NO APLICA,NO APLICA,NO APLICA,NO APLICA,NO APLICA,NO APLICA,NO APLICA,NO APLICA,0.0,348890015.0,0.0,0.0,,,,,,
6905587,20210601,124205000,E.S.E. Hospital San Fernando - Amagá,1.1.02.06.007.02.08,TRANSFERENCIAS PARA EMPRESAS SOCIALES DEL ESTADO,INGRESOS,INGRESOS CORRIENTES,INGRESOS NO TRIBUTARIOS,TRANSFERENCIAS CORRIENTES,SUBVENCIONES,EMPRESAS PUBLICAS NO FINANCIERAS,TRANSFERENCIAS PARA EMPRESAS SOCIALES DEL ESTADO,No Aplica,No Aplica,No Aplica,,,,,,,,2021,Segundo Trimestre,eje_ingreso,,,348890015.0,NO APLICA,1.2.3.3.05 - SUBVENCIONES,NO APLICA,NO APLICA,NO APLICA,NO APLICA,NO APLICA,NO APLICA,NO APLICA,0.0,348890015.0,0.0,0.0,,,,,,
6905862,20211201,124205000,E.S.E. Hospital San Fernando - Amagá,1.1.02.05.001,VENTAS DE ESTABLECIMIENTOS DE MERCADO,INGRESOS,INGRESOS CORRIENTES,INGRESOS NO TRIBUTARIOS,VENTA DE BIENES Y SERVICIOS,VENTAS DE ESTABLECIMIENTOS DE MERCADO,No Aplica,No Aplica,No Aplica,No Aplica,No Aplica,,,,,,,,2021,Cuarto Trimestre,eje_ingreso,,,4156840305.0,NO APLICA,NO APLICA,NO APLICA,NO APLICA,NO APLICA,NO APLICA,NO APLICA,NO APLICA,NO APLICA,0.0,3640684576.0,0.0,516155729.0,,,,,,
6905961,20210901,124205000,E.S.E. Hospital San Fernando - Amagá,1.1.02.05.002,VENTAS INCIDENTALES DE ESTABLECIMIENTOS NO DE MERCADO,INGRESOS,INGRESOS CORRIENTES,INGRESOS NO TRIBUTARIOS,VENTA DE BIENES Y SERVICIOS,VENTAS INCIDENTALES DE ESTABLECIMIENTOS NO DE MERCADO,No Aplica,No Aplica,No Aplica,No Aplica,No Aplica,,,,,,,,2021,Tercer Trimestre,eje_ingreso,,,9989013.0,NO APLICA,NO APLICA,NO APLICA,NO APLICA,NO APLICA,NO APLICA,NO APLICA,NO APLICA,NO APLICA,0.0,9989013.0,0.0,0.0,,,,,,
6919163,20211201,124205000,E.S.E. Hospital San Fernando - Amagá,1.0.03,INVERSIONES TEMPORALES,INGRESOS,DISPONIBILIDAD INICIAL,INVERSIONES TEMPORALES,No Aplica,No Aplica,No Aplica,No Aplica,No Aplica,No Aplica,No Aplica,,,,,,,,2021,Cuarto Trimestre,eje_ingreso,,,140000000.0,NO APLICA,OTRAS CONTRIBUCIONES CON DESTINACION ESPECIFICA LEGAL,NO APLICA,NO APLICA,NO APLICA,NO APLICA,NO APLICA,NO APLICA,NO APLICA,0.0,0.0,0.0,140000000.0,,,,,,
6934061,20230301,124205000,E.S.E. Hospital San Fernando - Amagá,1.1,INGRESOS CORRIENTES,INGRESOS,INGRESOS CORRIENTES,No Aplica,No Aplica,No Aplica,No Aplica,No Aplica,No Aplica,No Aplica,No Aplica,,,,,,,,2023,Primer Trimestre,eje_ingreso,,,555545590.0,NO APLICA,NO APLICA,NO APLICA,NO APLICA,NO APLICA,NO APLICA,NO APLICA,NO APLICA,NO APLICA,555545590.0,0.0,0.0,0.0,,,,,,
6962669,20230901,124205000,E.S.E. Hospital San Fernando - Amagá,1.1,INGRESOS CORRIENTES,INGRESOS,INGRESOS CORRIENTES,No Aplica,No Aplica,No Aplica,No Aplica,No Aplica,No Aplica,No Aplica,No Aplica,,,,,,,,2023,Tercer Trimestre,eje_ingreso,,,4044242519.0,NO APLICA,NO APLICA,NO APLICA,NO APLICA,NO APLICA,NO APLICA,NO APLICA,NO APLICA,NO APLICA,4044242519.0,0.0,0.0,0.0,,,,,,
6973214,20220901,124205000,E.S.E. Hospital San Fernando - Amagá,1.1.02.05.001.09,"SERVICIOS PARA LA COMUNIDAD, SOCIALES Y PERSONALES",INGRESOS,INGRESOS CORRIENTES,INGRESOS NO TRIBUTARIOS,VENTA DE BIENES Y SERVICIOS,VENTAS DE ESTABLECIMIENTOS DE MERCADO,"SERVICIOS PARA LA COMUNIDAD, SOCIALES Y PERSONALES",No Aplica,No Aplica,No Aplica,No Aplica,,,,,,,,2022,Tercer Trimestre,eje_ingreso,,,2767307597.0,SERVICIOS MEDICOS GENERALES,R.B. VENTA DE BIENES Y SERVICIOS,NO APLICA,NO APLICA,NO APLICA,NO APLICA,NO APLICA,NO APLICA,NO APLICA,2767307597.0,0.0,0.0,0.0,,,,,,
6973688,20210301,124205000,E.S.E. Hospital San Fernando - Amagá,1.1.02.06.007.02.08,TRANSFERENCIAS PARA EMPRESAS SOCIALES DEL ESTADO,INGRESOS,INGRESOS CORRIENTES,INGRESOS NO TRIBUTARIOS,TRANSFERENCIAS CORRIENTES,SUBVENCIONES,EMPRESAS PUBLICAS NO FINANCIERAS,TRANSFERENCIAS PARA EMPRESAS SOCIALES DEL ESTADO,No Aplica,No Aplica,No Aplica,,,,,,,,2021,Primer Trimestre,eje_ingreso,,,124635394.0,NO APLICA,1.2.3.3.05 - SUBVENCIONES,NO APLICA,NO APLICA,NO APLICA,NO APLICA,NO APLICA,NO APLICA,NO APLICA,0.0,124635394.0,0.0,0.0,,,,,,
6978074,20210301,124205000,E.S.E. Hospital San Fernando - Amagá,1.0.03,INVERSIONES TEMPORALES,INGRESOS,DISPONIBILIDAD INICIAL,INVERSIONES TEMPORALES,No Aplica,No Aplica,No Aplica,No Aplica,No Aplica,No Aplica,No Aplica,,,,,,,,2021,Primer Trimestre,eje_ingreso,,,140000000.0,NO APLICA,1.1.0.0.00 - DISPONIBILIDAD INICIAL,NO APLICA,NO APLICA,NO APLICA,NO APLICA,NO APLICA,NO APLICA,NO APLICA,0.0,0.0,0.0,140000000.0,,,,,,
6981608,20211201,124205000,E.S.E. Hospital San Fernando - Amagá,1.1.02.05.002,VENTAS INCIDENTALES DE ESTABLECIMIENTOS NO DE MERCADO,INGRESOS,INGRESOS CORRIENTES,INGRESOS NO TRIBUTARIOS,VENTA DE BIENES Y SERVICIOS,VENTAS INCIDENTALES DE ESTABLECIMIENTOS NO DE MERCADO,No Aplica,No Aplica,No Aplica,No Aplica,No Aplica,,,,,,,,2021,Cuarto Trimestre,eje_ingreso,,,12058259.0,NO APLICA,NO APLICA,NO APLICA,NO APLICA,NO APLICA,NO APLICA,NO APLICA,NO APLICA,NO APLICA,0.0,12058259.0,0.0,0.0,,,,,,
7002653,20210301,124205000,E.S.E. Hospital San Fernando - Amagá,1.1.02.05,VENTA DE BIENES Y SERVICIOS,INGRESOS,INGRESOS CORRIENTES,INGRESOS NO TRIBUTARIOS,VENTA DE BIENES Y SERVICIOS,No Aplica,No Aplica,No Aplica,No Aplica,No Aplica,No Aplica,,,,,,,,2021,Primer Trimestre,eje_ingreso,,,656625791.0,NO APLICA,NO APLICA,NO APLICA,NO APLICA,NO APLICA,NO APLICA,NO APLICA,NO APLICA,NO APLICA,0.0,515272637.0,0.0,141353154.0,,,,,,
7010590,20210601,124205000,E.S.E. Hospital San Fernando - Amagá,1.0,DISPONIBILIDAD INICIAL,INGRESOS,DISPONIBILIDAD INICIAL,No Aplica,No Aplica,No Aplica,No Aplica,No Aplica,No Aplica,No Aplica,No Aplica,,,,,,,,2021,Segundo Trimestre,eje_ingreso,,,450288792.0,NO APLICA,NO APLICA,NO APLICA,NO APLICA,NO APLICA,NO APLICA,NO APLICA,NO APLICA,NO APLICA,0.0,0.0,0.0,450288792.0,,,,,,
7010945,20221201,124205000,E.S.E. Hospital San Fernando - Amagá,1.1.02.05.001,VENTAS DE ESTABLECIMIENTOS DE MERCADO,INGRESOS,INGRESOS CORRIENTES,INGRESOS NO TRIBUTARIOS,VENTA DE BIENES Y SERVICIOS,VENTAS DE ESTABLECIMIENTOS DE MERCADO,No Aplica,No Aplica,No Aplica,No Aplica,No Aplica,,,,,,,,2022,Cuarto Trimestre,eje_ingreso,,,4141871781.0,NO APLICA,NO APLICA,NO APLICA,NO APLICA,NO APLICA,NO APLICA,NO APLICA,NO APLICA,NO APLICA,3970410403.0,0.0,0.0,171461378.0,,,,,,
7014073,20221201,124205000,E.S.E. Hospital San Fernando - Amagá,1.1.02.06.006.06,OTRAS UNIDADES DE GOBIERNO,INGRESOS,INGRESOS CORRIENTES,INGRESOS NO TRIBUTARIOS,TRANSFERENCIAS CORRIENTES,TRANSFERENCIAS DE OTRAS ENTIDADES DEL GOBIERNO GENERAL,OTRAS UNIDADES DE GOBIERNO,No Aplica,No Aplica,No Aplica,No Aplica,,,,,,,,2022,Cuarto Trimestre,eje_ingreso,,,588891719.0,NO APLICA,R.B. VENTA DE BIENES Y SERVICIOS,NO APLICA,NO APLICA,NO APLICA,NO APLICA,NO APLICA,NO APLICA,NO APLICA,588891719.0,0.0,0.0,0.0,,,,,,
7028361,20220301,124205000,E.S.E. Hospital San Fernando - Amagá,1.1.02.05.001,VENTAS DE ESTABLECIMIENTOS DE MERCADO,INGRESOS,INGRESOS CORRIENTES,INGRESOS NO TRIBUTARIOS,VENTA DE BIENES Y SERVICIOS,VENTAS DE ESTABLECIMIENTOS DE MERCADO,No Aplica,No Aplica,No Aplica,No Aplica,No Aplica,,,,,,,,2022,Primer Trimestre,eje_ingreso,,,736656509.0,NO APLICA,NO APLICA,NO APLICA,NO APLICA,NO APLICA,NO APLICA,NO APLICA,NO APLICA,NO APLICA,736656509.0,0.0,0.0,0.0,,,,,,
7077959,20221201,124205000,E.S.E. Hospital San Fernando - Amagá,1.1.02.06,TRANSFERENCIAS CORRIENTES,INGRESOS,INGRESOS CORRIENTES,INGRESOS NO TRIBUTARIOS,TRANSFERENCIAS CORRIENTES,No Aplica,No Aplica,No Aplica,No Aplica,No Aplica,No Aplica,,,,,,,,2022,Cuarto Trimestre,eje_ingreso,,,588891719.0,NO APLICA,NO APLICA,NO APLICA,NO APLICA,NO APLICA,NO APLICA,NO APLICA,NO APLICA,NO APLICA,588891719.0,0.0,0.0,0.0,,,,,,
7084735,20210301,124205000,E.S.E. Hospital San Fernando - Amagá,1.1.02.06.007,SUBVENCIONES,INGRESOS,INGRESOS CORRIENTES,INGRESOS NO TRIBUTARIOS,TRANSFERENCIAS CORRIENTES,SUBVENCIONES,No Aplica,No Aplica,No Aplica,No Aplica,No Aplica,,,,,,,,2021,Primer Trimestre,eje_ingreso,,,124635394.0,NO APLICA,NO APLICA,NO APLICA,NO APLICA,NO APLICA,NO APLICA,NO APLICA,NO APLICA,NO APLICA,0.0,124635394.0,0.0,0.0,,,,,,
7092810,20210301,124205000,E.S.E. Hospital San Fernando - Amagá,1.1.02.05.002,VENTAS INCIDENTALES DE ESTABLECIMIENTOS NO DE MERCADO,INGRESOS,INGRESOS CORRIENTES,INGRESOS NO TRIBUTARIOS,VENTA DE BIENES Y SERVICIOS,VENTAS INCIDENTALES DE ESTABLECIMIENTOS NO DE MERCADO,No Aplica,No Aplica,No Aplica,No Aplica,No Aplica,,,,,,,,2021,Primer Trimestre,eje_ingreso,,,7756611.0,NO APLICA,NO APLICA,NO APLICA,NO APLICA,NO APLICA,NO APLICA,NO APLICA,NO APLICA,NO APLICA,0.0,7756611.0,0.0,0.0,,,,,,
7109006,20211201,124205000,E.S.E. Hospital San Fernando - Amagá,1.1.02.06.008,DIFERENTES DE SUBVENCIONES,INGRESOS,INGRESOS CORRIENTES,INGRESOS NO TRIBUTARIOS,TRANSFERENCIAS CORRIENTES,DIFERENTES DE SUBVENCIONES,No Aplica,No Aplica,No Aplica,No Aplica,No Aplica,,,,,,,,2021,Cuarto Trimestre,eje_ingreso,,,56868923.0,NO APLICA,NO APLICA,NO APLICA,NO APLICA,NO APLICA,NO APLICA,NO APLICA,NO APLICA,NO APLICA,0.0,56868923.0,0.0,0.0,,,,,,
7113932,20220301,124205000,E.S.E. Hospital San Fernando - Amagá,1,INGRESOS,INGRESOS,No Aplica,No Aplica,No Aplica,No Aplica,No Aplica,No Aplica,No Aplica,No Aplica,No Aplica,,,,,,,,2022,Primer Trimestre,eje_ingreso,,,736656509.0,NO APLICA,NO APLICA,NO APLICA,NO APLICA,NO APLICA,NO APLICA,NO APLICA,NO APLICA,NO APLICA,736656509.0,0.0,0.0,0.0,,,,,,
7130501,20210601,124205000,E.S.E. Hospital San Fernando - Amagá,1.0.01,CAJA,INGRESOS,DISPONIBILIDAD INICIAL,CAJA,No Aplica,No Aplica,No Aplica,No Aplica,No Aplica,No Aplica,No Aplica,,,,,,,,2021,Segundo Trimestre,eje_ingreso,,,288792.0,NO APLICA,1.1.0.0.00 - DISPONIBILIDAD INICIAL,NO APLICA,NO APLICA,NO APLICA,NO APLICA,NO APLICA,NO APLICA,NO APLICA,0.0,0.0,0.0,288792.0,,,,,,
7134431,20210301,124205000,E.S.E. Hospital San Fernando - Amagá,1.1.02.06,TRANSFERENCIAS CORRIENTES,INGRESOS,INGRESOS CORRIENTES,INGRESOS NO TRIBUTARIOS,TRANSFERENCIAS CORRIENTES,No Aplica,No Aplica,No Aplica,No Aplica,No Aplica,No Aplica,,,,,,,,2021,Primer Trimestre,eje_ingreso,,,124635394.0,NO APLICA,NO APLICA,NO APLICA,NO APLICA,NO APLICA,NO APLICA,NO APLICA,NO APLICA,NO APLICA,0.0,124635394.0,0.0,0.0,,,,,,
7148685,20220601,124205000,E.S.E. Hospital San Fernando - Amagá,1.1.02.05,VENTA DE BIENES Y SERVICIOS,INGRESOS,INGRESOS CORRIENTES,INGRESOS NO TRIBUTARIOS,VENTA DE BIENES Y SERVICIOS,No Aplica,No Aplica,No Aplica,No Aplica,No Aplica,No Aplica,,,,,,,,2022,Segundo Trimestre,eje_ingreso,,,1712721750.0,NO APLICA,NO APLICA,NO APLICA,NO APLICA,NO APLICA,NO APLICA,NO APLICA,NO APLICA,NO APLICA,1712721750.0,0.0,0.0,0.0,,,,,,
7166688,20210901,124205000,E.S.E. Hospital San Fernando - Amagá,1.1.02.05,VENTA DE BIENES Y SERVICIOS,INGRESOS,INGRESOS CORRIENTES,INGRESOS NO TRIBUTARIOS,VENTA DE BIENES Y SERVICIOS,No Aplica,No Aplica,No Aplica,No Aplica,No Aplica,No Aplica,,,,,,,,2021,Tercer Trimestre,eje_ingreso,,,2521477950.0,NO APLICA,NO APLICA,NO APLICA,NO APLICA,NO APLICA,NO APLICA,NO APLICA,NO APLICA,NO APLICA,0.0,2243175356.0,0.0,278302594.0,,,,,,
7194784,20210901,124205000,E.S.E. Hospital San Fernando - Amagá,1.1.02,INGRESOS NO TRIBUTARIOS,INGRESOS,INGRESOS CORRIENTES,INGRESOS NO TRIBUTARIOS,No Aplica,No Aplica,No Aplica,No Aplica,No Aplica,No Aplica,No Aplica,,,,,,,,2021,Tercer Trimestre,eje_ingreso,,,2994532742.0,NO APLICA,NO APLICA,NO APLICA,NO APLICA,NO APLICA,NO APLICA,NO APLICA,NO APLICA,NO APLICA,0.0,2716230148.0,0.0,278302594.0,,,,,,
7203397,20230601,124205000,E.S.E. Hospital San Fernando - Amagá,1.1.02.05.001.09,"SERVICIOS PARA LA COMUNIDAD, SOCIALES Y PERSONALES",INGRESOS,INGRESOS CORRIENTES,INGRESOS NO TRIBUTARIOS,VENTA DE BIENES Y SERVICIOS,VENTAS DE ESTABLECIMIENTOS DE MERCADO,"SERVICIOS PARA LA COMUNIDAD, SOCIALES Y PERSONALES",No Aplica,No Aplica,No Aplica,No Aplica,,,,,,,,2023,Segundo Trimestre,eje_ingreso,,,2020788370.0,SERVICIOS MEDICOS GENERALES,R.B. SGP-SALUD-REGIMEN SUBSIDIADO,NO APLICA,NO APLICA,NO APLICA,NO APLICA,NO APLICA,NO APLICA,NO APLICA,2020788370.0,0.0,0.0,0.0,,,,,,
7217710,20230901,124205000,E.S.E. Hospital San Fernando - Amagá,1.1.02.06.006,TRANSFERENCIAS DE OTRAS ENTIDADES DEL GOBIERNO GENERAL,INGRESOS,INGRESOS CORRIENTES,INGRESOS NO TRIBUTARIOS,TRANSFERENCIAS CORRIENTES,TRANSFERENCIAS DE OTRAS ENTIDADES DEL GOBIERNO GENERAL,No Aplica,No Aplica,No Aplica,No Aplica,No Aplica,,,,,,,,2023,Tercer Trimestre,eje_ingreso,,,391262359.0,NO APLICA,NO APLICA,NO APLICA,NO APLICA,NO APLICA,NO APLICA,NO APLICA,NO APLICA,NO APLICA,391262359.0,0.0,0.0,0.0,,,,,,
7220032,20220601,124205000,E.S.E. Hospital San Fernando - Amagá,1.1.02.06.006.06,OTRAS UNIDADES DE GOBIERNO,INGRESOS,INGRESOS CORRIENTES,INGRESOS NO TRIBUTARIOS,TRANSFERENCIAS CORRIENTES,TRANSFERENCIAS DE OTRAS ENTIDADES DEL GOBIERNO GENERAL,OTRAS UNIDADES DE GOBIERNO,No Aplica,No Aplica,No Aplica,No Aplica,,,,,,,,2022,Segundo Trimestre,eje_ingreso,,,99814032.0,NO APLICA,R.B. VENTA DE BIENES Y SERVICIOS,NO APLICA,NO APLICA,NO APLICA,NO APLICA,NO APLICA,NO APLICA,NO APLICA,99814032.0,0.0,0.0,0.0,,,,,,
7226831,20220301,124205000,E.S.E. Hospital San Fernando - Amagá,1.1.02.05.001.09,"SERVICIOS PARA LA COMUNIDAD, SOCIALES Y PERSONALES",INGRESOS,INGRESOS CORRIENTES,INGRESOS NO TRIBUTARIOS,VENTA DE BIENES Y SERVICIOS,VENTAS DE ESTABLECIMIENTOS DE MERCADO,"SERVICIOS PARA LA COMUNIDAD, SOCIALES Y PERSONALES",No Aplica,No Aplica,No Aplica,No Aplica,,,,,,,,2022,Primer Trimestre,eje_ingreso,,,736656509.0,SERVICIOS MEDICOS GENERALES,R.B. VENTA DE BIENES Y SERVICIOS,NO APLICA,NO APLICA,NO APLICA,NO APLICA,NO APLICA,NO APLICA,NO APLICA,736656509.0,0.0,0.0,0.0,,,,,,
7234498,20221201,124205000,E.S.E. Hospital San Fernando - Amagá,1.1.02,INGRESOS NO TRIBUTARIOS,INGRESOS,INGRESOS CORRIENTES,INGRESOS NO TRIBUTARIOS,No Aplica,No Aplica,No Aplica,No Aplica,No Aplica,No Aplica,No Aplica,,,,,,,,2022,Cuarto Trimestre,eje_ingreso,,,4730763500.0,NO APLICA,NO APLICA,NO APLICA,NO APLICA,NO APLICA,NO APLICA,NO APLICA,NO APLICA,NO APLICA,4559302122.0,0.0,0.0,171461378.0,,,,,,
7247837,20211201,124205000,E.S.E. Hospital San Fernando - Amagá,1.1.02.06.007.02.08,TRANSFERENCIAS PARA EMPRESAS SOCIALES DEL ESTADO,INGRESOS,INGRESOS CORRIENTES,INGRESOS NO TRIBUTARIOS,TRANSFERENCIAS CORRIENTES,SUBVENCIONES,EMPRESAS PUBLICAS NO FINANCIERAS,TRANSFERENCIAS PARA EMPRESAS SOCIALES DEL ESTADO,No Aplica,No Aplica,No Aplica,,,,,,,,2021,Cuarto Trimestre,eje_ingreso,,,650692732.0,NO APLICA,OTRAS CONTRIBUCIONES CON DESTINACION ESPECIFICA LEGAL,NO APLICA,NO APLICA,NO APLICA,NO APLICA,NO APLICA,NO APLICA,NO APLICA,0.0,650692732.0,0.0,0.0,,,,,,
7295152,20211201,124205000,E.S.E. Hospital San Fernando - Amagá,1.1,INGRESOS CORRIENTES,INGRESOS,INGRESOS CORRIENTES,No Aplica,No Aplica,No Aplica,No Aplica,No Aplica,No Aplica,No Aplica,No Aplica,,,,,,,,2021,Cuarto Trimestre,eje_ingreso,,,4876460219.0,NO APLICA,NO APLICA,NO APLICA,NO APLICA,NO APLICA,NO APLICA,NO APLICA,NO APLICA,NO APLICA,0.0,4360304490.0,0.0,516155729.0,,,,,,
7303259,20210301,124205000,E.S.E. Hospital San Fernando - Amagá,1.0.01,CAJA,INGRESOS,DISPONIBILIDAD INICIAL,CAJA,No Aplica,No Aplica,No Aplica,No Aplica,No Aplica,No Aplica,No Aplica,,,,,,,,2021,Primer Trimestre,eje_ingreso,,,288792.0,NO APLICA,1.1.0.0.00 - DISPONIBILIDAD INICIAL,NO APLICA,NO APLICA,NO APLICA,NO APLICA,NO APLICA,NO APLICA,NO APLICA,0.0,0.0,0.0,288792.0,,,,,,
7324082,20211201,124205000,E.S.E. Hospital San Fernando - Amagá,1.1.02.06.007,SUBVENCIONES,INGRESOS,INGRESOS CORRIENTES,INGRESOS NO TRIBUTARIOS,TRANSFERENCIAS CORRIENTES,SUBVENCIONES,No Aplica,No Aplica,No Aplica,No Aplica,No Aplica,,,,,,,,2021,Cuarto Trimestre,eje_ingreso,,,650692732.0,NO APLICA,NO APLICA,NO APLICA,NO APLICA,NO APLICA,NO APLICA,NO APLICA,NO APLICA,NO APLICA,0.0,650692732.0,0.0,0.0,,,,,,
7330379,20230901,124205000,E.S.E. Hospital San Fernando - Amagá,1.1.02,INGRESOS NO TRIBUTARIOS,INGRESOS,INGRESOS CORRIENTES,INGRESOS NO TRIBUTARIOS,No Aplica,No Aplica,No Aplica,No Aplica,No Aplica,No Aplica,No Aplica,,,,,,,,2023,Tercer Trimestre,eje_ingreso,,,4044242519.0,NO APLICA,NO APLICA,NO APLICA,NO APLICA,NO APLICA,NO APLICA,NO APLICA,NO APLICA,NO APLICA,4044242519.0,0.0,0.0,0.0,,,,,,
7337737,20210901,124205000,E.S.E. Hospital San Fernando - Amagá,1.1.02.05.001,VENTAS DE ESTABLECIMIENTOS DE MERCADO,INGRESOS,INGRESOS CORRIENTES,INGRESOS NO TRIBUTARIOS,VENTA DE BIENES Y SERVICIOS,VENTAS DE ESTABLECIMIENTOS DE MERCADO,No Aplica,No Aplica,No Aplica,No Aplica,No Aplica,,,,,,,,2021,Tercer Trimestre,eje_ingreso,,,2511488937.0,NO APLICA,NO APLICA,NO APLICA,NO APLICA,NO APLICA,NO APLICA,NO APLICA,NO APLICA,NO APLICA,0.0,2233186343.0,0.0,278302594.0,,,,,,
7347974,20230901,124205000,E.S.E. Hospital San Fernando - Amagá,1.1.02.05.001,VENTAS DE ESTABLECIMIENTOS DE MERCADO,INGRESOS,INGRESOS CORRIENTES,INGRESOS NO TRIBUTARIOS,VENTA DE BIENES Y SERVICIOS,VENTAS DE ESTABLECIMIENTOS DE MERCADO,No Aplica,No Aplica,No Aplica,No Aplica,No Aplica,,,,,,,,2023,Tercer Trimestre,eje_ingreso,,,3652980160.0,NO APLICA,NO APLICA,NO APLICA,NO APLICA,NO APLICA,NO APLICA,NO APLICA,NO APLICA,NO APLICA,3652980160.0,0.0,0.0,0.0,,,,,,
7351588,20210601,124205000,E.S.E. Hospital San Fernando - Amagá,1.1.02.06.008.01,ACTIVIDADES DE ATENCION A LA SALUD HUMANA Y DE ASISTENCIA SOCIAL,INGRESOS,INGRESOS CORRIENTES,INGRESOS NO TRIBUTARIOS,TRANSFERENCIAS CORRIENTES,DIFERENTES DE SUBVENCIONES,ACTIVIDADES DE ATENCION A LA SALUD HUMANA Y DE ASISTENCIA SOCIAL,No Aplica,No Aplica,No Aplica,No Aplica,,,,,,,,2021,Segundo Trimestre,eje_ingreso,,,2950659.0,NO APLICA,NO APLICA,NO APLICA,NO APLICA,NO APLICA,NO APLICA,NO APLICA,NO APLICA,NO APLICA,0.0,2950659.0,0.0,0.0,,,,,,
7357516,20220601,124205000,E.S.E. Hospital San Fernando - Amagá,1.1,INGRESOS CORRIENTES,INGRESOS,INGRESOS CORRIENTES,No Aplica,No Aplica,No Aplica,No Aplica,No Aplica,No Aplica,No Aplica,No Aplica,,,,,,,,2022,Segundo Trimestre,eje_ingreso,,,1812535782.0,NO APLICA,NO APLICA,NO APLICA,NO APLICA,NO APLICA,NO APLICA,NO APLICA,NO APLICA,NO APLICA,1812535782.0,0.0,0.0,0.0,,,,,,
7364312,20211201,124205000,E.S.E. Hospital San Fernando - Amagá,1.1.02.05.001.09,"SERVICIOS PARA LA COMUNIDAD, SOCIALES Y PERSONALES",INGRESOS,INGRESOS CORRIENTES,INGRESOS NO TRIBUTARIOS,VENTA DE BIENES Y SERVICIOS,VENTAS DE ESTABLECIMIENTOS DE MERCADO,"SERVICIOS PARA LA COMUNIDAD, SOCIALES Y PERSONALES",No Aplica,No Aplica,No Aplica,No Aplica,,,,,,,,2021,Cuarto Trimestre,eje_ingreso,,,4156840305.0,SERVICIOS MEDICOS GENERALES,OTRAS CONTRIBUCIONES CON DESTINACION ESPECIFICA LEGAL,NO APLICA,NO APLICA,NO APLICA,NO APLICA,NO APLICA,NO APLICA,NO APLICA,0.0,3640684576.0,0.0,516155729.0,,,,,,
7371567,20230901,124205000,E.S.E. Hospital San Fernando - Amagá,1,INGRESOS,INGRESOS,No Aplica,No Aplica,No Aplica,No Aplica,No Aplica,No Aplica,No Aplica,No Aplica,No Aplica,,,,,,,,2023,Tercer Trimestre,eje_ingreso,,,4044242519.0,NO APLICA,NO APLICA,NO APLICA,NO APLICA,NO APLICA,NO APLICA,NO APLICA,NO APLICA,NO APLICA,4044242519.0,0.0,0.0,0.0,,,,,,
7373431,20220601,124205000,E.S.E. Hospital San Fernando - Amagá,1.1.02.05.001.09,"SERVICIOS PARA LA COMUNIDAD, SOCIALES Y PERSONALES",INGRESOS,INGRESOS CORRIENTES,INGRESOS NO TRIBUTARIOS,VENTA DE BIENES Y SERVICIOS,VENTAS DE ESTABLECIMIENTOS DE MERCADO,"SERVICIOS PARA LA COMUNIDAD, SOCIALES Y PERSONALES",No Aplica,No Aplica,No Aplica,No Aplica,,,,,,,,2022,Segundo Trimestre,eje_ingreso,,,1712721750.0,SERVICIOS MEDICOS GENERALES,R.B. VENTA DE BIENES Y SERVICIOS,NO APLICA,NO APLICA,NO APLICA,NO APLICA,NO APLICA,NO APLICA,NO APLICA,1712721750.0,0.0,0.0,0.0,,,,,,
7374844,20210601,124205000,E.S.E. Hospital San Fernando - Amagá,1.1.02.06.008,DIFERENTES DE SUBVENCIONES,INGRESOS,INGRESOS CORRIENTES,INGRESOS NO TRIBUTARIOS,TRANSFERENCIAS CORRIENTES,DIFERENTES DE SUBVENCIONES,No Aplica,No Aplica,No Aplica,No Aplica,No Aplica,,,,,,,,2021,Segundo Trimestre,eje_ingreso,,,2950659.0,NO APLICA,NO APLICA,NO APLICA,NO APLICA,NO APLICA,NO APLICA,NO APLICA,NO APLICA,NO APLICA,0.0,2950659.0,0.0,0.0,,,,,,
7394879,20210901,124205000,E.S.E. Hospital San Fernando - Amagá,1.1.02.06.008,DIFERENTES DE SUBVENCIONES,INGRESOS,INGRESOS CORRIENTES,INGRESOS NO TRIBUTARIOS,TRANSFERENCIAS CORRIENTES,DIFERENTES DE SUBVENCIONES,No Aplica,No Aplica,No Aplica,No Aplica,No Aplica,,,,,,,,2021,Tercer Trimestre,eje_ingreso,,,41464666.0,NO APLICA,NO APLICA,NO APLICA,NO APLICA,NO APLICA,NO APLICA,NO APLICA,NO APLICA,NO APLICA,0.0,41464666.0,0.0,0.0,,,,,,
7396861,20210601,124205000,E.S.E. Hospital San Fernando - Amagá,1.0.03,INVERSIONES TEMPORALES,INGRESOS,DISPONIBILIDAD INICIAL,INVERSIONES TEMPORALES,No Aplica,No Aplica,No Aplica,No Aplica,No Aplica,No Aplica,No Aplica,,,,,,,,2021,Segundo Trimestre,eje_ingreso,,,140000000.0,NO APLICA,1.1.0.0.00 - DISPONIBILIDAD INICIAL,NO APLICA,NO APLICA,NO APLICA,NO APLICA,NO APLICA,NO APLICA,NO APLICA,0.0,0.0,0.0,140000000.0,,,,,,
7409209,20211201,124205000,E.S.E. Hospital San Fernando - Amagá,1.1.02.06,TRANSFERENCIAS CORRIENTES,INGRESOS,INGRESOS CORRIENTES,INGRESOS NO TRIBUTARIOS,TRANSFERENCIAS CORRIENTES,No Aplica,No Aplica,No Aplica,No Aplica,No Aplica,No Aplica,,,,,,,,2021,Cuarto Trimestre,eje_ingreso,,,707561655.0,NO APLICA,NO APLICA,NO APLICA,NO APLICA,NO APLICA,NO APLICA,NO APLICA,NO APLICA,NO APLICA,0.0,707561655.0,0.0,0.0,,,,,,
7421386,20221201,124205000,E.S.E. Hospital San Fernando - Amagá,1.1.02.05,VENTA DE BIENES Y SERVICIOS,INGRESOS,INGRESOS CORRIENTES,INGRESOS NO TRIBUTARIOS,VENTA DE BIENES Y SERVICIOS,No Aplica,No Aplica,No Aplica,No Aplica,No Aplica,No Aplica,,,,,,,,2022,Cuarto Trimestre,eje_ingreso,,,4141871781.0,NO APLICA,NO APLICA,NO APLICA,NO APLICA,NO APLICA,NO APLICA,NO APLICA,NO APLICA,NO APLICA,3970410403.0,0.0,0.0,171461378.0,,,,,,
7421877,20210901,124205000,E.S.E. Hospital San Fernando - Amagá,1.0.02,BANCOS,INGRESOS,DISPONIBILIDAD INICIAL,BANCOS,No Aplica,No Aplica,No Aplica,No Aplica,No Aplica,No Aplica,No Aplica,,,,,,,,2021,Tercer Trimestre,eje_ingreso,,,310000000.0,NO APLICA,1.1.0.0.00 - DISPONIBILIDAD INICIAL,NO APLICA,NO APLICA,NO APLICA,NO APLICA,NO APLICA,NO APLICA,NO APLICA,0.0,0.0,0.0,310000000.0,,,,,,
7422712,20221201,124205000,E.S.E. Hospital San Fernando - Amagá,1,INGRESOS,INGRESOS,No Aplica,No Aplica,No Aplica,No Aplica,No Aplica,No Aplica,No Aplica,No Aplica,No Aplica,,,,,,,,2022,Cuarto Trimestre,eje_ingreso,,,4730763500.0,NO APLICA,NO APLICA,NO APLICA,NO APLICA,NO APLICA,NO APLICA,NO APLICA,NO APLICA,NO APLICA,4559302122.0,0.0,0.0,171461378.0,,,,,,
7427986,20220601,124205000,E.S.E. Hospital San Fernando - Amagá,1.1.02.05.001,VENTAS DE ESTABLECIMIENTOS DE MERCADO,INGRESOS,INGRESOS CORRIENTES,INGRESOS NO TRIBUTARIOS,VENTA DE BIENES Y SERVICIOS,VENTAS DE ESTABLECIMIENTOS DE MERCADO,No Aplica,No Aplica,No Aplica,No Aplica,No Aplica,,,,,,,,2022,Segundo Trimestre,eje_ingreso,,,1712721750.0,NO APLICA,NO APLICA,NO APLICA,NO APLICA,NO APLICA,NO APLICA,NO APLICA,NO APLICA,NO APLICA,1712721750.0,0.0,0.0,0.0,,,,,,
7434257,20210901,124205000,E.S.E. Hospital San Fernando - Amagá,1.1.02.06.007,SUBVENCIONES,INGRESOS,INGRESOS CORRIENTES,INGRESOS NO TRIBUTARIOS,TRANSFERENCIAS CORRIENTES,SUBVENCIONES,No Aplica,No Aplica,No Aplica,No Aplica,No Aplica,,,,,,,,2021,Tercer Trimestre,eje_ingreso,,,431590126.0,NO APLICA,NO APLICA,NO APLICA,NO APLICA,NO APLICA,NO APLICA,NO APLICA,NO APLICA,NO APLICA,0.0,431590126.0,0.0,0.0,,,,,,
7443770,20230301,124205000,E.S.E. Hospital San Fernando - Amagá,1.1.02.05.001.09,"SERVICIOS PARA LA COMUNIDAD, SOCIALES Y PERSONALES",INGRESOS,INGRESOS CORRIENTES,INGRESOS NO TRIBUTARIOS,VENTA DE BIENES Y SERVICIOS,VENTAS DE ESTABLECIMIENTOS DE MERCADO,"SERVICIOS PARA LA COMUNIDAD, SOCIALES Y PERSONALES",No Aplica,No Aplica,No Aplica,No Aplica,,,,,,,,2023,Primer Trimestre,eje_ingreso,,,555545590.0,SERVICIOS MEDICOS GENERALES,R.B. VENTA DE BIENES Y SERVICIOS,NO APLICA,NO APLICA,NO APLICA,NO APLICA,NO APLICA,NO APLICA,NO APLICA,555545590.0,0.0,0.0,0.0,,,,,,
7487284,20230301,124205000,E.S.E. Hospital San Fernando - Amagá,1.1.02.05.001,VENTAS DE ESTABLECIMIENTOS DE MERCADO,INGRESOS,INGRESOS CORRIENTES,INGRESOS NO TRIBUTARIOS,VENTA DE BIENES Y SERVICIOS,VENTAS DE ESTABLECIMIENTOS DE MERCADO,No Aplica,No Aplica,No Aplica,No Aplica,No Aplica,,,,,,,,2023,Primer Trimestre,eje_ingreso,,,555545590.0,NO APLICA,NO APLICA,NO APLICA,NO APLICA,NO APLICA,NO APLICA,NO APLICA,NO APLICA,NO APLICA,555545590.0,0.0,0.0,0.0,,,,,,
7526866,20210601,124205000,E.S.E. Hospital San Fernando - Amagá,1.0.02,BANCOS,INGRESOS,DISPONIBILIDAD INICIAL,BANCOS,No Aplica,No Aplica,No Aplica,No Aplica,No Aplica,No Aplica,No Aplica,,,,,,,,2021,Segundo Trimestre,eje_ingreso,,,310000000.0,NO APLICA,1.1.0.0.00 - DISPONIBILIDAD INICIAL,NO APLICA,NO APLICA,NO APLICA,NO APLICA,NO APLICA,NO APLICA,NO APLICA,0.0,0.0,0.0,310000000.0,,,,,,
7544610,20220901,124205000,E.S.E. Hospital San Fernando - Amagá,1.1.02.06,TRANSFERENCIAS CORRIENTES,INGRESOS,INGRESOS CORRIENTES,INGRESOS NO TRIBUTARIOS,TRANSFERENCIAS CORRIENTES,No Aplica,No Aplica,No Aplica,No Aplica,No Aplica,No Aplica,,,,,,,,2022,Tercer Trimestre,eje_ingreso,,,212840907.0,NO APLICA,NO APLICA,NO APLICA,NO APLICA,NO APLICA,NO APLICA,NO APLICA,NO APLICA,NO APLICA,212840907.0,0.0,0.0,0.0,,,,,,
7549877,20211201,124205000,E.S.E. Hospital San Fernando - Amagá,1.1.02.06.008.01,ACTIVIDADES DE ATENCION A LA SALUD HUMANA Y DE ASISTENCIA SOCIAL,INGRESOS,INGRESOS CORRIENTES,INGRESOS NO TRIBUTARIOS,TRANSFERENCIAS CORRIENTES,DIFERENTES DE SUBVENCIONES,ACTIVIDADES DE ATENCION A LA SALUD HUMANA Y DE ASISTENCIA SOCIAL,No Aplica,No Aplica,No Aplica,No Aplica,,,,,,,,2021,Cuarto Trimestre,eje_ingreso,,,56868923.0,NO APLICA,NO APLICA,NO APLICA,NO APLICA,NO APLICA,NO APLICA,NO APLICA,NO APLICA,NO APLICA,0.0,56868923.0,0.0,0.0,,,,,,
7559070,20210901,124205000,E.S.E. Hospital San Fernando - Amagá,1.0,DISPONIBILIDAD INICIAL,INGRESOS,DISPONIBILIDAD INICIAL,No Aplica,No Aplica,No Aplica,No Aplica,No Aplica,No Aplica,No Aplica,No Aplica,,,,,,,,2021,Tercer Trimestre,eje_ingreso,,,450288792.0,NO APLICA,NO APLICA,NO APLICA,NO APLICA,NO APLICA,NO APLICA,NO APLICA,NO APLICA,NO APLICA,0.0,0.0,0.0,450288792.0,,,,,,
7574085,20210901,124205000,E.S.E. Hospital San Fernando - Amagá,1.1,INGRESOS CORRIENTES,INGRESOS,INGRESOS CORRIENTES,No Aplica,No Aplica,No Aplica,No Aplica,No Aplica,No Aplica,No Aplica,No Aplica,,,,,,,,2021,Tercer Trimestre,eje_ingreso,,,2994532742.0,NO APLICA,NO APLICA,NO APLICA,NO APLICA,NO APLICA,NO APLICA,NO APLICA,NO APLICA,NO APLICA,0.0,2716230148.0,0.0,278302594.0,,,,,,
7584195,20210601,124205000,E.S.E. Hospital San Fernando - Amagá,1.1.02.06.007.02,EMPRESAS PUBLICAS NO FINANCIERAS,INGRESOS,INGRESOS CORRIENTES,INGRESOS NO TRIBUTARIOS,TRANSFERENCIAS CORRIENTES,SUBVENCIONES,EMPRESAS PUBLICAS NO FINANCIERAS,No Aplica,No Aplica,No Aplica,No Aplica,,,,,,,,2021,Segundo Trimestre,eje_ingreso,,,348890015.0,NO APLICA,NO APLICA,NO APLICA,NO APLICA,NO APLICA,NO APLICA,NO APLICA,NO APLICA,NO APLICA,0.0,348890015.0,0.0,0.0,,,,,,
7588459,20210901,124205000,E.S.E. Hospital San Fernando - Amagá,1,INGRESOS,INGRESOS,No Aplica,No Aplica,No Aplica,No Aplica,No Aplica,No Aplica,No Aplica,No Aplica,No Aplica,,,,,,,,2021,Tercer Trimestre,eje_ingreso,,,3444821534.0,NO APLICA,NO APLICA,NO APLICA,NO APLICA,NO APLICA,NO APLICA,NO APLICA,NO APLICA,NO APLICA,0.0,2716230148.0,0.0,728591386.0,,,,,,
7594787,20210301,124205000,E.S.E. Hospital San Fernando - Amagá,1,INGRESOS,INGRESOS,No Aplica,No Aplica,No Aplica,No Aplica,No Aplica,No Aplica,No Aplica,No Aplica,No Aplica,,,,,,,,2021,Primer Trimestre,eje_ingreso,,,1231549977.0,NO APLICA,NO APLICA,NO APLICA,NO APLICA,NO APLICA,NO APLICA,NO APLICA,NO APLICA,NO APLICA,0.0,639908031.0,0.0,591641946.0,,,,,,
7594838,20220901,124205000,E.S.E. Hospital San Fernando - Amagá,1.1.02.05.001,VENTAS DE ESTABLECIMIENTOS DE MERCADO,INGRESOS,INGRESOS CORRIENTES,INGRESOS NO TRIBUTARIOS,VENTA DE BIENES Y SERVICIOS,VENTAS DE ESTABLECIMIENTOS DE MERCADO,No Aplica,No Aplica,No Aplica,No Aplica,No Aplica,,,,,,,,2022,Tercer Trimestre,eje_ingreso,,,2767307597.0,NO APLICA,NO APLICA,NO APLICA,NO APLICA,NO APLICA,NO APLICA,NO APLICA,NO APLICA,NO APLICA,2767307597.0,0.0,0.0,0.0,,,,,,
7603002,20211201,124205000,E.S.E. Hospital San Fernando - Amagá,1.1.02.06.007.02,EMPRESAS PUBLICAS NO FINANCIERAS,INGRESOS,INGRESOS CORRIENTES,INGRESOS NO TRIBUTARIOS,TRANSFERENCIAS CORRIENTES,SUBVENCIONES,EMPRESAS PUBLICAS NO FINANCIERAS,No Aplica,No Aplica,No Aplica,No Aplica,,,,,,,,2021,Cuarto Trimestre,eje_ingreso,,,650692732.0,NO APLICA,NO APLICA,NO APLICA,NO APLICA,NO APLICA,NO APLICA,NO APLICA,NO APLICA,NO APLICA,0.0,650692732.0,0.0,0.0,,,,,,
7610963,20210301,124205000,E.S.E. Hospital San Fernando - Amagá,1.1.02.05.002.03,"OTROS BIENES TRANSPORTABLES EXCEPTO PRODUCTOS METALICOS, MAQUINARIA Y EQUIPO",INGRESOS,INGRESOS CORRIENTES,INGRESOS NO TRIBUTARIOS,VENTA DE BIENES Y SERVICIOS,VENTAS INCIDENTALES DE ESTABLECIMIENTOS NO DE MERCADO,"OTROS BIENES TRANSPORTABLES EXCEPTO PRODUCTOS METALICOS, MAQUINARIA Y EQUIPO",No Aplica,No Aplica,No Aplica,No Aplica,,,,,,,,2021,Primer Trimestre,eje_ingreso,,,7756611.0,97990 - OTROS SERVICIOS DIVERSOS N.C.P.,1.2.3.2.09 - VENTA DE BIENES Y SERVICIOS,NO APLICA,NO APLICA,NO APLICA,NO APLICA,NO APLICA,NO APLICA,NO APLICA,0.0,7756611.0,0.0,0.0,,,,,,
7622090,20210901,124205000,E.S.E. Hospital San Fernando - Amagá,1.1.02.05.001.09,"SERVICIOS PARA LA COMUNIDAD, SOCIALES Y PERSONALES",INGRESOS,INGRESOS CORRIENTES,INGRESOS NO TRIBUTARIOS,VENTA DE BIENES Y SERVICIOS,VENTAS DE ESTABLECIMIENTOS DE MERCADO,"SERVICIOS PARA LA COMUNIDAD, SOCIALES Y PERSONALES",No Aplica,No Aplica,No Aplica,No Aplica,,,,,,,,2021,Tercer Trimestre,eje_ingreso,,,2511488937.0,93121 - SERVICIOS MÉDICOS GENERALES,1.2.3.2.09 - VENTA DE BIENES Y SERVICIOS,NO APLICA,NO APLICA,NO APLICA,NO APLICA,NO APLICA,NO APLICA,NO APLICA,0.0,2233186343.0,0.0,278302594.0,,,,,,
7638632,20210301,124205000,E.S.E. Hospital San Fernando - Amagá,1.0,DISPONIBILIDAD INICIAL,INGRESOS,DISPONIBILIDAD INICIAL,No Aplica,No Aplica,No Aplica,No Aplica,No Aplica,No Aplica,No Aplica,No Aplica,,,,,,,,2021,Primer Trimestre,eje_ingreso,,,450288792.0,NO APLICA,NO APLICA,NO APLICA,NO APLICA,NO APLICA,NO APLICA,NO APLICA,NO APLICA,NO APLICA,0.0,0.0,0.0,450288792.0,,,,,,
7640025,20220901,124205000,E.S.E. Hospital San Fernando - Amagá,1.1.02.05,VENTA DE BIENES Y SERVICIOS,INGRESOS,INGRESOS CORRIENTES,INGRESOS NO TRIBUTARIOS,VENTA DE BIENES Y SERVICIOS,No Aplica,No Aplica,No Aplica,No Aplica,No Aplica,No Aplica,,,,,,,,2022,Tercer Trimestre,eje_ingreso,,,2767307597.0,NO APLICA,NO APLICA,NO APLICA,NO APLICA,NO APLICA,NO APLICA,NO APLICA,NO APLICA,NO APLICA,2767307597.0,0.0,0.0,0.0,,,,,,
7641583,20210901,124205000,E.S.E. Hospital San Fernando - Amagá,1.1.02.06.007.02.08,TRANSFERENCIAS PARA EMPRESAS SOCIALES DEL ESTADO,INGRESOS,INGRESOS CORRIENTES,INGRESOS NO TRIBUTARIOS,TRANSFERENCIAS CORRIENTES,SUBVENCIONES,EMPRESAS PUBLICAS NO FINANCIERAS,TRANSFERENCIAS PARA EMPRESAS SOCIALES DEL ESTADO,No Aplica,No Aplica,No Aplica,,,,,,,,2021,Tercer Trimestre,eje_ingreso,,,431590126.0,NO APLICA,1.2.3.3.05 - SUBVENCIONES,NO APLICA,NO APLICA,NO APLICA,NO APLICA,NO APLICA,NO APLICA,NO APLICA,0.0,431590126.0,0.0,0.0,,,,,,
7668090,20210901,124205000,E.S.E. Hospital San Fernando - Amagá,1.1.02.05.002.03,"OTROS BIENES TRANSPORTABLES EXCEPTO PRODUCTOS METALICOS, MAQUINARIA Y EQUIPO",INGRESOS,INGRESOS CORRIENTES,INGRESOS NO TRIBUTARIOS,VENTA DE BIENES Y SERVICIOS,VENTAS INCIDENTALES DE ESTABLECIMIENTOS NO DE MERCADO,"OTROS BIENES TRANSPORTABLES EXCEPTO PRODUCTOS METALICOS, MAQUINARIA Y EQUIPO",No Aplica,No Aplica,No Aplica,No Aplica,,,,,,,,2021,Tercer Trimestre,eje_ingreso,,,9989013.0,97990 - OTROS SERVICIOS DIVERSOS N.C.P.,1.2.3.2.09 - VENTA DE BIENES Y SERVICIOS,NO APLICA,NO APLICA,NO APLICA,NO APLICA,NO APLICA,NO APLICA,NO APLICA,0.0,9989013.0,0.0,0.0,,,,,,
7675178,20230601,124205000,E.S.E. Hospital San Fernando - Amagá,1.1,INGRESOS CORRIENTES,INGRESOS,INGRESOS CORRIENTES,No Aplica,No Aplica,No Aplica,No Aplica,No Aplica,No Aplica,No Aplica,No Aplica,,,,,,,,2023,Segundo Trimestre,eje_ingreso,,,2020788370.0,NO APLICA,NO APLICA,NO APLICA,NO APLICA,NO APLICA,NO APLICA,NO APLICA,NO APLICA,NO APLICA,2020788370.0,0.0,0.0,0.0,,,,,,
7737444,20220301,124205000,E.S.E. Hospital San Fernando - Amagá,1.1.02,INGRESOS NO TRIBUTARIOS,INGRESOS,INGRESOS CORRIENTES,INGRESOS NO TRIBUTARIOS,No Aplica,No Aplica,No Aplica,No Aplica,No Aplica,No Aplica,No Aplica,,,,,,,,2022,Primer Trimestre,eje_ingreso,,,736656509.0,NO APLICA,NO APLICA,NO APLICA,NO APLICA,NO APLICA,NO APLICA,NO APLICA,NO APLICA,NO APLICA,736656509.0,0.0,0.0,0.0,,,,,,
7781326,20220601,124205000,E.S.E. Hospital San Fernando - Amagá,1.1.02,INGRESOS NO TRIBUTARIOS,INGRESOS,INGRESOS CORRIENTES,INGRESOS NO TRIBUTARIOS,No Aplica,No Aplica,No Aplica,No Aplica,No Aplica,No Aplica,No Aplica,,,,,,,,2022,Segundo Trimestre,eje_ingreso,,,1812535782.0,NO APLICA,NO APLICA,NO APLICA,NO APLICA,NO APLICA,NO APLICA,NO APLICA,NO APLICA,NO APLICA,1812535782.0,0.0,0.0,0.0,,,,,,
7786193,20221201,124205000,E.S.E. Hospital San Fernando - Amagá,1.1.02.05.001.09,"SERVICIOS PARA LA COMUNIDAD, SOCIALES Y PERSONALES",INGRESOS,INGRESOS CORRIENTES,INGRESOS NO TRIBUTARIOS,VENTA DE BIENES Y SERVICIOS,VENTAS DE ESTABLECIMIENTOS DE MERCADO,"SERVICIOS PARA LA COMUNIDAD, SOCIALES Y PERSONALES",No Aplica,No Aplica,No Aplica,No Aplica,,,,,,,,2022,Cuarto Trimestre,eje_ingreso,,,4141871781.0,SERVICIOS MEDICOS GENERALES,R.B. VENTA DE BIENES Y SERVICIOS,NO APLICA,NO APLICA,NO APLICA,NO APLICA,NO APLICA,NO APLICA,NO APLICA,3970410403.0,0.0,0.0,171461378.0,,,,,,
7791583,20210601,124205000,E.S.E. Hospital San Fernando - Amagá,1.1.02.06.008.01.14,RECURSOS DEPARTAMENTALES Y DISTRITALES PARA ASEGURAMIENTO,INGRESOS,INGRESOS CORRIENTES,INGRESOS NO TRIBUTARIOS,TRANSFERENCIAS CORRIENTES,DIFERENTES DE SUBVENCIONES,ACTIVIDADES DE ATENCION A LA SALUD HUMANA Y DE ASISTENCIA SOCIAL,RECURSOS DEPARTAMENTALES Y DISTRITALES PARA ASEGURAMIENTO,No Aplica,No Aplica,No Aplica,,,,,,,,2021,Segundo Trimestre,eje_ingreso,,,2950659.0,NO APLICA,1.2.3.3.06 - DIFERENTES DE SUBVENCIONES,NO APLICA,NO APLICA,NO APLICA,NO APLICA,NO APLICA,NO APLICA,NO APLICA,0.0,2950659.0,0.0,0.0,,,,,,
7798477,20210601,124205000,E.S.E. Hospital San Fernando - Amagá,1.1.02,INGRESOS NO TRIBUTARIOS,INGRESOS,INGRESOS CORRIENTES,INGRESOS NO TRIBUTARIOS,No Aplica,No Aplica,No Aplica,No Aplica,No Aplica,No Aplica,No Aplica,,,,,,,,2021,Segundo Trimestre,eje_ingreso,,,1791275808.0,NO APLICA,NO APLICA,NO APLICA,NO APLICA,NO APLICA,NO APLICA,NO APLICA,NO APLICA,NO APLICA,0.0,1564981350.0,0.0,226294458.0,,,,,,
7829581,20210601,124205000,E.S.E. Hospital San Fernando - Amagá,1.1,INGRESOS CORRIENTES,INGRESOS,INGRESOS CORRIENTES,No Aplica,No Aplica,No Aplica,No Aplica,No Aplica,No Aplica,No Aplica,No Aplica,,,,,,,,2021,Segundo Trimestre,eje_ingreso,,,1791275808.0,NO APLICA,NO APLICA,NO APLICA,NO APLICA,NO APLICA,NO APLICA,NO APLICA,NO APLICA,NO APLICA,0.0,1564981350.0,0.0,226294458.0,,,,,,
7840637,20210901,124205000,E.S.E. Hospital San Fernando - Amagá,1.1.02.06,TRANSFERENCIAS CORRIENTES,INGRESOS,INGRESOS CORRIENTES,INGRESOS NO TRIBUTARIOS,TRANSFERENCIAS CORRIENTES,No Aplica,No Aplica,No Aplica,No Aplica,No Aplica,No Aplica,,,,,,,,2021,Tercer Trimestre,eje_ingreso,,,473054792.0,NO APLICA,NO APLICA,NO APLICA,NO APLICA,NO APLICA,NO APLICA,NO APLICA,NO APLICA,NO APLICA,0.0,473054792.0,0.0,0.0,,,,,,
7851979,20210601,124205000,E.S.E. Hospital San Fernando - Amagá,1,INGRESOS,INGRESOS,No Aplica,No Aplica,No Aplica,No Aplica,No Aplica,No Aplica,No Aplica,No Aplica,No Aplica,,,,,,,,2021,Segundo Trimestre,eje_ingreso,,,2241564600.0,NO APLICA,NO APLICA,NO APLICA,NO APLICA,NO APLICA,NO APLICA,NO APLICA,NO APLICA,NO APLICA,0.0,1564981350.0,0.0,676583250.0,,,,,,
7861909,20221201,124205000,E.S.E. Hospital San Fernando - Amagá,1.1,INGRESOS CORRIENTES,INGRESOS,INGRESOS CORRIENTES,No Aplica,No Aplica,No Aplica,No Aplica,No Aplica,No Aplica,No Aplica,No Aplica,,,,,,,,2022,Cuarto Trimestre,eje_ingreso,,,4730763500.0,NO APLICA,NO APLICA,NO APLICA,NO APLICA,NO APLICA,NO APLICA,NO APLICA,NO APLICA,NO APLICA,4559302122.0,0.0,0.0,171461378.0,,,,,,
7876099,20210601,124205000,E.S.E. Hospital San Fernando - Amagá,1.1.02.05.001.09,"SERVICIOS PARA LA COMUNIDAD, SOCIALES Y PERSONALES",INGRESOS,INGRESOS CORRIENTES,INGRESOS NO TRIBUTARIOS,VENTA DE BIENES Y SERVICIOS,VENTAS DE ESTABLECIMIENTOS DE MERCADO,"SERVICIOS PARA LA COMUNIDAD, SOCIALES Y PERSONALES",No Aplica,No Aplica,No Aplica,No Aplica,,,,,,,,2021,Segundo Trimestre,eje_ingreso,,,1431455691.0,93121 - SERVICIOS MÉDICOS GENERALES,1.2.3.2.09 - VENTA DE BIENES Y SERVICIOS,NO APLICA,NO APLICA,NO APLICA,NO APLICA,NO APLICA,NO APLICA,NO APLICA,0.0,1205161233.0,0.0,226294458.0,,,,,,
7909620,20230601,124205000,E.S.E. Hospital San Fernando - Amagá,1.1.02.05.001,VENTAS DE ESTABLECIMIENTOS DE MERCADO,INGRESOS,INGRESOS CORRIENTES,INGRESOS NO TRIBUTARIOS,VENTA DE BIENES Y SERVICIOS,VENTAS DE ESTABLECIMIENTOS DE MERCADO,No Aplica,No Aplica,No Aplica,No Aplica,No Aplica,,,,,,,,2023,Segundo Trimestre,eje_ingreso,,,2020788370.0,NO APLICA,NO APLICA,NO APLICA,NO APLICA,NO APLICA,NO APLICA,NO APLICA,NO APLICA,NO APLICA,2020788370.0,0.0,0.0,0.0,,,,,,
11386775,20221201,124205000,E.S.E. Hospital San Fernando - Amagá,2.4.5.01,MATERIALES Y SUMINISTROS,GASTOS,GASTOS DE OPERACION COMERCIAL,GASTOS DE COMERCIALIZACION Y PRODUCCION,MATERIALES Y SUMINISTROS,No Aplica,No Aplica,No Aplica,No Aplica,No Aplica,No Aplica,VIGENCIA ACTUAL,ENTIDADES DIFERENTES A ENTIDADES TERRITORIALES - UNIDAD DE SALUD,NO DEFINIDO,NO DEFINIDO,NO DEFINIDO,,,2022,Cuarto Trimestre,eje_gasto,,,,NO DEFINIDO,NO DEFINIDO,,,,,,NO DEFINIDO,,,,,,NO DEFINIDO,NO DEFINIDO,NO DEFINIDO,827765401.0,827458605.0,645231823.0
11389660,20221201,124205000,E.S.E. Hospital San Fernando - Amagá,2.1.1.01.01.001,FACTORES SALARIALES COMUNES,GASTOS,FUNCIONAMIENTO,GASTOS DE PERSONAL,PLANTA DE PERSONAL PERMANENTE,FACTORES CONSTITUTIVOS DE SALARIO,FACTORES SALARIALES COMUNES,No Aplica,No Aplica,No Aplica,No Aplica,VIGENCIA ACTUAL,ENTIDADES DIFERENTES A ENTIDADES TERRITORIALES - UNIDAD DE SALUD,NO DEFINIDO,NO DEFINIDO,NO DEFINIDO,,,2022,Cuarto Trimestre,eje_gasto,,,,NO DEFINIDO,NO DEFINIDO,,,,,,NO DEFINIDO,,,,,,NO DEFINIDO,NO DEFINIDO,NO DEFINIDO,2108369719.0,2099267032.0,1896863697.0
11403638,20230301,124205000,E.S.E. Hospital San Fernando - Amagá,2.4.5.01.01,"MINERALES, ELECTRICIDAD, GAS Y AGUA",GASTOS,GASTOS DE OPERACION COMERCIAL,GASTOS DE COMERCIALIZACION Y PRODUCCION,MATERIALES Y SUMINISTROS,"MINERALES, ELECTRICIDAD, GAS Y AGUA",No Aplica,No Aplica,No Aplica,No Aplica,No Aplica,VIGENCIA ACTUAL,ENTIDADES DIFERENTES A ENTIDADES TERRITORIALES - UNIDAD DE SALUD,NO DEFINIDO,NO DEFINIDO,NO APLICA,,,2023,Primer Trimestre,eje_gasto,,,,SERVICIOS DE SEGUROS SOCIALES DE SALUD,R.B. VENTA DE BIENES Y SERVICIOS,,,,,,NO APLICA,,,,,,SIN SITUACION DE FONDOS,NO APLICA,NO DEFINIDO,120328114.0,120328114.0,120328114.0
11414394,20230601,124205000,E.S.E. Hospital San Fernando - Amagá,2.1.3,TRANSFERENCIAS CORRIENTES,GASTOS,FUNCIONAMIENTO,TRANSFERENCIAS CORRIENTES,No Aplica,No Aplica,No Aplica,No Aplica,No Aplica,No Aplica,No Aplica,VIGENCIA ACTUAL,ENTIDADES TERRITORIALES - SALUD,NO DEFINIDO,NO DEFINIDO,NO DEFINIDO,,,2023,Segundo Trimestre,eje_gasto,,,,NO DEFINIDO,NO DEFINIDO,,,,,,NO DEFINIDO,,,,,,NO DEFINIDO,NO DEFINIDO,NO DEFINIDO,8120000.0,8120000.0,6753283.0
11442059,20230601,124205000,E.S.E. Hospital San Fernando - Amagá,2.1.1.01.03,REMUNERACIONES NO CONSTITUTIVAS DE FACTOR SALARIAL,GASTOS,FUNCIONAMIENTO,GASTOS DE PERSONAL,PLANTA DE PERSONAL PERMANENTE,REMUNERACIONES NO CONSTITUTIVAS DE FACTOR SALARIAL,No Aplica,No Aplica,No Aplica,No Aplica,No Aplica,VIGENCIA ACTUAL,ENTIDADES TERRITORIALES - SALUD,NO DEFINIDO,NO DEFINIDO,NO DEFINIDO,,,2023,Segundo Trimestre,eje_gasto,,,,NO DEFINIDO,NO DEFINIDO,,,,,,NO DEFINIDO,,,,,,NO DEFINIDO,NO DEFINIDO,NO DEFINIDO,88368650.0,88368650.0,66488845.0
11445471,20220301,124205000,E.S.E. Hospital San Fernando - Amagá,2.1.2.02.02,ADQUISICION DE SERVICIOS,GASTOS,FUNCIONAMIENTO,ADQUISICION DE BIENES Y SERVICIOS,ADQUISICIONES DIFERENTES DE ACTIVOS,ADQUISICION DE SERVICIOS,No Aplica,No Aplica,No Aplica,No Aplica,No Aplica,VIGENCIA ACTUAL,ENTIDADES DIFERENTES A ENTIDADES TERRITORIALES - UNIDAD DE SALUD,NO DEFINIDO,NO DEFINIDO,NO DEFINIDO,,,2022,Primer Trimestre,eje_gasto,,,,NO DEFINIDO,NO DEFINIDO,,,,,,NO DEFINIDO,,,,,,NO DEFINIDO,NO DEFINIDO,NO DEFINIDO,168980169.0,168980169.0,168980169.0
11448025,20210601,124205000,E.S.E. Hospital San Fernando - Amagá,2.1.2.02.02.010,VIATICOS DE LOS FUNCIONARIOS EN COMISION,GASTOS,FUNCIONAMIENTO,ADQUISICION DE BIENES Y SERVICIOS,ADQUISICIONES DIFERENTES DE ACTIVOS,ADQUISICION DE SERVICIOS,VIATICOS DE LOS FUNCIONARIOS EN COMISION,No Aplica,No Aplica,No Aplica,No Aplica,VIGENCIA ACTUAL,ENTIDADES DIFERENTES A ENTIDADES TERRITORIALES - GESTION GENERAL,NO DEFINIDO,NO DEFINIDO,SALUD Y PROTECCION SOCIAL,,,2021,Segundo Trimestre,eje_gasto,,,,64119 - OTROS SERVICIOS DE TRANSPORTE TERRESTRE LOCAL DE PASAJEROS N.C.P.,1.2.3.2.09 - VENTA DE BIENES Y SERVICIOS,,,,,,NO APLICA,,,,,,CON SITUACION DE FONDOS,NO APLICA,NO DEFINIDO,4213440.0,4213440.0,4213440.0
11450310,20210601,124205000,E.S.E. Hospital San Fernando - Amagá,2.1.1.01.02.005,APORTES GENERALES AL SISTEMA DE RIESGOS LABORALES,GASTOS,FUNCIONAMIENTO,GASTOS DE PERSONAL,PLANTA DE PERSONAL PERMANENTE,CONTRIBUCIONES INHERENTES A LA NOMINA,APORTES GENERALES AL SISTEMA DE RIESGOS LABORALES,No Aplica,No Aplica,No Aplica,No Aplica,VIGENCIA ACTUAL,ENTIDADES DIFERENTES A ENTIDADES TERRITORIALES - GESTION GENERAL,NO DEFINIDO,NO DEFINIDO,SALUD Y PROTECCION SOCIAL,,,2021,Segundo Trimestre,eje_gasto,,,,NO APLICA,1.2.3.2.09 - VENTA DE BIENES Y SERVICIOS,,,,,,NO APLICA,,,,,,CON SITUACION DE FONDOS,NO APLICA,NO DEFINIDO,17355300.0,17355300.0,14465300.0
11450500,20210601,124205000,E.S.E. Hospital San Fernando - Amagá,2.1.7.01.02,CESANTIAS PARCIALES,GASTOS,FUNCIONAMIENTO,DISMINUCION DE PASIVOS,CESANTIAS,CESANTIAS PARCIALES,No Aplica,No Aplica,No Aplica,No Aplica,No Aplica,VIGENCIA ACTUAL,ENTIDADES DIFERENTES A ENTIDADES TERRITORIALES - GESTION GENERAL,NO DEFINIDO,NO DEFINIDO,SALUD Y PROTECCION SOCIAL,,,2021,Segundo Trimestre,eje_gasto,,,,NO APLICA,1.2.3.2.09 - VENTA DE BIENES Y SERVICIOS,,,,,,NO APLICA,,,,,,CON SITUACION DE FONDOS,NO APLICA,NO DEFINIDO,259971.0,259971.0,0.0
11454274,20210601,124205000,E.S.E. Hospital San Fernando - Amagá,2.4.5,GASTOS DE COMERCIALIZACION Y PRODUCCION,GASTOS,GASTOS DE OPERACION COMERCIAL,GASTOS DE COMERCIALIZACION Y PRODUCCION,No Aplica,No Aplica,No Aplica,No Aplica,No Aplica,No Aplica,No Aplica,CUENTAS POR PAGAR,ENTIDADES DIFERENTES A ENTIDADES TERRITORIALES - GESTION GENERAL,NO DEFINIDO,NO DEFINIDO,NO DEFINIDO,,,2021,Segundo Trimestre,eje_gasto,,,,NO DEFINIDO,NO DEFINIDO,,,,,,NO DEFINIDO,,,,,,NO DEFINIDO,NO DEFINIDO,NO DEFINIDO,145101831.0,145101831.0,131750418.0
11460401,20210301,124205000,E.S.E. Hospital San Fernando - Amagá,2.1.1.01.01,FACTORES CONSTITUTIVOS DE SALARIO,GASTOS,FUNCIONAMIENTO,GASTOS DE PERSONAL,PLANTA DE PERSONAL PERMANENTE,FACTORES CONSTITUTIVOS DE SALARIO,No Aplica,No Aplica,No Aplica,No Aplica,No Aplica,CUENTAS POR PAGAR,ENTIDADES DIFERENTES A ENTIDADES TERRITORIALES - GESTION GENERAL,NO DEFINIDO,NO DEFINIDO,NO DEFINIDO,,,2021,Primer Trimestre,eje_gasto,,,,NO DEFINIDO,NO DEFINIDO,,,,,,NO DEFINIDO,,,,,,NO DEFINIDO,NO DEFINIDO,NO DEFINIDO,524788334.0,524788334.0,137631728.0
11482433,20210901,124205000,E.S.E. Hospital San Fernando - Amagá,2.1.8.04,CONTRIBUCIONES,GASTOS,FUNCIONAMIENTO,"GASTOS POR TRIBUTOS, TASAS, CONTRIBUCIONES, MULTAS, SANCIONES E INTERESES DE MORA",CONTRIBUCIONES,No Aplica,No Aplica,No Aplica,No Aplica,No Aplica,No Aplica,VIGENCIA ACTUAL,ENTIDADES DIFERENTES A ENTIDADES TERRITORIALES - GESTION GENERAL,NO DEFINIDO,NO DEFINIDO,NO DEFINIDO,,,2021,Tercer Trimestre,eje_gasto,,,,NO DEFINIDO,NO DEFINIDO,,,,,,NO DEFINIDO,,,,,,NO DEFINIDO,NO DEFINIDO,NO DEFINIDO,5987314.0,5987314.0,5987314.0
11484906,20210301,124205000,E.S.E. Hospital San Fernando - Amagá,2.1.3.07.02.003,BONOS PENSIONALES DE PENSIONES,GASTOS,FUNCIONAMIENTO,TRANSFERENCIAS CORRIENTES,PRESTACIONES PARA CUBRIR RIESGOS SOCIALES,PRESTACIONES SOCIALES RELACIONADAS CON EL EMPLEO,BONOS PENSIONALES DE PENSIONES,No Aplica,No Aplica,No Aplica,No Aplica,VIGENCIA ACTUAL,ENTIDADES DIFERENTES A ENTIDADES TERRITORIALES - GESTION GENERAL,NO DEFINIDO,NO DEFINIDO,NO DEFINIDO,,,2021,Primer Trimestre,eje_gasto,,,,NO DEFINIDO,NO DEFINIDO,,,,,,NO DEFINIDO,,,,,,NO DEFINIDO,NO DEFINIDO,NO DEFINIDO,412393.0,412393.0,412393.0
11503738,20210301,124205000,E.S.E. Hospital San Fernando - Amagá,2.1.2.02.02.008,SERVICIOS PRESTADOS A LAS EMPRESAS Y SERVICIOS DE PRODUCCION,GASTOS,FUNCIONAMIENTO,ADQUISICION DE BIENES Y SERVICIOS,ADQUISICIONES DIFERENTES DE ACTIVOS,ADQUISICION DE SERVICIOS,SERVICIOS PRESTADOS A LAS EMPRESAS Y SERVICIOS DE PRODUCCION,No Aplica,No Aplica,No Aplica,No Aplica,VIGENCIA ACTUAL,ENTIDADES DIFERENTES A ENTIDADES TERRITORIALES - GESTION GENERAL,NO DEFINIDO,NO DEFINIDO,SALUD Y PROTECCION SOCIAL,,,2021,Primer Trimestre,eje_gasto,,,,83619 - OTROS SERVICIOS DE PUBLICIDAD,1.2.3.2.09 - VENTA DE BIENES Y SERVICIOS,,,,,,NO APLICA,,,,,,CON SITUACION DE FONDOS,NO APLICA,NO DEFINIDO,447426109.0,250486316.0,141903766.0
11505432,20210301,124205000,E.S.E. Hospital San Fernando - Amagá,2.1.2,ADQUISICION DE BIENES Y SERVICIOS,GASTOS,FUNCIONAMIENTO,ADQUISICION DE BIENES Y SERVICIOS,No Aplica,No Aplica,No Aplica,No Aplica,No Aplica,No Aplica,No Aplica,VIGENCIA ACTUAL,ENTIDADES DIFERENTES A ENTIDADES TERRITORIALES - GESTION GENERAL,NO DEFINIDO,NO DEFINIDO,NO DEFINIDO,,,2021,Primer Trimestre,eje_gasto,,,,NO DEFINIDO,NO DEFINIDO,,,,,,NO DEFINIDO,,,,,,NO DEFINIDO,NO DEFINIDO,NO DEFINIDO,632767456.0,339092263.0,165978639.0
11517745,20210901,124205000,E.S.E. Hospital San Fernando - Amagá,2.4.5.01,MATERIALES Y SUMINISTROS,GASTOS,GASTOS DE OPERACION COMERCIAL,GASTOS DE COMERCIALIZACION Y PRODUCCION,MATERIALES Y SUMINISTROS,No Aplica,No Aplica,No Aplica,No Aplica,No Aplica,No Aplica,VIGENCIA ACTUAL,ENTIDADES DIFERENTES A ENTIDADES TERRITORIALES - GESTION GENERAL,NO DEFINIDO,NO DEFINIDO,NO DEFINIDO,,,2021,Tercer Trimestre,eje_gasto,,,,NO DEFINIDO,NO DEFINIDO,,,,,,NO DEFINIDO,,,,,,NO DEFINIDO,NO DEFINIDO,NO DEFINIDO,562886029.0,562886029.0,157293373.0
11517849,20210301,124205000,E.S.E. Hospital San Fernando - Amagá,2,GASTOS,GASTOS,No Aplica,No Aplica,No Aplica,No Aplica,No Aplica,No Aplica,No Aplica,No Aplica,No Aplica,CUENTAS POR PAGAR,ENTIDADES DIFERENTES A ENTIDADES TERRITORIALES - GESTION GENERAL,NO DEFINIDO,NO DEFINIDO,NO DEFINIDO,,,2021,Primer Trimestre,eje_gasto,,,,NO DEFINIDO,NO DEFINIDO,,,,,,NO DEFINIDO,,,,,,NO DEFINIDO,NO DEFINIDO,NO DEFINIDO,910804333.0,910804303.0,502361024.0
11518813,20220301,124205000,E.S.E. Hospital San Fernando - Amagá,2.1.1.01.03.001.01,VACACIONES,GASTOS,FUNCIONAMIENTO,GASTOS DE PERSONAL,PLANTA DE PERSONAL PERMANENTE,REMUNERACIONES NO CONSTITUTIVAS DE FACTOR SALARIAL,PRESTACIONES SOCIALES,VACACIONES,No Aplica,No Aplica,No Aplica,VIGENCIA ACTUAL,ENTIDADES DIFERENTES A ENTIDADES TERRITORIALES - UNIDAD DE SALUD,NO DEFINIDO,NO DEFINIDO,SALUD Y PROTECCION SOCIAL,,,2022,Primer Trimestre,eje_gasto,,,,NO APLICA,R.B. VENTA DE BIENES Y SERVICIOS,,,,,,NO APLICA,,,,,,SIN SITUACION DE FONDOS,NO APLICA,NO DEFINIDO,12379573.0,12379573.0,12379573.0
11524508,20210301,124205000,E.S.E. Hospital San Fernando - Amagá,2.1.7,DISMINUCION DE PASIVOS,GASTOS,FUNCIONAMIENTO,DISMINUCION DE PASIVOS,No Aplica,No Aplica,No Aplica,No Aplica,No Aplica,No Aplica,No Aplica,VIGENCIA ACTUAL,ENTIDADES DIFERENTES A ENTIDADES TERRITORIALES - GESTION GENERAL,NO DEFINIDO,NO DEFINIDO,NO DEFINIDO,,,2021,Primer Trimestre,eje_gasto,,,,NO DEFINIDO,NO DEFINIDO,,,,,,NO DEFINIDO,,,,,,NO DEFINIDO,NO DEFINIDO,NO DEFINIDO,11949.0,11949.0,0.0
11527267,20210601,124205000,E.S.E. Hospital San Fernando - Amagá,2.1.2.02.02.007,SERVICIOS FINANCIEROS Y SERVICIOS CONEXOS; SERVICIOS INMOBILIARIOS; Y SERVICIOS DE ARRENDAMIENTO Y LEASING,GASTOS,FUNCIONAMIENTO,ADQUISICION DE BIENES Y SERVICIOS,ADQUISICIONES DIFERENTES DE ACTIVOS,ADQUISICION DE SERVICIOS,SERVICIOS FINANCIEROS Y SERVICIOS CONEXOS; SERVICIOS INMOBILIARIOS; Y SERVICIOS DE ARRENDAMIENTO Y LEASING,No Aplica,No Aplica,No Aplica,No Aplica,VIGENCIA ACTUAL,ENTIDADES DIFERENTES A ENTIDADES TERRITORIALES - GESTION GENERAL,NO DEFINIDO,NO DEFINIDO,SALUD Y PROTECCION SOCIAL,,,2021,Segundo Trimestre,eje_gasto,,,,71359 - OTROS SERVICIOS DE SEGUROS DISTINTOS DE LOS SEGUROS DE VIDA N.C.P.,1.2.3.2.09 - VENTA DE BIENES Y SERVICIOS,,,,,,NO APLICA,,,,,,CON SITUACION DE FONDOS,NO APLICA,NO DEFINIDO,74943509.0,8277070.0,8277070.0
11529252,20210901,124205000,E.S.E. Hospital San Fernando - Amagá,2.1.1,GASTOS DE PERSONAL,GASTOS,FUNCIONAMIENTO,GASTOS DE PERSONAL,No Aplica,No Aplica,No Aplica,No Aplica,No Aplica,No Aplica,No Aplica,VIGENCIA ACTUAL,ENTIDADES DIFERENTES A ENTIDADES TERRITORIALES - GESTION GENERAL,NO DEFINIDO,NO DEFINIDO,NO DEFINIDO,,,2021,Tercer Trimestre,eje_gasto,,,,NO DEFINIDO,NO DEFINIDO,,,,,,NO DEFINIDO,,,,,,NO DEFINIDO,NO DEFINIDO,NO DEFINIDO,1927532328.0,1927532327.0,1282346880.0
11545395,20211201,124205000,E.S.E. Hospital San Fernando - Amagá,2.1.1.01.01,FACTORES CONSTITUTIVOS DE SALARIO,GASTOS,FUNCIONAMIENTO,GASTOS DE PERSONAL,PLANTA DE PERSONAL PERMANENTE,FACTORES CONSTITUTIVOS DE SALARIO,No Aplica,No Aplica,No Aplica,No Aplica,No Aplica,CUENTAS POR PAGAR,ENTIDADES DIFERENTES A ENTIDADES TERRITORIALES - GESTION GENERAL,NO DEFINIDO,NO DEFINIDO,NO DEFINIDO,,,2021,Cuarto Trimestre,eje_gasto,,,,NO DEFINIDO,NO DEFINIDO,,,,,,NO DEFINIDO,,,,,,NO DEFINIDO,NO DEFINIDO,NO DEFINIDO,549899832.0,549899832.0,352884117.0
11549521,20220601,124205000,E.S.E. Hospital San Fernando - Amagá,2.1.3.07.02.001.02,MESADAS PENSIONALES A CARGO DE LA ENTIDAD DE PENSIONES,GASTOS,FUNCIONAMIENTO,TRANSFERENCIAS CORRIENTES,PRESTACIONES PARA CUBRIR RIESGOS SOCIALES,PRESTACIONES SOCIALES RELACIONADAS CON EL EMPLEO,MESADAS PENSIONALES DE PENSIONES,MESADAS PENSIONALES A CARGO DE LA ENTIDAD DE PENSIONES,No Aplica,No Aplica,No Aplica,VIGENCIA ACTUAL,ENTIDADES DIFERENTES A ENTIDADES TERRITORIALES - UNIDAD DE SALUD,NO DEFINIDO,NO DEFINIDO,SALUD Y PROTECCION SOCIAL,,,2022,Segundo Trimestre,eje_gasto,,,,NO APLICA,R.B. VENTA DE BIENES Y SERVICIOS,,,,,,NO APLICA,,,,,,SIN SITUACION DE FONDOS,NO APLICA,NO DEFINIDO,7039200.0,7039200.0,5028000.0
11553430,20210601,124205000,E.S.E. Hospital San Fernando - Amagá,2.1,FUNCIONAMIENTO,GASTOS,FUNCIONAMIENTO,No Aplica,No Aplica,No Aplica,No Aplica,No Aplica,No Aplica,No Aplica,No Aplica,CUENTAS POR PAGAR,ENTIDADES DIFERENTES A ENTIDADES TERRITORIALES - GESTION GENERAL,NO DEFINIDO,NO DEFINIDO,NO DEFINIDO,,,2021,Segundo Trimestre,eje_gasto,,,,NO DEFINIDO,NO DEFINIDO,,,,,,NO DEFINIDO,,,,,,NO DEFINIDO,NO DEFINIDO,NO DEFINIDO,683613592.0,673077485.0,452638651.0
11558933,20211201,124205000,E.S.E. Hospital San Fernando - Amagá,2.1.2.02.02.010,VIATICOS DE LOS FUNCIONARIOS EN COMISION,GASTOS,FUNCIONAMIENTO,ADQUISICION DE BIENES Y SERVICIOS,ADQUISICIONES DIFERENTES DE ACTIVOS,ADQUISICION DE SERVICIOS,VIATICOS DE LOS FUNCIONARIOS EN COMISION,No Aplica,No Aplica,No Aplica,No Aplica,VIGENCIA ACTUAL,ENTIDADES DIFERENTES A ENTIDADES TERRITORIALES - GESTION GENERAL,NO DEFINIDO,NO DEFINIDO,SALUD Y PROTECCION SOCIAL,,,2021,Cuarto Trimestre,eje_gasto,,,,OTROS SERVICIOS DE TRANSPORTE TERRESTRE LOCAL DE PASAJEROS N C P,OTRAS CONTRIBUCIONES CON DESTINACION ESPECIFICA LEGAL,,,,,,NO APLICA,,,,,,CON SITUACION DE FONDOS,NO APLICA,NO DEFINIDO,23742088.0,23742088.0,23742088.0
11575577,20221201,124205000,E.S.E. Hospital San Fernando - Amagá,2.1.1.01.01.001.01,SUELDO BASICO,GASTOS,FUNCIONAMIENTO,GASTOS DE PERSONAL,PLANTA DE PERSONAL PERMANENTE,FACTORES CONSTITUTIVOS DE SALARIO,FACTORES SALARIALES COMUNES,SUELDO BASICO,No Aplica,No Aplica,No Aplica,VIGENCIA ACTUAL,ENTIDADES DIFERENTES A ENTIDADES TERRITORIALES - UNIDAD DE SALUD,NO DEFINIDO,NO DEFINIDO,SALUD Y PROTECCION SOCIAL,,,2022,Cuarto Trimestre,eje_gasto,,,,NO APLICA,R.B. VENTA DE BIENES Y SERVICIOS,,,,,,NO APLICA,,,,,,SIN SITUACION DE FONDOS,NO APLICA,NO DEFINIDO,1494449903.0,1489529532.0,1357111713.0
11578340,20210601,124205000,E.S.E. Hospital San Fernando - Amagá,2.1.2.02.02.008,SERVICIOS PRESTADOS A LAS EMPRESAS Y SERVICIOS DE PRODUCCION,GASTOS,FUNCIONAMIENTO,ADQUISICION DE BIENES Y SERVICIOS,ADQUISICIONES DIFERENTES DE ACTIVOS,ADQUISICION DE SERVICIOS,SERVICIOS PRESTADOS A LAS EMPRESAS Y SERVICIOS DE PRODUCCION,No Aplica,No Aplica,No Aplica,No Aplica,CUENTAS POR PAGAR,ENTIDADES DIFERENTES A ENTIDADES TERRITORIALES - GESTION GENERAL,NO DEFINIDO,NO DEFINIDO,SALUD Y PROTECCION SOCIAL,,,2021,Segundo Trimestre,eje_gasto,,,,83619 - OTROS SERVICIOS DE PUBLICIDAD,1.1.0.0.00 - DISPONIBILIDAD INICIAL,,,,,,NO APLICA,,,,,,CON SITUACION DE FONDOS,NO APLICA,NO DEFINIDO,82062903.0,82062903.0,74766779.0
11593074,20210301,124205000,E.S.E. Hospital San Fernando - Amagá,2.1.2.02.02.006,"COMERCIO Y DISTRIBUCION; ALOJAMIENTO; SERVICIOS DE SUMINISTRO DE COMIDAS Y BEBIDAS; SERVICIOS DE TRANSPORTE; Y SERVICIOS DE DISTRIBUCION DE ELECTRICIDAD, GAS Y AGUA",GASTOS,FUNCIONAMIENTO,ADQUISICION DE BIENES Y SERVICIOS,ADQUISICIONES DIFERENTES DE ACTIVOS,ADQUISICION DE SERVICIOS,"COMERCIO Y DISTRIBUCION; ALOJAMIENTO; SERVICIOS DE SUMINISTRO DE COMIDAS Y BEBIDAS; SERVICIOS DE TRANSPORTE; Y SERVICIOS DE DISTRIBUCION DE ELECTRICIDAD, GAS Y AGUA",No Aplica,No Aplica,No Aplica,No Aplica,VIGENCIA ACTUAL,ENTIDADES DIFERENTES A ENTIDADES TERRITORIALES - GESTION GENERAL,NO DEFINIDO,NO DEFINIDO,SALUD Y PROTECCION SOCIAL,,,2021,Primer Trimestre,eje_gasto,,,,65116 - SERVICIOS DE TRANSPORTE POR CARRETERA DE CORRESPONDENCIA Y PAQUETES,1.2.3.2.09 - VENTA DE BIENES Y SERVICIOS,,,,,,NO APLICA,,,,,,CON SITUACION DE FONDOS,NO APLICA,NO DEFINIDO,194300.0,194300.0,194300.0
11604631,20220601,124205000,E.S.E. Hospital San Fernando - Amagá,2.1.1.02.01.001.05,AUXILIO DE TRANSPORTE,GASTOS,FUNCIONAMIENTO,GASTOS DE PERSONAL,PERSONAL SUPERNUMERARIO Y PLANTA TEMPORAL,FACTORES CONSTITUTIVOS DE SALARIO,FACTORES SALARIALES COMUNES,AUXILIO DE TRANSPORTE,No Aplica,No Aplica,No Aplica,VIGENCIA ACTUAL,ENTIDADES DIFERENTES A ENTIDADES TERRITORIALES - UNIDAD DE SALUD,NO DEFINIDO,NO DEFINIDO,SALUD Y PROTECCION SOCIAL,,,2022,Segundo Trimestre,eje_gasto,,,,NO APLICA,R.B. VENTA DE BIENES Y SERVICIOS,,,,,,NO APLICA,,,,,,SIN SITUACION DE FONDOS,NO APLICA,NO DEFINIDO,756330.0,756330.0,87000.0
11610165,20221201,124205000,E.S.E. Hospital San Fernando - Amagá,2.1.3.07.02.001,MESADAS PENSIONALES DE PENSIONES,GASTOS,FUNCIONAMIENTO,TRANSFERENCIAS CORRIENTES,PRESTACIONES PARA CUBRIR RIESGOS SOCIALES,PRESTACIONES SOCIALES RELACIONADAS CON EL EMPLEO,MESADAS PENSIONALES DE PENSIONES,No Aplica,No Aplica,No Aplica,No Aplica,VIGENCIA ACTUAL,ENTIDADES DIFERENTES A ENTIDADES TERRITORIALES - UNIDAD DE SALUD,NO DEFINIDO,NO DEFINIDO,NO DEFINIDO,,,2022,Cuarto Trimestre,eje_gasto,,,,NO DEFINIDO,NO DEFINIDO,,,,,,NO DEFINIDO,,,,,,NO DEFINIDO,NO DEFINIDO,NO DEFINIDO,14078400.0,14078400.0,13125117.0
11612859,20211201,124205000,E.S.E. Hospital San Fernando - Amagá,2.1.1.01.02.001,APORTES A LA SEGURIDAD SOCIAL EN PENSIONES,GASTOS,FUNCIONAMIENTO,GASTOS DE PERSONAL,PLANTA DE PERSONAL PERMANENTE,CONTRIBUCIONES INHERENTES A LA NOMINA,APORTES A LA SEGURIDAD SOCIAL EN PENSIONES,No Aplica,No Aplica,No Aplica,No Aplica,VIGENCIA ACTUAL,ENTIDADES DIFERENTES A ENTIDADES TERRITORIALES - GESTION GENERAL,NO DEFINIDO,NO DEFINIDO,SALUD Y PROTECCION SOCIAL,,,2021,Cuarto Trimestre,eje_gasto,,,,NO APLICA,OTRAS CONTRIBUCIONES CON DESTINACION ESPECIFICA LEGAL,,,,,,NO APLICA,,,,,,CON SITUACION DE FONDOS,NO APLICA,NO DEFINIDO,208010802.0,208010802.0,191022556.0
11634481,20221201,124205000,E.S.E. Hospital San Fernando - Amagá,2.1.1.01.02.002,APORTES A LA SEGURIDAD SOCIAL EN SALUD,GASTOS,FUNCIONAMIENTO,GASTOS DE PERSONAL,PLANTA DE PERSONAL PERMANENTE,CONTRIBUCIONES INHERENTES A LA NOMINA,APORTES A LA SEGURIDAD SOCIAL EN SALUD,No Aplica,No Aplica,No Aplica,No Aplica,VIGENCIA ACTUAL,ENTIDADES DIFERENTES A ENTIDADES TERRITORIALES - UNIDAD DE SALUD,NO DEFINIDO,NO DEFINIDO,SALUD Y PROTECCION SOCIAL,,,2022,Cuarto Trimestre,eje_gasto,,,,NO APLICA,R.B. VENTA DE BIENES Y SERVICIOS,,,,,,NO APLICA,,,,,,SIN SITUACION DE FONDOS,NO APLICA,NO DEFINIDO,151757519.0,151757519.0,148943096.0
11635023,20210901,124205000,E.S.E. Hospital San Fernando - Amagá,2.4.5.01,MATERIALES Y SUMINISTROS,GASTOS,GASTOS DE OPERACION COMERCIAL,GASTOS DE COMERCIALIZACION Y PRODUCCION,MATERIALES Y SUMINISTROS,No Aplica,No Aplica,No Aplica,No Aplica,No Aplica,No Aplica,CUENTAS POR PAGAR,ENTIDADES DIFERENTES A ENTIDADES TERRITORIALES - GESTION GENERAL,NO DEFINIDO,NO DEFINIDO,NO DEFINIDO,,,2021,Tercer Trimestre,eje_gasto,,,,NO DEFINIDO,NO DEFINIDO,,,,,,NO DEFINIDO,,,,,,NO DEFINIDO,NO DEFINIDO,NO DEFINIDO,14746802.0,14746802.0,14746802.0
11636806,20220301,124205000,E.S.E. Hospital San Fernando - Amagá,2.1.2.02.02.008,SERVICIOS PRESTADOS A LAS EMPRESAS Y SERVICIOS DE PRODUCCION,GASTOS,FUNCIONAMIENTO,ADQUISICION DE BIENES Y SERVICIOS,ADQUISICIONES DIFERENTES DE ACTIVOS,ADQUISICION DE SERVICIOS,SERVICIOS PRESTADOS A LAS EMPRESAS Y SERVICIOS DE PRODUCCION,No Aplica,No Aplica,No Aplica,No Aplica,VIGENCIA ACTUAL,ENTIDADES DIFERENTES A ENTIDADES TERRITORIALES - UNIDAD DE SALUD,NO DEFINIDO,NO DEFINIDO,SALUD Y PROTECCION SOCIAL,,,2022,Primer Trimestre,eje_gasto,,,,SERVICIOS DE LA ADMINISTRACION PUBLICA RELACIONADOS CON LA SALUD,R.B. VENTA DE BIENES Y SERVICIOS,,,,,,NO APLICA,,,,,,SIN SITUACION DE FONDOS,NO APLICA,NO DEFINIDO,30240608.0,30240608.0,30240608.0
11638033,20210901,124205000,E.S.E. Hospital San Fernando - Amagá,2.1.1.01.01.001.08.01,PRIMA DE NAVIDAD,GASTOS,FUNCIONAMIENTO,GASTOS DE PERSONAL,PLANTA DE PERSONAL PERMANENTE,FACTORES CONSTITUTIVOS DE SALARIO,FACTORES SALARIALES COMUNES,PRESTACIONES SOCIALES,PRIMA DE NAVIDAD,No Aplica,No Aplica,VIGENCIA ACTUAL,ENTIDADES DIFERENTES A ENTIDADES TERRITORIALES - GESTION GENERAL,NO DEFINIDO,NO DEFINIDO,SALUD Y PROTECCION SOCIAL,,,2021,Tercer Trimestre,eje_gasto,,,,NO APLICA,1.2.3.2.09 - VENTA DE BIENES Y SERVICIOS,,,,,,NO APLICA,,,,,,CON SITUACION DE FONDOS,NO APLICA,NO DEFINIDO,6329847.0,6329847.0,1893749.0
11641821,20210301,124205000,E.S.E. Hospital San Fernando - Amagá,2.4.5.02.06,"COMERCIO Y DISTRIBUCION; ALOJAMIENTO; SERVICIOS DE SUMINISTRO DE COMIDAS Y BEBIDAS; SERVICIOS DE TRANSPORTE; Y SERVICIOS DE DISTRIBUCION DE ELECTRICIDAD, GAS Y AGUA",GASTOS,GASTOS DE OPERACION COMERCIAL,GASTOS DE COMERCIALIZACION Y PRODUCCION,ADQUISICION DE SERVICIOS,"COMERCIO Y DISTRIBUCION; ALOJAMIENTO; SERVICIOS DE SUMINISTRO DE COMIDAS Y BEBIDAS; SERVICIOS DE TRANSPORTE; Y SERVICIOS DE DISTRIBUCION DE ELECTRICIDAD, GAS Y AGUA",No Aplica,No Aplica,No Aplica,No Aplica,No Aplica,VIGENCIA ACTUAL,ENTIDADES DIFERENTES A ENTIDADES TERRITORIALES - GESTION GENERAL,NO DEFINIDO,NO DEFINIDO,SALUD Y PROTECCION SOCIAL,,,2021,Primer Trimestre,eje_gasto,,,,63393 - OTROS SERVICIOS DE COMIDAS CONTRATADAS,1.2.3.2.09 - VENTA DE BIENES Y SERVICIOS,,,,,,NO APLICA,,,,,,CON SITUACION DE FONDOS,NO APLICA,NO DEFINIDO,8196000.0,8196000.0,0.0
11642797,20211201,124205000,E.S.E. Hospital San Fernando - Amagá,2.4.5.02.06,"COMERCIO Y DISTRIBUCION; ALOJAMIENTO; SERVICIOS DE SUMINISTRO DE COMIDAS Y BEBIDAS; SERVICIOS DE TRANSPORTE; Y SERVICIOS DE DISTRIBUCION DE ELECTRICIDAD, GAS Y AGUA",GASTOS,GASTOS DE OPERACION COMERCIAL,GASTOS DE COMERCIALIZACION Y PRODUCCION,ADQUISICION DE SERVICIOS,"COMERCIO Y DISTRIBUCION; ALOJAMIENTO; SERVICIOS DE SUMINISTRO DE COMIDAS Y BEBIDAS; SERVICIOS DE TRANSPORTE; Y SERVICIOS DE DISTRIBUCION DE ELECTRICIDAD, GAS Y AGUA",No Aplica,No Aplica,No Aplica,No Aplica,No Aplica,VIGENCIA ACTUAL,ENTIDADES DIFERENTES A ENTIDADES TERRITORIALES - GESTION GENERAL,NO DEFINIDO,NO DEFINIDO,SALUD Y PROTECCION SOCIAL,,,2021,Cuarto Trimestre,eje_gasto,,,,OTROS SERVICIOS DE COMIDAS CONTRATADAS,OTRAS CONTRIBUCIONES CON DESTINACION ESPECIFICA LEGAL,,,,,,NO APLICA,,,,,,CON SITUACION DE FONDOS,NO APLICA,NO DEFINIDO,45826250.0,45826250.0,30572575.0
11645588,20210301,124205000,E.S.E. Hospital San Fernando - Amagá,2.1.1.01.03.001.02,INDEMNIZACION POR VACACIONES,GASTOS,FUNCIONAMIENTO,GASTOS DE PERSONAL,PLANTA DE PERSONAL PERMANENTE,REMUNERACIONES NO CONSTITUTIVAS DE FACTOR SALARIAL,PRESTACIONES SOCIALES,INDEMNIZACION POR VACACIONES,No Aplica,No Aplica,No Aplica,VIGENCIA ACTUAL,ENTIDADES DIFERENTES A ENTIDADES TERRITORIALES - GESTION GENERAL,NO DEFINIDO,NO DEFINIDO,SALUD Y PROTECCION SOCIAL,,,2021,Primer Trimestre,eje_gasto,,,,NO APLICA,1.2.3.2.09 - VENTA DE BIENES Y SERVICIOS,,,,,,NO APLICA,,,,,,CON SITUACION DE FONDOS,NO APLICA,NO DEFINIDO,1158890.0,1158890.0,1158890.0
11646211,20210601,124205000,E.S.E. Hospital San Fernando - Amagá,2.1.1.01.03.001,PRESTACIONES SOCIALES,GASTOS,FUNCIONAMIENTO,GASTOS DE PERSONAL,PLANTA DE PERSONAL PERMANENTE,REMUNERACIONES NO CONSTITUTIVAS DE FACTOR SALARIAL,PRESTACIONES SOCIALES,No Aplica,No Aplica,No Aplica,No Aplica,VIGENCIA ACTUAL,ENTIDADES DIFERENTES A ENTIDADES TERRITORIALES - GESTION GENERAL,NO DEFINIDO,NO DEFINIDO,NO DEFINIDO,,,2021,Segundo Trimestre,eje_gasto,,,,NO DEFINIDO,NO DEFINIDO,,,,,,NO DEFINIDO,,,,,,NO DEFINIDO,NO DEFINIDO,NO DEFINIDO,2682624.0,2682624.0,1297865.0
11663837,20210901,124205000,E.S.E. Hospital San Fernando - Amagá,2.1.1,GASTOS DE PERSONAL,GASTOS,FUNCIONAMIENTO,GASTOS DE PERSONAL,No Aplica,No Aplica,No Aplica,No Aplica,No Aplica,No Aplica,No Aplica,CUENTAS POR PAGAR,ENTIDADES DIFERENTES A ENTIDADES TERRITORIALES - GESTION GENERAL,NO DEFINIDO,NO DEFINIDO,NO DEFINIDO,,,2021,Tercer Trimestre,eje_gasto,,,,NO DEFINIDO,NO DEFINIDO,,,,,,NO DEFINIDO,,,,,,NO DEFINIDO,NO DEFINIDO,NO DEFINIDO,548515970.0,548515970.0,351220728.0
11666267,20230601,124205000,E.S.E. Hospital San Fernando - Amagá,2.1.2.02.02.008,SERVICIOS PRESTADOS A LAS EMPRESAS Y SERVICIOS DE PRODUCCION,GASTOS,FUNCIONAMIENTO,ADQUISICION DE BIENES Y SERVICIOS,ADQUISICIONES DIFERENTES DE ACTIVOS,ADQUISICION DE SERVICIOS,SERVICIOS PRESTADOS A LAS EMPRESAS Y SERVICIOS DE PRODUCCION,No Aplica,No Aplica,No Aplica,No Aplica,VIGENCIA ACTUAL,ENTIDADES TERRITORIALES - SALUD,NO DEFINIDO,NO DEFINIDO,SALUD Y PROTECCION SOCIAL,,,2023,Segundo Trimestre,eje_gasto,,,,SERVICIOS MEDICOS GENERALES,R.B. VENTA DE BIENES Y SERVICIOS,,,,,,NO APLICA,,,,,,SIN SITUACION DE FONDOS,NO APLICA,NO DEFINIDO,384545381.0,190920946.0,183315020.0
11669163,20211201,124205000,E.S.E. Hospital San Fernando - Amagá,2.4.5.02,ADQUISICION DE SERVICIOS,GASTOS,GASTOS DE OPERACION COMERCIAL,GASTOS DE COMERCIALIZACION Y PRODUCCION,ADQUISICION DE SERVICIOS,No Aplica,No Aplica,No Aplica,No Aplica,No Aplica,No Aplica,VIGENCIA ACTUAL,ENTIDADES DIFERENTES A ENTIDADES TERRITORIALES - GESTION GENERAL,NO DEFINIDO,NO DEFINIDO,NO DEFINIDO,,,2021,Cuarto Trimestre,eje_gasto,,,,NO DEFINIDO,NO DEFINIDO,,,,,,NO DEFINIDO,,,,,,NO DEFINIDO,NO DEFINIDO,NO DEFINIDO,56152119.0,56152119.0,39921113.0
11670768,20220601,124205000,E.S.E. Hospital San Fernando - Amagá,2.1.2.02.02.007,SERVICIOS FINANCIEROS Y SERVICIOS CONEXOS; SERVICIOS INMOBILIARIOS; Y SERVICIOS DE ARRENDAMIENTO Y LEASING,GASTOS,FUNCIONAMIENTO,ADQUISICION DE BIENES Y SERVICIOS,ADQUISICIONES DIFERENTES DE ACTIVOS,ADQUISICION DE SERVICIOS,SERVICIOS FINANCIEROS Y SERVICIOS CONEXOS; SERVICIOS INMOBILIARIOS; Y SERVICIOS DE ARRENDAMIENTO Y LEASING,No Aplica,No Aplica,No Aplica,No Aplica,VIGENCIA ACTUAL,ENTIDADES DIFERENTES A ENTIDADES TERRITORIALES - UNIDAD DE SALUD,NO DEFINIDO,NO DEFINIDO,SALUD Y PROTECCION SOCIAL,,,2022,Segundo Trimestre,eje_gasto,,,,SERVICIOS DE SEGUROS SOCIALES DE SALUD,DISPONIBILIDAD INICIAL,,,,,,NO APLICA,,,,,,SIN SITUACION DE FONDOS,NO APLICA,NO DEFINIDO,43177608.0,43177608.0,13055448.0
11673551,20220901,124205000,E.S.E. Hospital San Fernando - Amagá,2.1.2.02.01.003,"OTROS BIENES TRANSPORTABLES EXCEPTO PRODUCTOS METALICOS, MAQUINARIA Y EQUIPO",GASTOS,FUNCIONAMIENTO,ADQUISICION DE BIENES Y SERVICIOS,ADQUISICIONES DIFERENTES DE ACTIVOS,MATERIALES Y SUMINISTROS,"OTROS BIENES TRANSPORTABLES EXCEPTO PRODUCTOS METALICOS, MAQUINARIA Y EQUIPO",No Aplica,No Aplica,No Aplica,No Aplica,VIGENCIA ACTUAL,ENTIDADES DIFERENTES A ENTIDADES TERRITORIALES - UNIDAD DE SALUD,NO DEFINIDO,NO DEFINIDO,SALUD Y PROTECCION SOCIAL,,,2022,Tercer Trimestre,eje_gasto,,,,SERVICIOS DE SEGUROS SOCIALES DE SALUD,R.B. VENTA DE BIENES Y SERVICIOS,,,,,,NO APLICA,,,,,,SIN SITUACION DE FONDOS,NO APLICA,NO DEFINIDO,85314610.0,85314610.0,77339441.0
11684180,20211201,124205000,E.S.E. Hospital San Fernando - Amagá,2.1.2.02.02.008,SERVICIOS PRESTADOS A LAS EMPRESAS Y SERVICIOS DE PRODUCCION,GASTOS,FUNCIONAMIENTO,ADQUISICION DE BIENES Y SERVICIOS,ADQUISICIONES DIFERENTES DE ACTIVOS,ADQUISICION DE SERVICIOS,SERVICIOS PRESTADOS A LAS EMPRESAS Y SERVICIOS DE PRODUCCION,No Aplica,No Aplica,No Aplica,No Aplica,CUENTAS POR PAGAR,ENTIDADES DIFERENTES A ENTIDADES TERRITORIALES - GESTION GENERAL,NO DEFINIDO,NO DEFINIDO,SALUD Y PROTECCION SOCIAL,,,2021,Cuarto Trimestre,eje_gasto,,,,OTROS SERVICIOS DE PUBLICIDAD,OTRAS CONTRIBUCIONES CON DESTINACION ESPECIFICA LEGAL,,,,,,NO APLICA,,,,,,CON SITUACION DE FONDOS,NO APLICA,NO DEFINIDO,31540438.0,31540438.0,25269892.0
11686085,20220601,124205000,E.S.E. Hospital San Fernando - Amagá,2.4.5.02,ADQUISICION DE SERVICIOS,GASTOS,GASTOS DE OPERACION COMERCIAL,GASTOS DE COMERCIALIZACION Y PRODUCCION,ADQUISICION DE SERVICIOS,No Aplica,No Aplica,No Aplica,No Aplica,No Aplica,No Aplica,VIGENCIA ACTUAL,ENTIDADES DIFERENTES A ENTIDADES TERRITORIALES - UNIDAD DE SALUD,NO DEFINIDO,NO DEFINIDO,NO DEFINIDO,,,2022,Segundo Trimestre,eje_gasto,,,,NO DEFINIDO,NO DEFINIDO,,,,,,NO DEFINIDO,,,,,,NO DEFINIDO,NO DEFINIDO,NO DEFINIDO,30373592.0,30373592.0,27712095.0
11691504,20221201,124205000,E.S.E. Hospital San Fernando - Amagá,2.1.3.07.02.001.02,MESADAS PENSIONALES A CARGO DE LA ENTIDAD DE PENSIONES,GASTOS,FUNCIONAMIENTO,TRANSFERENCIAS CORRIENTES,PRESTACIONES PARA CUBRIR RIESGOS SOCIALES,PRESTACIONES SOCIALES RELACIONADAS CON EL EMPLEO,MESADAS PENSIONALES DE PENSIONES,MESADAS PENSIONALES A CARGO DE LA ENTIDAD DE PENSIONES,No Aplica,No Aplica,No Aplica,VIGENCIA ACTUAL,ENTIDADES DIFERENTES A ENTIDADES TERRITORIALES - UNIDAD DE SALUD,NO DEFINIDO,NO DEFINIDO,SALUD Y PROTECCION SOCIAL,,,2022,Cuarto Trimestre,eje_gasto,,,,NO APLICA,R.B. VENTA DE BIENES Y SERVICIOS,,,,,,NO APLICA,,,,,,SIN SITUACION DE FONDOS,NO APLICA,NO DEFINIDO,14078400.0,14078400.0,13125117.0
11696443,20211201,124205000,E.S.E. Hospital San Fernando - Amagá,2.1.1,GASTOS DE PERSONAL,GASTOS,FUNCIONAMIENTO,GASTOS DE PERSONAL,No Aplica,No Aplica,No Aplica,No Aplica,No Aplica,No Aplica,No Aplica,CUENTAS POR PAGAR,ENTIDADES DIFERENTES A ENTIDADES TERRITORIALES - GESTION GENERAL,NO DEFINIDO,NO DEFINIDO,NO DEFINIDO,,,2021,Cuarto Trimestre,eje_gasto,,,,NO DEFINIDO,NO DEFINIDO,,,,,,NO DEFINIDO,,,,,,NO DEFINIDO,NO DEFINIDO,NO DEFINIDO,558203097.0,558203097.0,361187382.0
11698453,20211201,124205000,E.S.E. Hospital San Fernando - Amagá,2.1.2.02.02,ADQUISICION DE SERVICIOS,GASTOS,FUNCIONAMIENTO,ADQUISICION DE BIENES Y SERVICIOS,ADQUISICIONES DIFERENTES DE ACTIVOS,ADQUISICION DE SERVICIOS,No Aplica,No Aplica,No Aplica,No Aplica,No Aplica,VIGENCIA ACTUAL,ENTIDADES DIFERENTES A ENTIDADES TERRITORIALES - GESTION GENERAL,NO DEFINIDO,NO DEFINIDO,NO DEFINIDO,,,2021,Cuarto Trimestre,eje_gasto,,,,NO DEFINIDO,NO DEFINIDO,,,,,,NO DEFINIDO,,,,,,NO DEFINIDO,NO DEFINIDO,NO DEFINIDO,1544956097.0,1544956097.0,1160801649.0
11704050,20210301,124205000,E.S.E. Hospital San Fernando - Amagá,2.1.1.01.01.001.01,SUELDO BASICO,GASTOS,FUNCIONAMIENTO,GASTOS DE PERSONAL,PLANTA DE PERSONAL PERMANENTE,FACTORES CONSTITUTIVOS DE SALARIO,FACTORES SALARIALES COMUNES,SUELDO BASICO,No Aplica,No Aplica,No Aplica,CUENTAS POR PAGAR,ENTIDADES DIFERENTES A ENTIDADES TERRITORIALES - GESTION GENERAL,NO DEFINIDO,NO DEFINIDO,SALUD Y PROTECCION SOCIAL,,,2021,Primer Trimestre,eje_gasto,,,,NO APLICA,1.1.0.0.00 - DISPONIBILIDAD INICIAL,,,,,,NO APLICA,,,,,,CON SITUACION DE FONDOS,NO APLICA,NO DEFINIDO,524788334.0,524788334.0,137631728.0
11708555,20221201,124205000,E.S.E. Hospital San Fernando - Amagá,2.1.1.01.02.007,APORTES AL SENA,GASTOS,FUNCIONAMIENTO,GASTOS DE PERSONAL,PLANTA DE PERSONAL PERMANENTE,CONTRIBUCIONES INHERENTES A LA NOMINA,APORTES AL SENA,No Aplica,No Aplica,No Aplica,No Aplica,VIGENCIA ACTUAL,ENTIDADES DIFERENTES A ENTIDADES TERRITORIALES - UNIDAD DE SALUD,NO DEFINIDO,NO DEFINIDO,SALUD Y PROTECCION SOCIAL,,,2022,Cuarto Trimestre,eje_gasto,,,,NO APLICA,R.B. VENTA DE BIENES Y SERVICIOS,,,,,,NO APLICA,,,,,,SIN SITUACION DE FONDOS,NO APLICA,NO DEFINIDO,34973800.0,34973800.0,34973800.0
11717030,20221201,124205000,E.S.E. Hospital San Fernando - Amagá,2.1.1.01.03.001.01,VACACIONES,GASTOS,FUNCIONAMIENTO,GASTOS DE PERSONAL,PLANTA DE PERSONAL PERMANENTE,REMUNERACIONES NO CONSTITUTIVAS DE FACTOR SALARIAL,PRESTACIONES SOCIALES,VACACIONES,No Aplica,No Aplica,No Aplica,VIGENCIA ACTUAL,ENTIDADES DIFERENTES A ENTIDADES TERRITORIALES - UNIDAD DE SALUD,NO DEFINIDO,NO DEFINIDO,SALUD Y PROTECCION SOCIAL,,,2022,Cuarto Trimestre,eje_gasto,,,,NO APLICA,R.B. VENTA DE BIENES Y SERVICIOS,,,,,,NO APLICA,,,,,,SIN SITUACION DE FONDOS,NO APLICA,NO DEFINIDO,109729884.0,109729884.0,68318600.0
11722704,20230301,124205000,E.S.E. Hospital San Fernando - Amagá,2.4.5,GASTOS DE COMERCIALIZACION Y PRODUCCION,GASTOS,GASTOS DE OPERACION COMERCIAL,GASTOS DE COMERCIALIZACION Y PRODUCCION,No Aplica,No Aplica,No Aplica,No Aplica,No Aplica,No Aplica,No Aplica,VIGENCIA ACTUAL,ENTIDADES DIFERENTES A ENTIDADES TERRITORIALES - UNIDAD DE SALUD,NO DEFINIDO,NO DEFINIDO,NO DEFINIDO,,,2023,Primer Trimestre,eje_gasto,,,,NO DEFINIDO,NO DEFINIDO,,,,,,NO DEFINIDO,,,,,,NO DEFINIDO,NO DEFINIDO,NO DEFINIDO,120328114.0,120328114.0,120328114.0
11725561,20210601,124205000,E.S.E. Hospital San Fernando - Amagá,2.1.2.02.01.003,"OTROS BIENES TRANSPORTABLES EXCEPTO PRODUCTOS METALICOS, MAQUINARIA Y EQUIPO",GASTOS,FUNCIONAMIENTO,ADQUISICION DE BIENES Y SERVICIOS,ADQUISICIONES DIFERENTES DE ACTIVOS,MATERIALES Y SUMINISTROS,"OTROS BIENES TRANSPORTABLES EXCEPTO PRODUCTOS METALICOS, MAQUINARIA Y EQUIPO",No Aplica,No Aplica,No Aplica,No Aplica,CUENTAS POR PAGAR,ENTIDADES DIFERENTES A ENTIDADES TERRITORIALES - GESTION GENERAL,NO DEFINIDO,NO DEFINIDO,SALUD Y PROTECCION SOCIAL,,,2021,Segundo Trimestre,eje_gasto,,,,"62251 - COMERCIO AL POR MENOR DE LIBROS, PERIÓDICOS, REVISTAS Y ARTÍCULOS DE PAPELERÍA EN ESTABLECIMIENTOS ESPECIALIZADOS",1.1.0.0.00 - DISPONIBILIDAD INICIAL,,,,,,NO APLICA,,,,,,CON SITUACION DE FONDOS,NO APLICA,NO DEFINIDO,42314610.0,42141360.0,39565391.0
11738222,20221201,124205000,E.S.E. Hospital San Fernando - Amagá,2.1.3,TRANSFERENCIAS CORRIENTES,GASTOS,FUNCIONAMIENTO,TRANSFERENCIAS CORRIENTES,No Aplica,No Aplica,No Aplica,No Aplica,No Aplica,No Aplica,No Aplica,VIGENCIA ACTUAL,ENTIDADES DIFERENTES A ENTIDADES TERRITORIALES - UNIDAD DE SALUD,NO DEFINIDO,NO DEFINIDO,NO DEFINIDO,,,2022,Cuarto Trimestre,eje_gasto,,,,NO DEFINIDO,NO DEFINIDO,,,,,,NO DEFINIDO,,,,,,NO DEFINIDO,NO DEFINIDO,NO DEFINIDO,14078400.0,14078400.0,13125117.0
11738332,20230601,124205000,E.S.E. Hospital San Fernando - Amagá,2.1.1.01.03.001,PRESTACIONES SOCIALES,GASTOS,FUNCIONAMIENTO,GASTOS DE PERSONAL,PLANTA DE PERSONAL PERMANENTE,REMUNERACIONES NO CONSTITUTIVAS DE FACTOR SALARIAL,PRESTACIONES SOCIALES,No Aplica,No Aplica,No Aplica,No Aplica,VIGENCIA ACTUAL,ENTIDADES TERRITORIALES - SALUD,NO DEFINIDO,NO DEFINIDO,NO DEFINIDO,,,2023,Segundo Trimestre,eje_gasto,,,,NO DEFINIDO,NO DEFINIDO,,,,,,NO DEFINIDO,,,,,,NO DEFINIDO,NO DEFINIDO,NO DEFINIDO,88368650.0,88368650.0,66488845.0
11741698,20220601,124205000,E.S.E. Hospital San Fernando - Amagá,2.1.2.02,ADQUISICIONES DIFERENTES DE ACTIVOS,GASTOS,FUNCIONAMIENTO,ADQUISICION DE BIENES Y SERVICIOS,ADQUISICIONES DIFERENTES DE ACTIVOS,No Aplica,No Aplica,No Aplica,No Aplica,No Aplica,No Aplica,VIGENCIA ACTUAL,ENTIDADES DIFERENTES A ENTIDADES TERRITORIALES - UNIDAD DE SALUD,NO DEFINIDO,NO DEFINIDO,NO DEFINIDO,,,2022,Segundo Trimestre,eje_gasto,,,,NO DEFINIDO,NO DEFINIDO,,,,,,NO DEFINIDO,,,,,,NO DEFINIDO,NO DEFINIDO,NO DEFINIDO,1244794272.0,979699657.0,751178022.0
11752017,20221201,124205000,E.S.E. Hospital San Fernando - Amagá,2.1.8.05.02,INTERESES DE MORA,GASTOS,FUNCIONAMIENTO,"GASTOS POR TRIBUTOS, TASAS, CONTRIBUCIONES, MULTAS, SANCIONES E INTERESES DE MORA","MULTAS, SANCIONES E INTERESES DE MORA",INTERESES DE MORA,No Aplica,No Aplica,No Aplica,No Aplica,No Aplica,VIGENCIA ACTUAL,ENTIDADES DIFERENTES A ENTIDADES TERRITORIALES - UNIDAD DE SALUD,NO DEFINIDO,NO DEFINIDO,SALUD Y PROTECCION SOCIAL,,,2022,Cuarto Trimestre,eje_gasto,,,,NO APLICA,R.B. VENTA DE BIENES Y SERVICIOS,,,,,,NO APLICA,,,,,,SIN SITUACION DE FONDOS,NO APLICA,NO DEFINIDO,4000.0,4000.0,4000.0
11754047,20210901,124205000,E.S.E. Hospital San Fernando - Amagá,2.4,GASTOS DE OPERACION COMERCIAL,GASTOS,GASTOS DE OPERACION COMERCIAL,No Aplica,No Aplica,No Aplica,No Aplica,No Aplica,No Aplica,No Aplica,No Aplica,VIGENCIA ACTUAL,ENTIDADES DIFERENTES A ENTIDADES TERRITORIALES - GESTION GENERAL,NO DEFINIDO,NO DEFINIDO,NO DEFINIDO,,,2021,Tercer Trimestre,eje_gasto,,,,NO DEFINIDO,NO DEFINIDO,,,,,,NO DEFINIDO,,,,,,NO DEFINIDO,NO DEFINIDO,NO DEFINIDO,604858264.0,604858264.0,179867838.0
11759729,20220901,124205000,E.S.E. Hospital San Fernando - Amagá,2.1.1.01.01,FACTORES CONSTITUTIVOS DE SALARIO,GASTOS,FUNCIONAMIENTO,GASTOS DE PERSONAL,PLANTA DE PERSONAL PERMANENTE,FACTORES CONSTITUTIVOS DE SALARIO,No Aplica,No Aplica,No Aplica,No Aplica,No Aplica,VIGENCIA ACTUAL,ENTIDADES DIFERENTES A ENTIDADES TERRITORIALES - UNIDAD DE SALUD,NO DEFINIDO,NO DEFINIDO,NO DEFINIDO,,,2022,Tercer Trimestre,eje_gasto,,,,NO DEFINIDO,NO DEFINIDO,,,,,,NO DEFINIDO,,,,,,NO DEFINIDO,NO DEFINIDO,NO DEFINIDO,1466198529.0,1457095842.0,1313791670.0
11768193,20211201,124205000,E.S.E. Hospital San Fernando - Amagá,2.1.1.01.03.001,PRESTACIONES SOCIALES,GASTOS,FUNCIONAMIENTO,GASTOS DE PERSONAL,PLANTA DE PERSONAL PERMANENTE,REMUNERACIONES NO CONSTITUTIVAS DE FACTOR SALARIAL,PRESTACIONES SOCIALES,No Aplica,No Aplica,No Aplica,No Aplica,VIGENCIA ACTUAL,ENTIDADES DIFERENTES A ENTIDADES TERRITORIALES - GESTION GENERAL,NO DEFINIDO,NO DEFINIDO,NO DEFINIDO,,,2021,Cuarto Trimestre,eje_gasto,,,,NO DEFINIDO,NO DEFINIDO,,,,,,NO DEFINIDO,,,,,,NO DEFINIDO,NO DEFINIDO,NO DEFINIDO,6402358.0,6402358.0,2797358.0
11777101,20220901,124205000,E.S.E. Hospital San Fernando - Amagá,2.4.5.01.03,"OTROS BIENES TRANSPORTABLES EXCEPTO PRODUCTOS METALICOS, MAQUINARIA Y EQUIPO",GASTOS,GASTOS DE OPERACION COMERCIAL,GASTOS DE COMERCIALIZACION Y PRODUCCION,MATERIALES Y SUMINISTROS,"OTROS BIENES TRANSPORTABLES EXCEPTO PRODUCTOS METALICOS, MAQUINARIA Y EQUIPO",No Aplica,No Aplica,No Aplica,No Aplica,No Aplica,VIGENCIA ACTUAL,ENTIDADES DIFERENTES A ENTIDADES TERRITORIALES - UNIDAD DE SALUD,NO DEFINIDO,NO DEFINIDO,SALUD Y PROTECCION SOCIAL,,,2022,Tercer Trimestre,eje_gasto,,,,SERVICIOS DE SEGUROS SOCIALES DE SALUD,R.B. VENTA DE BIENES Y SERVICIOS,,,,,,NO APLICA,,,,,,SIN SITUACION DE FONDOS,NO APLICA,NO DEFINIDO,606911721.0,580646607.0,478840131.0
11781171,20230601,124205000,E.S.E. Hospital San Fernando - Amagá,2.1.2.02.02.005,CONSTRUCCION Y SERVICIOS DE LA CONSTRUCCION,GASTOS,FUNCIONAMIENTO,ADQUISICION DE BIENES Y SERVICIOS,ADQUISICIONES DIFERENTES DE ACTIVOS,ADQUISICION DE SERVICIOS,CONSTRUCCION Y SERVICIOS DE LA CONSTRUCCION,No Aplica,No Aplica,No Aplica,No Aplica,VIGENCIA ACTUAL,ENTIDADES TERRITORIALES - SALUD,NO DEFINIDO,NO DEFINIDO,SALUD Y PROTECCION SOCIAL,,,2023,Segundo Trimestre,eje_gasto,,,,SERVICIOS MEDICOS GENERALES,R.B. VENTA DE BIENES Y SERVICIOS,,,,,,NO APLICA,,,,,,SIN SITUACION DE FONDOS,NO APLICA,NO DEFINIDO,80077939.0,80077939.0,51646765.0
11786593,20220601,124205000,E.S.E. Hospital San Fernando - Amagá,2.1.2.02.01.003,"OTROS BIENES TRANSPORTABLES EXCEPTO PRODUCTOS METALICOS, MAQUINARIA Y EQUIPO",GASTOS,FUNCIONAMIENTO,ADQUISICION DE BIENES Y SERVICIOS,ADQUISICIONES DIFERENTES DE ACTIVOS,MATERIALES Y SUMINISTROS,"OTROS BIENES TRANSPORTABLES EXCEPTO PRODUCTOS METALICOS, MAQUINARIA Y EQUIPO",No Aplica,No Aplica,No Aplica,No Aplica,VIGENCIA ACTUAL,ENTIDADES DIFERENTES A ENTIDADES TERRITORIALES - UNIDAD DE SALUD,NO DEFINIDO,NO DEFINIDO,SALUD Y PROTECCION SOCIAL,,,2022,Segundo Trimestre,eje_gasto,,,,SERVICIOS DE SEGUROS SOCIALES DE SALUD,DISPONIBILIDAD INICIAL,,,,,,NO APLICA,,,,,,SIN SITUACION DE FONDOS,NO APLICA,NO DEFINIDO,43761093.0,43761093.0,36373690.0
11789149,20210601,124205000,E.S.E. Hospital San Fernando - Amagá,2.1.7,DISMINUCION DE PASIVOS,GASTOS,FUNCIONAMIENTO,DISMINUCION DE PASIVOS,No Aplica,No Aplica,No Aplica,No Aplica,No Aplica,No Aplica,No Aplica,VIGENCIA ACTUAL,ENTIDADES DIFERENTES A ENTIDADES TERRITORIALES - GESTION GENERAL,NO DEFINIDO,NO DEFINIDO,NO DEFINIDO,,,2021,Segundo Trimestre,eje_gasto,,,,NO DEFINIDO,NO DEFINIDO,,,,,,NO DEFINIDO,,,,,,NO DEFINIDO,NO DEFINIDO,NO DEFINIDO,259971.0,259971.0,0.0
11802106,20210601,124205000,E.S.E. Hospital San Fernando - Amagá,2.1.1.01.02,CONTRIBUCIONES INHERENTES A LA NOMINA,GASTOS,FUNCIONAMIENTO,GASTOS DE PERSONAL,PLANTA DE PERSONAL PERMANENTE,CONTRIBUCIONES INHERENTES A LA NOMINA,No Aplica,No Aplica,No Aplica,No Aplica,No Aplica,CUENTAS POR PAGAR,ENTIDADES DIFERENTES A ENTIDADES TERRITORIALES - GESTION GENERAL,NO DEFINIDO,NO DEFINIDO,NO DEFINIDO,,,2021,Segundo Trimestre,eje_gasto,,,,NO DEFINIDO,NO DEFINIDO,,,,,,NO DEFINIDO,,,,,,NO DEFINIDO,NO DEFINIDO,NO DEFINIDO,6241300.0,6241300.0,6241300.0
11808944,20220601,124205000,E.S.E. Hospital San Fernando - Amagá,2.1.1.01.02.006,APORTES AL ICBF,GASTOS,FUNCIONAMIENTO,GASTOS DE PERSONAL,PLANTA DE PERSONAL PERMANENTE,CONTRIBUCIONES INHERENTES A LA NOMINA,APORTES AL ICBF,No Aplica,No Aplica,No Aplica,No Aplica,VIGENCIA ACTUAL,ENTIDADES DIFERENTES A ENTIDADES TERRITORIALES - UNIDAD DE SALUD,NO DEFINIDO,NO DEFINIDO,SALUD Y PROTECCION SOCIAL,,,2022,Segundo Trimestre,eje_gasto,,,,NO APLICA,R.B. VENTA DE BIENES Y SERVICIOS,,,,,,NO APLICA,,,,,,SIN SITUACION DE FONDOS,NO APLICA,NO DEFINIDO,24730600.0,24730600.0,20433200.0
11816547,20210601,124205000,E.S.E. Hospital San Fernando - Amagá,2.4.5.01.03,"OTROS BIENES TRANSPORTABLES EXCEPTO PRODUCTOS METALICOS, MAQUINARIA Y EQUIPO",GASTOS,GASTOS DE OPERACION COMERCIAL,GASTOS DE COMERCIALIZACION Y PRODUCCION,MATERIALES Y SUMINISTROS,"OTROS BIENES TRANSPORTABLES EXCEPTO PRODUCTOS METALICOS, MAQUINARIA Y EQUIPO",No Aplica,No Aplica,No Aplica,No Aplica,No Aplica,VIGENCIA ACTUAL,ENTIDADES DIFERENTES A ENTIDADES TERRITORIALES - GESTION GENERAL,NO DEFINIDO,NO DEFINIDO,SALUD Y PROTECCION SOCIAL,,,2021,Segundo Trimestre,eje_gasto,,,,61173 - COMERCIO AL POR MAYOR (EXCEPTO EL REALIZADO A CAMBIO DE UNA RETRIBUCIÓN O POR CONTRATA) DE PRODUCTOS FARMACÉUTICOS,1.2.3.2.09 - VENTA DE BIENES Y SERVICIOS,,,,,,NO APLICA,,,,,,CON SITUACION DE FONDOS,NO APLICA,NO DEFINIDO,353614504.0,353614504.0,47463280.0
11823814,20210601,124205000,E.S.E. Hospital San Fernando - Amagá,2,GASTOS,GASTOS,No Aplica,No Aplica,No Aplica,No Aplica,No Aplica,No Aplica,No Aplica,No Aplica,No Aplica,VIGENCIA ACTUAL,ENTIDADES DIFERENTES A ENTIDADES TERRITORIALES - GESTION GENERAL,NO DEFINIDO,NO DEFINIDO,NO DEFINIDO,,,2021,Segundo Trimestre,eje_gasto,,,,NO DEFINIDO,NO DEFINIDO,,,,,,NO DEFINIDO,,,,,,NO DEFINIDO,NO DEFINIDO,NO DEFINIDO,2742402986.0,2361285057.0,1274911772.0
11827278,20220601,124205000,E.S.E. Hospital San Fernando - Amagá,2.1.1.01.02.003,APORTES DE CESANTIAS,GASTOS,FUNCIONAMIENTO,GASTOS DE PERSONAL,PLANTA DE PERSONAL PERMANENTE,CONTRIBUCIONES INHERENTES A LA NOMINA,APORTES DE CESANTIAS,No Aplica,No Aplica,No Aplica,No Aplica,VIGENCIA ACTUAL,ENTIDADES DIFERENTES A ENTIDADES TERRITORIALES - UNIDAD DE SALUD,NO DEFINIDO,NO DEFINIDO,SALUD Y PROTECCION SOCIAL,,,2022,Segundo Trimestre,eje_gasto,,,,NO APLICA,R.B. VENTA DE BIENES Y SERVICIOS,,,,,,NO APLICA,,,,,,SIN SITUACION DE FONDOS,NO APLICA,NO DEFINIDO,7330230.0,7330230.0,7330230.0
11830992,20230601,124205000,E.S.E. Hospital San Fernando - Amagá,2.4.5.02.06,"COMERCIO Y DISTRIBUCION; ALOJAMIENTO; SERVICIOS DE SUMINISTRO DE COMIDAS Y BEBIDAS; SERVICIOS DE TRANSPORTE; Y SERVICIOS DE DISTRIBUCION DE ELECTRICIDAD, GAS Y AGUA",GASTOS,GASTOS DE OPERACION COMERCIAL,GASTOS DE COMERCIALIZACION Y PRODUCCION,ADQUISICION DE SERVICIOS,"COMERCIO Y DISTRIBUCION; ALOJAMIENTO; SERVICIOS DE SUMINISTRO DE COMIDAS Y BEBIDAS; SERVICIOS DE TRANSPORTE; Y SERVICIOS DE DISTRIBUCION DE ELECTRICIDAD, GAS Y AGUA",No Aplica,No Aplica,No Aplica,No Aplica,No Aplica,VIGENCIA ACTUAL,ENTIDADES TERRITORIALES - SALUD,NO DEFINIDO,NO DEFINIDO,SALUD Y PROTECCION SOCIAL,,,2023,Segundo Trimestre,eje_gasto,,,,SERVICIOS MEDICOS GENERALES,R.B. VENTA DE BIENES Y SERVICIOS,,,,,,NO APLICA,,,,,,SIN SITUACION DE FONDOS,NO APLICA,NO DEFINIDO,32475000.0,32465000.0,32465000.0
11832604,20220301,124205000,E.S.E. Hospital San Fernando - Amagá,2.1.1.01.02,CONTRIBUCIONES INHERENTES A LA NOMINA,GASTOS,FUNCIONAMIENTO,GASTOS DE PERSONAL,PLANTA DE PERSONAL PERMANENTE,CONTRIBUCIONES INHERENTES A LA NOMINA,No Aplica,No Aplica,No Aplica,No Aplica,No Aplica,VIGENCIA ACTUAL,ENTIDADES DIFERENTES A ENTIDADES TERRITORIALES - UNIDAD DE SALUD,NO DEFINIDO,NO DEFINIDO,NO DEFINIDO,,,2022,Primer Trimestre,eje_gasto,,,,NO DEFINIDO,NO DEFINIDO,,,,,,NO DEFINIDO,,,,,,NO DEFINIDO,NO DEFINIDO,NO DEFINIDO,84302606.0,84302606.0,84302606.0
11836002,20210601,124205000,E.S.E. Hospital San Fernando - Amagá,2.1.2.02,ADQUISICIONES DIFERENTES DE ACTIVOS,GASTOS,FUNCIONAMIENTO,ADQUISICION DE BIENES Y SERVICIOS,ADQUISICIONES DIFERENTES DE ACTIVOS,No Aplica,No Aplica,No Aplica,No Aplica,No Aplica,No Aplica,CUENTAS POR PAGAR,ENTIDADES DIFERENTES A ENTIDADES TERRITORIALES - GESTION GENERAL,NO DEFINIDO,NO DEFINIDO,NO DEFINIDO,,,2021,Segundo Trimestre,eje_gasto,,,,NO DEFINIDO,NO DEFINIDO,,,,,,NO DEFINIDO,,,,,,NO DEFINIDO,NO DEFINIDO,NO DEFINIDO,140159136.0,139985886.0,130113793.0
11848652,20220301,124205000,E.S.E. Hospital San Fernando - Amagá,2.1.1.02.02,CONTRIBUCIONES INHERENTES A LA NOMINA,GASTOS,FUNCIONAMIENTO,GASTOS DE PERSONAL,PERSONAL SUPERNUMERARIO Y PLANTA TEMPORAL,CONTRIBUCIONES INHERENTES A LA NOMINA,No Aplica,No Aplica,No Aplica,No Aplica,No Aplica,VIGENCIA ACTUAL,ENTIDADES DIFERENTES A ENTIDADES TERRITORIALES - UNIDAD DE SALUD,NO DEFINIDO,NO DEFINIDO,NO DEFINIDO,,,2022,Primer Trimestre,eje_gasto,,,,NO DEFINIDO,NO DEFINIDO,,,,,,NO DEFINIDO,,,,,,NO DEFINIDO,NO DEFINIDO,NO DEFINIDO,87000.0,87000.0,87000.0
11850996,20230601,124205000,E.S.E. Hospital San Fernando - Amagá,2.4.5.02,ADQUISICION DE SERVICIOS,GASTOS,GASTOS DE OPERACION COMERCIAL,GASTOS DE COMERCIALIZACION Y PRODUCCION,ADQUISICION DE SERVICIOS,No Aplica,No Aplica,No Aplica,No Aplica,No Aplica,No Aplica,VIGENCIA ACTUAL,ENTIDADES TERRITORIALES - SALUD,NO DEFINIDO,NO DEFINIDO,NO DEFINIDO,,,2023,Segundo Trimestre,eje_gasto,,,,NO DEFINIDO,NO DEFINIDO,,,,,,NO DEFINIDO,,,,,,NO DEFINIDO,NO DEFINIDO,NO DEFINIDO,32475000.0,32465000.0,32465000.0
11854497,20211201,124205000,E.S.E. Hospital San Fernando - Amagá,2.1.1.01.02.003,APORTES DE CESANTIAS,GASTOS,FUNCIONAMIENTO,GASTOS DE PERSONAL,PLANTA DE PERSONAL PERMANENTE,CONTRIBUCIONES INHERENTES A LA NOMINA,APORTES DE CESANTIAS,No Aplica,No Aplica,No Aplica,No Aplica,CUENTAS POR PAGAR,ENTIDADES DIFERENTES A ENTIDADES TERRITORIALES - GESTION GENERAL,NO DEFINIDO,NO DEFINIDO,SALUD Y PROTECCION SOCIAL,,,2021,Cuarto Trimestre,eje_gasto,,,,NO APLICA,OTRAS CONTRIBUCIONES CON DESTINACION ESPECIFICA LEGAL,,,,,,NO APLICA,,,,,,CON SITUACION DE FONDOS,NO APLICA,NO DEFINIDO,2061965.0,2061965.0,2061965.0
11855604,20220601,124205000,E.S.E. Hospital San Fernando - Amagá,2.1.1.01.01.001.04,SUBSIDIO DE ALIMENTACION,GASTOS,FUNCIONAMIENTO,GASTOS DE PERSONAL,PLANTA DE PERSONAL PERMANENTE,FACTORES CONSTITUTIVOS DE SALARIO,FACTORES SALARIALES COMUNES,SUBSIDIO DE ALIMENTACION,No Aplica,No Aplica,No Aplica,VIGENCIA ACTUAL,ENTIDADES DIFERENTES A ENTIDADES TERRITORIALES - UNIDAD DE SALUD,NO DEFINIDO,NO DEFINIDO,SALUD Y PROTECCION SOCIAL,,,2022,Segundo Trimestre,eje_gasto,,,,NO APLICA,R.B. VENTA DE BIENES Y SERVICIOS,,,,,,NO APLICA,,,,,,SIN SITUACION DE FONDOS,NO APLICA,NO DEFINIDO,15374085.0,15374085.0,10231828.0
11864254,20220601,124205000,E.S.E. Hospital San Fernando - Amagá,2.1.3,TRANSFERENCIAS CORRIENTES,GASTOS,FUNCIONAMIENTO,TRANSFERENCIAS CORRIENTES,No Aplica,No Aplica,No Aplica,No Aplica,No Aplica,No Aplica,No Aplica,VIGENCIA ACTUAL,ENTIDADES DIFERENTES A ENTIDADES TERRITORIALES - UNIDAD DE SALUD,NO DEFINIDO,NO DEFINIDO,NO DEFINIDO,,,2022,Segundo Trimestre,eje_gasto,,,,NO DEFINIDO,NO DEFINIDO,,,,,,NO DEFINIDO,,,,,,NO DEFINIDO,NO DEFINIDO,NO DEFINIDO,7039200.0,7039200.0,5028000.0
11866646,20210301,124205000,E.S.E. Hospital San Fernando - Amagá,2.4.5.02,ADQUISICION DE SERVICIOS,GASTOS,GASTOS DE OPERACION COMERCIAL,GASTOS DE COMERCIALIZACION Y PRODUCCION,ADQUISICION DE SERVICIOS,No Aplica,No Aplica,No Aplica,No Aplica,No Aplica,No Aplica,VIGENCIA ACTUAL,ENTIDADES DIFERENTES A ENTIDADES TERRITORIALES - GESTION GENERAL,NO DEFINIDO,NO DEFINIDO,NO DEFINIDO,,,2021,Primer Trimestre,eje_gasto,,,,NO DEFINIDO,NO DEFINIDO,,,,,,NO DEFINIDO,,,,,,NO DEFINIDO,NO DEFINIDO,NO DEFINIDO,11088295.0,11088295.0,1949548.0
11877084,20211201,124205000,E.S.E. Hospital San Fernando - Amagá,2.1.1.01.01.001.08.01,PRIMA DE NAVIDAD,GASTOS,FUNCIONAMIENTO,GASTOS DE PERSONAL,PLANTA DE PERSONAL PERMANENTE,FACTORES CONSTITUTIVOS DE SALARIO,FACTORES SALARIALES COMUNES,PRESTACIONES SOCIALES,PRIMA DE NAVIDAD,No Aplica,No Aplica,VIGENCIA ACTUAL,ENTIDADES DIFERENTES A ENTIDADES TERRITORIALES - GESTION GENERAL,NO DEFINIDO,NO DEFINIDO,SALUD Y PROTECCION SOCIAL,,,2021,Cuarto Trimestre,eje_gasto,,,,NO APLICA,OTRAS CONTRIBUCIONES CON DESTINACION ESPECIFICA LEGAL,,,,,,NO APLICA,,,,,,CON SITUACION DE FONDOS,NO APLICA,NO DEFINIDO,140862228.0,140862228.0,24353137.0
11879555,20220901,124205000,E.S.E. Hospital San Fernando - Amagá,2.1.2.02.02.010,VIATICOS DE LOS FUNCIONARIOS EN COMISION,GASTOS,FUNCIONAMIENTO,ADQUISICION DE BIENES Y SERVICIOS,ADQUISICIONES DIFERENTES DE ACTIVOS,ADQUISICION DE SERVICIOS,VIATICOS DE LOS FUNCIONARIOS EN COMISION,No Aplica,No Aplica,No Aplica,No Aplica,VIGENCIA ACTUAL,ENTIDADES DIFERENTES A ENTIDADES TERRITORIALES - UNIDAD DE SALUD,NO DEFINIDO,NO DEFINIDO,SALUD Y PROTECCION SOCIAL,,,2022,Tercer Trimestre,eje_gasto,,,,SERVICIOS DE SEGUROS SOCIALES DE SALUD,R.B. VENTA DE BIENES Y SERVICIOS,,,,,,NO APLICA,,,,,,SIN SITUACION DE FONDOS,NO APLICA,NO DEFINIDO,28900000.0,28900000.0,28500000.0
11885961,20210901,124205000,E.S.E. Hospital San Fernando - Amagá,2.1.3.07,PRESTACIONES PARA CUBRIR RIESGOS SOCIALES,GASTOS,FUNCIONAMIENTO,TRANSFERENCIAS CORRIENTES,PRESTACIONES PARA CUBRIR RIESGOS SOCIALES,No Aplica,No Aplica,No Aplica,No Aplica,No Aplica,No Aplica,VIGENCIA ACTUAL,ENTIDADES DIFERENTES A ENTIDADES TERRITORIALES - GESTION GENERAL,NO DEFINIDO,NO DEFINIDO,NO DEFINIDO,,,2021,Tercer Trimestre,eje_gasto,,,,NO DEFINIDO,NO DEFINIDO,,,,,,NO DEFINIDO,,,,,,NO DEFINIDO,NO DEFINIDO,NO DEFINIDO,2929232.0,2929232.0,2749638.0
11893139,20210601,124205000,E.S.E. Hospital San Fernando - Amagá,2.1.1.01.01.001.03,GASTOS DE REPRESENTACION,GASTOS,FUNCIONAMIENTO,GASTOS DE PERSONAL,PLANTA DE PERSONAL PERMANENTE,FACTORES CONSTITUTIVOS DE SALARIO,FACTORES SALARIALES COMUNES,GASTOS DE REPRESENTACION,No Aplica,No Aplica,No Aplica,VIGENCIA ACTUAL,ENTIDADES DIFERENTES A ENTIDADES TERRITORIALES - GESTION GENERAL,NO DEFINIDO,NO DEFINIDO,SALUD Y PROTECCION SOCIAL,,,2021,Segundo Trimestre,eje_gasto,,,,NO APLICA,1.2.3.2.09 - VENTA DE BIENES Y SERVICIOS,,,,,,NO APLICA,,,,,,CON SITUACION DE FONDOS,NO APLICA,NO DEFINIDO,1883895.0,1883895.0,1810789.0
11916263,20221201,124205000,E.S.E. Hospital San Fernando - Amagá,2.1.3.07.02,PRESTACIONES SOCIALES RELACIONADAS CON EL EMPLEO,GASTOS,FUNCIONAMIENTO,TRANSFERENCIAS CORRIENTES,PRESTACIONES PARA CUBRIR RIESGOS SOCIALES,PRESTACIONES SOCIALES RELACIONADAS CON EL EMPLEO,No Aplica,No Aplica,No Aplica,No Aplica,No Aplica,VIGENCIA ACTUAL,ENTIDADES DIFERENTES A ENTIDADES TERRITORIALES - UNIDAD DE SALUD,NO DEFINIDO,NO DEFINIDO,NO DEFINIDO,,,2022,Cuarto Trimestre,eje_gasto,,,,NO DEFINIDO,NO DEFINIDO,,,,,,NO DEFINIDO,,,,,,NO DEFINIDO,NO DEFINIDO,NO DEFINIDO,14078400.0,14078400.0,13125117.0
11917518,20210901,124205000,E.S.E. Hospital San Fernando - Amagá,2.4.5.02.08,SERVICIOS PRESTADOS A LAS EMPRESAS Y SERVICIOS DE PRODUCCION,GASTOS,GASTOS DE OPERACION COMERCIAL,GASTOS DE COMERCIALIZACION Y PRODUCCION,ADQUISICION DE SERVICIOS,SERVICIOS PRESTADOS A LAS EMPRESAS Y SERVICIOS DE PRODUCCION,No Aplica,No Aplica,No Aplica,No Aplica,No Aplica,VIGENCIA ACTUAL,ENTIDADES DIFERENTES A ENTIDADES TERRITORIALES - GESTION GENERAL,NO DEFINIDO,NO DEFINIDO,SALUD Y PROTECCION SOCIAL,,,2021,Tercer Trimestre,eje_gasto,,,,97990 - OTROS SERVICIOS DIVERSOS N.C.P.,1.2.3.2.09 - VENTA DE BIENES Y SERVICIOS,,,,,,NO APLICA,,,,,,CON SITUACION DE FONDOS,NO APLICA,NO DEFINIDO,7153635.0,7153635.0,5794365.0
11935912,20211201,124205000,E.S.E. Hospital San Fernando - Amagá,2.1.2.02.02.006,"COMERCIO Y DISTRIBUCION; ALOJAMIENTO; SERVICIOS DE SUMINISTRO DE COMIDAS Y BEBIDAS; SERVICIOS DE TRANSPORTE; Y SERVICIOS DE DISTRIBUCION DE ELECTRICIDAD, GAS Y AGUA",GASTOS,FUNCIONAMIENTO,ADQUISICION DE BIENES Y SERVICIOS,ADQUISICIONES DIFERENTES DE ACTIVOS,ADQUISICION DE SERVICIOS,"COMERCIO Y DISTRIBUCION; ALOJAMIENTO; SERVICIOS DE SUMINISTRO DE COMIDAS Y BEBIDAS; SERVICIOS DE TRANSPORTE; Y SERVICIOS DE DISTRIBUCION DE ELECTRICIDAD, GAS Y AGUA",No Aplica,No Aplica,No Aplica,No Aplica,VIGENCIA ACTUAL,ENTIDADES DIFERENTES A ENTIDADES TERRITORIALES - GESTION GENERAL,NO DEFINIDO,NO DEFINIDO,SALUD Y PROTECCION SOCIAL,,,2021,Cuarto Trimestre,eje_gasto,,,,SERVICIOS DE TRANSPORTE POR CARRETERA DE CORRESPONDENCIA Y PAQUETES,OTRAS CONTRIBUCIONES CON DESTINACION ESPECIFICA LEGAL,,,,,,NO APLICA,,,,,,CON SITUACION DE FONDOS,NO APLICA,NO DEFINIDO,2632250.0,2632250.0,2482250.0
11937207,20210901,124205000,E.S.E. Hospital San Fernando - Amagá,2.4.5.02,ADQUISICION DE SERVICIOS,GASTOS,GASTOS DE OPERACION COMERCIAL,GASTOS DE COMERCIALIZACION Y PRODUCCION,ADQUISICION DE SERVICIOS,No Aplica,No Aplica,No Aplica,No Aplica,No Aplica,No Aplica,VIGENCIA ACTUAL,ENTIDADES DIFERENTES A ENTIDADES TERRITORIALES - GESTION GENERAL,NO DEFINIDO,NO DEFINIDO,NO DEFINIDO,,,2021,Tercer Trimestre,eje_gasto,,,,NO DEFINIDO,NO DEFINIDO,,,,,,NO DEFINIDO,,,,,,NO DEFINIDO,NO DEFINIDO,NO DEFINIDO,41972235.0,41972235.0,22574465.0
11937669,20230601,124205000,E.S.E. Hospital San Fernando - Amagá,2.1.8,"GASTOS POR TRIBUTOS, TASAS, CONTRIBUCIONES, MULTAS, SANCIONES E INTERESES DE MORA",GASTOS,FUNCIONAMIENTO,"GASTOS POR TRIBUTOS, TASAS, CONTRIBUCIONES, MULTAS, SANCIONES E INTERESES DE MORA",No Aplica,No Aplica,No Aplica,No Aplica,No Aplica,No Aplica,No Aplica,VIGENCIA ACTUAL,ENTIDADES TERRITORIALES - SALUD,NO DEFINIDO,NO DEFINIDO,NO DEFINIDO,,,2023,Segundo Trimestre,eje_gasto,,,,NO DEFINIDO,NO DEFINIDO,,,,,,NO DEFINIDO,,,,,,NO DEFINIDO,NO DEFINIDO,NO DEFINIDO,6406998.0,6406998.0,1121000.0
11937692,20211201,124205000,E.S.E. Hospital San Fernando - Amagá,2.1.1.01.01.001.05,AUXILIO DE TRANSPORTE,GASTOS,FUNCIONAMIENTO,GASTOS DE PERSONAL,PLANTA DE PERSONAL PERMANENTE,FACTORES CONSTITUTIVOS DE SALARIO,FACTORES SALARIALES COMUNES,AUXILIO DE TRANSPORTE,No Aplica,No Aplica,No Aplica,VIGENCIA ACTUAL,ENTIDADES DIFERENTES A ENTIDADES TERRITORIALES - GESTION GENERAL,NO DEFINIDO,NO DEFINIDO,SALUD Y PROTECCION SOCIAL,,,2021,Cuarto Trimestre,eje_gasto,,,,NO APLICA,OTRAS CONTRIBUCIONES CON DESTINACION ESPECIFICA LEGAL,,,,,,NO APLICA,,,,,,CON SITUACION DE FONDOS,NO APLICA,NO DEFINIDO,17518618.0,17518618.0,12907339.0
11942233,20211201,124205000,E.S.E. Hospital San Fernando - Amagá,2,GASTOS,GASTOS,No Aplica,No Aplica,No Aplica,No Aplica,No Aplica,No Aplica,No Aplica,No Aplica,No Aplica,CUENTAS POR PAGAR,ENTIDADES DIFERENTES A ENTIDADES TERRITORIALES - GESTION GENERAL,NO DEFINIDO,NO DEFINIDO,NO DEFINIDO,,,2021,Cuarto Trimestre,eje_gasto,,,,NO DEFINIDO,NO DEFINIDO,,,,,,NO DEFINIDO,,,,,,NO DEFINIDO,NO DEFINIDO,NO DEFINIDO,1272918261.0,1272918261.0,1043429092.0
11943476,20220901,124205000,E.S.E. Hospital San Fernando - Amagá,2.1.1.01.01.001.06,PRIMA DE SERVICIO,GASTOS,FUNCIONAMIENTO,GASTOS DE PERSONAL,PLANTA DE PERSONAL PERMANENTE,FACTORES CONSTITUTIVOS DE SALARIO,FACTORES SALARIALES COMUNES,PRIMA DE SERVICIO,No Aplica,No Aplica,No Aplica,VIGENCIA ACTUAL,ENTIDADES DIFERENTES A ENTIDADES TERRITORIALES - UNIDAD DE SALUD,NO DEFINIDO,NO DEFINIDO,SALUD Y PROTECCION SOCIAL,,,2022,Tercer Trimestre,eje_gasto,,,,NO APLICA,R.B. VENTA DE BIENES Y SERVICIOS,,,,,,NO APLICA,,,,,,SIN SITUACION DE FONDOS,NO APLICA,NO DEFINIDO,69476217.0,69476217.0,62139072.0
11943933,20210901,124205000,E.S.E. Hospital San Fernando - Amagá,2.4.5.02.09,"SERVICIOS PARA LA COMUNIDAD, SOCIALES Y PERSONALES",GASTOS,GASTOS DE OPERACION COMERCIAL,GASTOS DE COMERCIALIZACION Y PRODUCCION,ADQUISICION DE SERVICIOS,"SERVICIOS PARA LA COMUNIDAD, SOCIALES Y PERSONALES",No Aplica,No Aplica,No Aplica,No Aplica,No Aplica,CUENTAS POR PAGAR,ENTIDADES DIFERENTES A ENTIDADES TERRITORIALES - GESTION GENERAL,NO DEFINIDO,NO DEFINIDO,SALUD Y PROTECCION SOCIAL,,,2021,Tercer Trimestre,eje_gasto,,,,61173 - COMERCIO AL POR MAYOR (EXCEPTO EL REALIZADO A CAMBIO DE UNA RETRIBUCIÓN O POR CONTRATA) DE PRODUCTOS FARMACÉUTICOS,1.1.0.0.00 - DISPONIBILIDAD INICIAL,,,,,,NO APLICA,,,,,,CON SITUACION DE FONDOS,NO APLICA,NO DEFINIDO,26041811.0,26041811.0,26041811.0
11945117,20220601,124205000,E.S.E. Hospital San Fernando - Amagá,2.1.1.02.01,FACTORES CONSTITUTIVOS DE SALARIO,GASTOS,FUNCIONAMIENTO,GASTOS DE PERSONAL,PERSONAL SUPERNUMERARIO Y PLANTA TEMPORAL,FACTORES CONSTITUTIVOS DE SALARIO,No Aplica,No Aplica,No Aplica,No Aplica,No Aplica,VIGENCIA ACTUAL,ENTIDADES DIFERENTES A ENTIDADES TERRITORIALES - UNIDAD DE SALUD,NO DEFINIDO,NO DEFINIDO,NO DEFINIDO,,,2022,Segundo Trimestre,eje_gasto,,,,NO DEFINIDO,NO DEFINIDO,,,,,,NO DEFINIDO,,,,,,NO DEFINIDO,NO DEFINIDO,NO DEFINIDO,756330.0,756330.0,87000.0
11947212,20220301,124205000,E.S.E. Hospital San Fernando - Amagá,2.1.1.01.01.001,FACTORES SALARIALES COMUNES,GASTOS,FUNCIONAMIENTO,GASTOS DE PERSONAL,PLANTA DE PERSONAL PERMANENTE,FACTORES CONSTITUTIVOS DE SALARIO,FACTORES SALARIALES COMUNES,No Aplica,No Aplica,No Aplica,No Aplica,VIGENCIA ACTUAL,ENTIDADES DIFERENTES A ENTIDADES TERRITORIALES - UNIDAD DE SALUD,NO DEFINIDO,NO DEFINIDO,NO DEFINIDO,,,2022,Primer Trimestre,eje_gasto,,,,NO DEFINIDO,NO DEFINIDO,,,,,,NO DEFINIDO,,,,,,NO DEFINIDO,NO DEFINIDO,NO DEFINIDO,117406432.0,117406432.0,117406432.0
11958856,20220901,124205000,E.S.E. Hospital San Fernando - Amagá,2,GASTOS,GASTOS,No Aplica,No Aplica,No Aplica,No Aplica,No Aplica,No Aplica,No Aplica,No Aplica,No Aplica,VIGENCIA ACTUAL,ENTIDADES DIFERENTES A ENTIDADES TERRITORIALES - UNIDAD DE SALUD,NO DEFINIDO,NO DEFINIDO,NO DEFINIDO,,,2022,Tercer Trimestre,eje_gasto,,,,NO DEFINIDO,NO DEFINIDO,,,,,,NO DEFINIDO,,,,,,NO DEFINIDO,NO DEFINIDO,NO DEFINIDO,4404045569.0,4025513397.0,3727694891.0
11963313,20210301,124205000,E.S.E. Hospital San Fernando - Amagá,2.1.1.01,PLANTA DE PERSONAL PERMANENTE,GASTOS,FUNCIONAMIENTO,GASTOS DE PERSONAL,PLANTA DE PERSONAL PERMANENTE,No Aplica,No Aplica,No Aplica,No Aplica,No Aplica,No Aplica,VIGENCIA ACTUAL,ENTIDADES DIFERENTES A ENTIDADES TERRITORIALES - GESTION GENERAL,NO DEFINIDO,NO DEFINIDO,NO DEFINIDO,,,2021,Primer Trimestre,eje_gasto,,,,NO DEFINIDO,NO DEFINIDO,,,,,,NO DEFINIDO,,,,,,NO DEFINIDO,NO DEFINIDO,NO DEFINIDO,614317015.0,614317015.0,248069377.0
11965203,20220901,124205000,E.S.E. Hospital San Fernando - Amagá,2.1.2.02.02,ADQUISICION DE SERVICIOS,GASTOS,FUNCIONAMIENTO,ADQUISICION DE BIENES Y SERVICIOS,ADQUISICIONES DIFERENTES DE ACTIVOS,ADQUISICION DE SERVICIOS,No Aplica,No Aplica,No Aplica,No Aplica,No Aplica,VIGENCIA ACTUAL,ENTIDADES DIFERENTES A ENTIDADES TERRITORIALES - UNIDAD DE SALUD,NO DEFINIDO,NO DEFINIDO,NO DEFINIDO,,,2022,Tercer Trimestre,eje_gasto,,,,NO DEFINIDO,NO DEFINIDO,,,,,,NO DEFINIDO,,,,,,NO DEFINIDO,NO DEFINIDO,NO DEFINIDO,1670910845.0,1327746474.0,1327346474.0
11965932,20211201,124205000,E.S.E. Hospital San Fernando - Amagá,2.1.1.01.01.001,FACTORES SALARIALES COMUNES,GASTOS,FUNCIONAMIENTO,GASTOS DE PERSONAL,PLANTA DE PERSONAL PERMANENTE,FACTORES CONSTITUTIVOS DE SALARIO,FACTORES SALARIALES COMUNES,No Aplica,No Aplica,No Aplica,No Aplica,VIGENCIA ACTUAL,ENTIDADES DIFERENTES A ENTIDADES TERRITORIALES - GESTION GENERAL,NO DEFINIDO,NO DEFINIDO,NO DEFINIDO,,,2021,Cuarto Trimestre,eje_gasto,,,,NO DEFINIDO,NO DEFINIDO,,,,,,NO DEFINIDO,,,,,,NO DEFINIDO,NO DEFINIDO,NO DEFINIDO,2110388364.0,2110388364.0,1422551247.0
11968592,20211201,124205000,E.S.E. Hospital San Fernando - Amagá,2.4.5.01.03,"OTROS BIENES TRANSPORTABLES EXCEPTO PRODUCTOS METALICOS, MAQUINARIA Y EQUIPO",GASTOS,GASTOS DE OPERACION COMERCIAL,GASTOS DE COMERCIALIZACION Y PRODUCCION,MATERIALES Y SUMINISTROS,"OTROS BIENES TRANSPORTABLES EXCEPTO PRODUCTOS METALICOS, MAQUINARIA Y EQUIPO",No Aplica,No Aplica,No Aplica,No Aplica,No Aplica,VIGENCIA ACTUAL,ENTIDADES DIFERENTES A ENTIDADES TERRITORIALES - GESTION GENERAL,NO DEFINIDO,NO DEFINIDO,SALUD Y PROTECCION SOCIAL,,,2021,Cuarto Trimestre,eje_gasto,,,,COMERCIO AL POR MAYOR EXCEPTO EL REALIZADO A CAMBIO DE UNA RETRIBUCION O POR CONTRATA DE PRODUCTOS FARMACEUTICOS,OTRAS CONTRIBUCIONES CON DESTINACION ESPECIFICA LEGAL,,,,,,NO APLICA,,,,,,CON SITUACION DE FONDOS,NO APLICA,NO DEFINIDO,758964986.0,758964986.0,231365002.0
11971347,20210301,124205000,E.S.E. Hospital San Fernando - Amagá,2.1.1.01.03.001.03,BONIFICACION ESPECIAL DE RECREACION,GASTOS,FUNCIONAMIENTO,GASTOS DE PERSONAL,PLANTA DE PERSONAL PERMANENTE,REMUNERACIONES NO CONSTITUTIVAS DE FACTOR SALARIAL,PRESTACIONES SOCIALES,BONIFICACION ESPECIAL DE RECREACION,No Aplica,No Aplica,No Aplica,VIGENCIA ACTUAL,ENTIDADES DIFERENTES A ENTIDADES TERRITORIALES - GESTION GENERAL,NO DEFINIDO,NO DEFINIDO,SALUD Y PROTECCION SOCIAL,,,2021,Primer Trimestre,eje_gasto,,,,NO APLICA,1.2.3.2.09 - VENTA DE BIENES Y SERVICIOS,,,,,,NO APLICA,,,,,,CON SITUACION DE FONDOS,NO APLICA,NO DEFINIDO,1524468.0,1524468.0,303648.0
11972763,20210901,124205000,E.S.E. Hospital San Fernando - Amagá,2.4.5.01.03,"OTROS BIENES TRANSPORTABLES EXCEPTO PRODUCTOS METALICOS, MAQUINARIA Y EQUIPO",GASTOS,GASTOS DE OPERACION COMERCIAL,GASTOS DE COMERCIALIZACION Y PRODUCCION,MATERIALES Y SUMINISTROS,"OTROS BIENES TRANSPORTABLES EXCEPTO PRODUCTOS METALICOS, MAQUINARIA Y EQUIPO",No Aplica,No Aplica,No Aplica,No Aplica,No Aplica,VIGENCIA ACTUAL,ENTIDADES DIFERENTES A ENTIDADES TERRITORIALES - GESTION GENERAL,NO DEFINIDO,NO DEFINIDO,SALUD Y PROTECCION SOCIAL,,,2021,Tercer Trimestre,eje_gasto,,,,61173 - COMERCIO AL POR MAYOR (EXCEPTO EL REALIZADO A CAMBIO DE UNA RETRIBUCIÓN O POR CONTRATA) DE PRODUCTOS FARMACÉUTICOS,1.2.3.2.09 - VENTA DE BIENES Y SERVICIOS,,,,,,NO APLICA,,,,,,CON SITUACION DE FONDOS,NO APLICA,NO DEFINIDO,562886029.0,562886029.0,157293373.0
11975707,20220901,124205000,E.S.E. Hospital San Fernando - Amagá,2.1.1.02.01.001.04,SUBSIDIO DE ALIMENTACION,GASTOS,FUNCIONAMIENTO,GASTOS DE PERSONAL,PERSONAL SUPERNUMERARIO Y PLANTA TEMPORAL,FACTORES CONSTITUTIVOS DE SALARIO,FACTORES SALARIALES COMUNES,SUBSIDIO DE ALIMENTACION,No Aplica,No Aplica,No Aplica,VIGENCIA ACTUAL,ENTIDADES DIFERENTES A ENTIDADES TERRITORIALES - UNIDAD DE SALUD,NO DEFINIDO,NO DEFINIDO,SALUD Y PROTECCION SOCIAL,,,2022,Tercer Trimestre,eje_gasto,,,,NO APLICA,R.B. VENTA DE BIENES Y SERVICIOS,,,,,,NO APLICA,,,,,,SIN SITUACION DE FONDOS,NO APLICA,NO DEFINIDO,11114298.0,11114298.0,6619235.0
11975854,20210601,124205000,E.S.E. Hospital San Fernando - Amagá,2.1.1.01.01.001.06,PRIMA DE SERVICIO,GASTOS,FUNCIONAMIENTO,GASTOS DE PERSONAL,PLANTA DE PERSONAL PERMANENTE,FACTORES CONSTITUTIVOS DE SALARIO,FACTORES SALARIALES COMUNES,PRIMA DE SERVICIO,No Aplica,No Aplica,No Aplica,VIGENCIA ACTUAL,ENTIDADES DIFERENTES A ENTIDADES TERRITORIALES - GESTION GENERAL,NO DEFINIDO,NO DEFINIDO,SALUD Y PROTECCION SOCIAL,,,2021,Segundo Trimestre,eje_gasto,,,,NO APLICA,1.2.3.2.09 - VENTA DE BIENES Y SERVICIOS,,,,,,NO APLICA,,,,,,CON SITUACION DE FONDOS,NO APLICA,NO DEFINIDO,64020015.0,64020015.0,0.0
11981910,20210301,124205000,E.S.E. Hospital San Fernando - Amagá,2.1.1.01.01.001.04,SUBSIDIO DE ALIMENTACION,GASTOS,FUNCIONAMIENTO,GASTOS DE PERSONAL,PLANTA DE PERSONAL PERMANENTE,FACTORES CONSTITUTIVOS DE SALARIO,FACTORES SALARIALES COMUNES,SUBSIDIO DE ALIMENTACION,No Aplica,No Aplica,No Aplica,VIGENCIA ACTUAL,ENTIDADES DIFERENTES A ENTIDADES TERRITORIALES - GESTION GENERAL,NO DEFINIDO,NO DEFINIDO,SALUD Y PROTECCION SOCIAL,,,2021,Primer Trimestre,eje_gasto,,,,NO APLICA,1.2.3.2.09 - VENTA DE BIENES Y SERVICIOS,,,,,,NO APLICA,,,,,,CON SITUACION DE FONDOS,NO APLICA,NO DEFINIDO,7101077.0,7101077.0,2631265.0
11984342,20220301,124205000,E.S.E. Hospital San Fernando - Amagá,2.4.5.02.06,"COMERCIO Y DISTRIBUCION; ALOJAMIENTO; SERVICIOS DE SUMINISTRO DE COMIDAS Y BEBIDAS; SERVICIOS DE TRANSPORTE; Y SERVICIOS DE DISTRIBUCION DE ELECTRICIDAD, GAS Y AGUA",GASTOS,GASTOS DE OPERACION COMERCIAL,GASTOS DE COMERCIALIZACION Y PRODUCCION,ADQUISICION DE SERVICIOS,"COMERCIO Y DISTRIBUCION; ALOJAMIENTO; SERVICIOS DE SUMINISTRO DE COMIDAS Y BEBIDAS; SERVICIOS DE TRANSPORTE; Y SERVICIOS DE DISTRIBUCION DE ELECTRICIDAD, GAS Y AGUA",No Aplica,No Aplica,No Aplica,No Aplica,No Aplica,VIGENCIA ACTUAL,ENTIDADES DIFERENTES A ENTIDADES TERRITORIALES - UNIDAD DE SALUD,NO DEFINIDO,NO DEFINIDO,SALUD Y PROTECCION SOCIAL,,,2022,Primer Trimestre,eje_gasto,,,,SERVICIOS DE LA ADMINISTRACION PUBLICA RELACIONADOS CON LA SALUD,R.B. VENTA DE BIENES Y SERVICIOS,,,,,,NO APLICA,,,,,,SIN SITUACION DE FONDOS,NO APLICA,NO DEFINIDO,11361092.0,11361092.0,11361092.0
11987676,20221201,124205000,E.S.E. Hospital San Fernando - Amagá,2.1.1.01.02.001,APORTES A LA SEGURIDAD SOCIAL EN PENSIONES,GASTOS,FUNCIONAMIENTO,GASTOS DE PERSONAL,PLANTA DE PERSONAL PERMANENTE,CONTRIBUCIONES INHERENTES A LA NOMINA,APORTES A LA SEGURIDAD SOCIAL EN PENSIONES,No Aplica,No Aplica,No Aplica,No Aplica,VIGENCIA ACTUAL,ENTIDADES DIFERENTES A ENTIDADES TERRITORIALES - UNIDAD DE SALUD,NO DEFINIDO,NO DEFINIDO,SALUD Y PROTECCION SOCIAL,,,2022,Cuarto Trimestre,eje_gasto,,,,NO APLICA,R.B. VENTA DE BIENES Y SERVICIOS,,,,,,NO APLICA,,,,,,SIN SITUACION DE FONDOS,NO APLICA,NO DEFINIDO,214961452.0,214961452.0,212312425.0
11992259,20221201,124205000,E.S.E. Hospital San Fernando - Amagá,2.1.1.01.02.006,APORTES AL ICBF,GASTOS,FUNCIONAMIENTO,GASTOS DE PERSONAL,PLANTA DE PERSONAL PERMANENTE,CONTRIBUCIONES INHERENTES A LA NOMINA,APORTES AL ICBF,No Aplica,No Aplica,No Aplica,No Aplica,VIGENCIA ACTUAL,ENTIDADES DIFERENTES A ENTIDADES TERRITORIALES - UNIDAD DE SALUD,NO DEFINIDO,NO DEFINIDO,SALUD Y PROTECCION SOCIAL,,,2022,Cuarto Trimestre,eje_gasto,,,,NO APLICA,R.B. VENTA DE BIENES Y SERVICIOS,,,,,,NO APLICA,,,,,,SIN SITUACION DE FONDOS,NO APLICA,NO DEFINIDO,52442800.0,52442800.0,47596600.0
11995299,20210601,124205000,E.S.E. Hospital San Fernando - Amagá,2.1.1.01.01,FACTORES CONSTITUTIVOS DE SALARIO,GASTOS,FUNCIONAMIENTO,GASTOS DE PERSONAL,PLANTA DE PERSONAL PERMANENTE,FACTORES CONSTITUTIVOS DE SALARIO,No Aplica,No Aplica,No Aplica,No Aplica,No Aplica,VIGENCIA ACTUAL,ENTIDADES DIFERENTES A ENTIDADES TERRITORIALES - GESTION GENERAL,NO DEFINIDO,NO DEFINIDO,NO DEFINIDO,,,2021,Segundo Trimestre,eje_gasto,,,,NO DEFINIDO,NO DEFINIDO,,,,,,NO DEFINIDO,,,,,,NO DEFINIDO,NO DEFINIDO,NO DEFINIDO,1013767112.0,1013764112.0,505541884.0
12004410,20221201,124205000,E.S.E. Hospital San Fernando - Amagá,2.1.2,ADQUISICION DE BIENES Y SERVICIOS,GASTOS,FUNCIONAMIENTO,ADQUISICION DE BIENES Y SERVICIOS,No Aplica,No Aplica,No Aplica,No Aplica,No Aplica,No Aplica,No Aplica,VIGENCIA ACTUAL,ENTIDADES DIFERENTES A ENTIDADES TERRITORIALES - UNIDAD DE SALUD,NO DEFINIDO,NO DEFINIDO,NO DEFINIDO,,,2022,Cuarto Trimestre,eje_gasto,,,,NO DEFINIDO,NO DEFINIDO,,,,,,NO DEFINIDO,,,,,,NO DEFINIDO,NO DEFINIDO,NO DEFINIDO,2059231941.0,2010126588.0,1810213432.0
12004630,20210601,124205000,E.S.E. Hospital San Fernando - Amagá,2.1.8.04.07,CONTRIBUCION DE VIGILANCIA - SUPERINTENDENCIA NACIONAL DE SALUD,GASTOS,FUNCIONAMIENTO,"GASTOS POR TRIBUTOS, TASAS, CONTRIBUCIONES, MULTAS, SANCIONES E INTERESES DE MORA",CONTRIBUCIONES,CONTRIBUCION DE VIGILANCIA - SUPERINTENDENCIA NACIONAL DE SALUD,No Aplica,No Aplica,No Aplica,No Aplica,No Aplica,VIGENCIA ACTUAL,ENTIDADES DIFERENTES A ENTIDADES TERRITORIALES - GESTION GENERAL,NO DEFINIDO,NO DEFINIDO,SALUD Y PROTECCION SOCIAL,,,2021,Segundo Trimestre,eje_gasto,,,,NO APLICA,1.2.3.2.09 - VENTA DE BIENES Y SERVICIOS,,,,,,NO APLICA,,,,,,CON SITUACION DE FONDOS,NO APLICA,NO DEFINIDO,5987314.0,5987314.0,5987314.0
12006931,20230601,124205000,E.S.E. Hospital San Fernando - Amagá,2.1.1.01.01.001.05,AUXILIO DE TRANSPORTE,GASTOS,FUNCIONAMIENTO,GASTOS DE PERSONAL,PLANTA DE PERSONAL PERMANENTE,FACTORES CONSTITUTIVOS DE SALARIO,FACTORES SALARIALES COMUNES,AUXILIO DE TRANSPORTE,No Aplica,No Aplica,No Aplica,VIGENCIA ACTUAL,ENTIDADES TERRITORIALES - SALUD,NO DEFINIDO,NO DEFINIDO,SALUD Y PROTECCION SOCIAL,,,2023,Segundo Trimestre,eje_gasto,,,,NO APLICA,R.B. VENTA DE BIENES Y SERVICIOS,,,,,,NO APLICA,,,,,,SIN SITUACION DE FONDOS,NO APLICA,NO DEFINIDO,11121959.0,11121959.0,9555311.0
12018601,20210601,124205000,E.S.E. Hospital San Fernando - Amagá,2.1.3.07.02.003.02,BONOS PENSIONALES A CARGO DE LA ENTIDAD DE PENSIONES,GASTOS,FUNCIONAMIENTO,TRANSFERENCIAS CORRIENTES,PRESTACIONES PARA CUBRIR RIESGOS SOCIALES,PRESTACIONES SOCIALES RELACIONADAS CON EL EMPLEO,BONOS PENSIONALES DE PENSIONES,BONOS PENSIONALES A CARGO DE LA ENTIDAD DE PENSIONES,No Aplica,No Aplica,No Aplica,VIGENCIA ACTUAL,ENTIDADES DIFERENTES A ENTIDADES TERRITORIALES - GESTION GENERAL,NO DEFINIDO,NO DEFINIDO,SALUD Y PROTECCION SOCIAL,,,2021,Segundo Trimestre,eje_gasto,,,,NO APLICA,1.2.3.2.09 - VENTA DE BIENES Y SERVICIOS,,,,,,NO APLICA,,,,,,CON SITUACION DE FONDOS,NO APLICA,NO DEFINIDO,831427.0,831427.0,831427.0
12036064,20211201,124205000,E.S.E. Hospital San Fernando - Amagá,2.1.8,"GASTOS POR TRIBUTOS, TASAS, CONTRIBUCIONES, MULTAS, SANCIONES E INTERESES DE MORA",GASTOS,FUNCIONAMIENTO,"GASTOS POR TRIBUTOS, TASAS, CONTRIBUCIONES, MULTAS, SANCIONES E INTERESES DE MORA",No Aplica,No Aplica,No Aplica,No Aplica,No Aplica,No Aplica,No Aplica,VIGENCIA ACTUAL,ENTIDADES DIFERENTES A ENTIDADES TERRITORIALES - GESTION GENERAL,NO DEFINIDO,NO DEFINIDO,NO DEFINIDO,,,2021,Cuarto Trimestre,eje_gasto,,,,NO DEFINIDO,NO DEFINIDO,,,,,,NO DEFINIDO,,,,,,NO DEFINIDO,NO DEFINIDO,NO DEFINIDO,5987314.0,5987314.0,5987314.0
12039247,20220901,124205000,E.S.E. Hospital San Fernando - Amagá,2.1.1.01.03,REMUNERACIONES NO CONSTITUTIVAS DE FACTOR SALARIAL,GASTOS,FUNCIONAMIENTO,GASTOS DE PERSONAL,PLANTA DE PERSONAL PERMANENTE,REMUNERACIONES NO CONSTITUTIVAS DE FACTOR SALARIAL,No Aplica,No Aplica,No Aplica,No Aplica,No Aplica,VIGENCIA ACTUAL,ENTIDADES DIFERENTES A ENTIDADES TERRITORIALES - UNIDAD DE SALUD,NO DEFINIDO,NO DEFINIDO,NO DEFINIDO,,,2022,Tercer Trimestre,eje_gasto,,,,NO DEFINIDO,NO DEFINIDO,,,,,,NO DEFINIDO,,,,,,NO DEFINIDO,NO DEFINIDO,NO DEFINIDO,84099314.0,84099314.0,54052761.0
12043690,20220601,124205000,E.S.E. Hospital San Fernando - Amagá,2.1.8.05.02,INTERESES DE MORA,GASTOS,FUNCIONAMIENTO,"GASTOS POR TRIBUTOS, TASAS, CONTRIBUCIONES, MULTAS, SANCIONES E INTERESES DE MORA","MULTAS, SANCIONES E INTERESES DE MORA",INTERESES DE MORA,No Aplica,No Aplica,No Aplica,No Aplica,No Aplica,VIGENCIA ACTUAL,ENTIDADES DIFERENTES A ENTIDADES TERRITORIALES - UNIDAD DE SALUD,NO DEFINIDO,NO DEFINIDO,SALUD Y PROTECCION SOCIAL,,,2022,Segundo Trimestre,eje_gasto,,,,NO APLICA,R.B. VENTA DE BIENES Y SERVICIOS,,,,,,NO APLICA,,,,,,SIN SITUACION DE FONDOS,NO APLICA,NO DEFINIDO,4000.0,4000.0,4000.0
12044043,20210301,124205000,E.S.E. Hospital San Fernando - Amagá,2.1.3.07.02.001,MESADAS PENSIONALES DE PENSIONES,GASTOS,FUNCIONAMIENTO,TRANSFERENCIAS CORRIENTES,PRESTACIONES PARA CUBRIR RIESGOS SOCIALES,PRESTACIONES SOCIALES RELACIONADAS CON EL EMPLEO,MESADAS PENSIONALES DE PENSIONES,No Aplica,No Aplica,No Aplica,No Aplica,VIGENCIA ACTUAL,ENTIDADES DIFERENTES A ENTIDADES TERRITORIALES - GESTION GENERAL,NO DEFINIDO,NO DEFINIDO,NO DEFINIDO,,,2021,Primer Trimestre,eje_gasto,,,,NO DEFINIDO,NO DEFINIDO,,,,,,NO DEFINIDO,,,,,,NO DEFINIDO,NO DEFINIDO,NO DEFINIDO,2856276.0,2856276.0,1904184.0
12056105,20221201,124205000,E.S.E. Hospital San Fernando - Amagá,2.1.1.01,PLANTA DE PERSONAL PERMANENTE,GASTOS,FUNCIONAMIENTO,GASTOS DE PERSONAL,PLANTA DE PERSONAL PERMANENTE,No Aplica,No Aplica,No Aplica,No Aplica,No Aplica,No Aplica,VIGENCIA ACTUAL,ENTIDADES DIFERENTES A ENTIDADES TERRITORIALES - UNIDAD DE SALUD,NO DEFINIDO,NO DEFINIDO,NO DEFINIDO,,,2022,Cuarto Trimestre,eje_gasto,,,,NO DEFINIDO,NO DEFINIDO,,,,,,NO DEFINIDO,,,,,,NO DEFINIDO,NO DEFINIDO,NO DEFINIDO,2974610266.0,2965507579.0,2692876156.0
12057394,20230601,124205000,E.S.E. Hospital San Fernando - Amagá,2.4.5.01.03,"OTROS BIENES TRANSPORTABLES EXCEPTO PRODUCTOS METALICOS, MAQUINARIA Y EQUIPO",GASTOS,GASTOS DE OPERACION COMERCIAL,GASTOS DE COMERCIALIZACION Y PRODUCCION,MATERIALES Y SUMINISTROS,"OTROS BIENES TRANSPORTABLES EXCEPTO PRODUCTOS METALICOS, MAQUINARIA Y EQUIPO",No Aplica,No Aplica,No Aplica,No Aplica,No Aplica,VIGENCIA ACTUAL,ENTIDADES TERRITORIALES - SALUD,NO DEFINIDO,NO DEFINIDO,SALUD Y PROTECCION SOCIAL,,,2023,Segundo Trimestre,eje_gasto,,,,SERVICIOS MEDICOS GENERALES,R.B. VENTA DE BIENES Y SERVICIOS,,,,,,NO APLICA,,,,,,SIN SITUACION DE FONDOS,NO APLICA,NO DEFINIDO,357601505.0,357601505.0,300583503.0
12060883,20210901,124205000,E.S.E. Hospital San Fernando - Amagá,2.1.7.01,CESANTIAS,GASTOS,FUNCIONAMIENTO,DISMINUCION DE PASIVOS,CESANTIAS,No Aplica,No Aplica,No Aplica,No Aplica,No Aplica,No Aplica,VIGENCIA ACTUAL,ENTIDADES DIFERENTES A ENTIDADES TERRITORIALES - GESTION GENERAL,NO DEFINIDO,NO DEFINIDO,NO DEFINIDO,,,2021,Tercer Trimestre,eje_gasto,,,,NO DEFINIDO,NO DEFINIDO,,,,,,NO DEFINIDO,,,,,,NO DEFINIDO,NO DEFINIDO,NO DEFINIDO,336462.0,336462.0,104475.0
12061626,20210901,124205000,E.S.E. Hospital San Fernando - Amagá,2.4.5,GASTOS DE COMERCIALIZACION Y PRODUCCION,GASTOS,GASTOS DE OPERACION COMERCIAL,GASTOS DE COMERCIALIZACION Y PRODUCCION,No Aplica,No Aplica,No Aplica,No Aplica,No Aplica,No Aplica,No Aplica,CUENTAS POR PAGAR,ENTIDADES DIFERENTES A ENTIDADES TERRITORIALES - GESTION GENERAL,NO DEFINIDO,NO DEFINIDO,NO DEFINIDO,,,2021,Tercer Trimestre,eje_gasto,,,,NO DEFINIDO,NO DEFINIDO,,,,,,NO DEFINIDO,,,,,,NO DEFINIDO,NO DEFINIDO,NO DEFINIDO,149536328.0,149536328.0,149536328.0
12063718,20210901,124205000,E.S.E. Hospital San Fernando - Amagá,2.1.1.01.02.006,APORTES AL ICBF,GASTOS,FUNCIONAMIENTO,GASTOS DE PERSONAL,PLANTA DE PERSONAL PERMANENTE,CONTRIBUCIONES INHERENTES A LA NOMINA,APORTES AL ICBF,No Aplica,No Aplica,No Aplica,No Aplica,CUENTAS POR PAGAR,ENTIDADES DIFERENTES A ENTIDADES TERRITORIALES - GESTION GENERAL,NO DEFINIDO,NO DEFINIDO,SALUD Y PROTECCION SOCIAL,,,2021,Tercer Trimestre,eje_gasto,,,,NO APLICA,1.1.0.0.00 - DISPONIBILIDAD INICIAL,,,,,,NO APLICA,,,,,,CON SITUACION DE FONDOS,NO APLICA,NO DEFINIDO,6241300.0,6241300.0,6241300.0
12069002,20220901,124205000,E.S.E. Hospital San Fernando - Amagá,2.1.1.01.03.001,PRESTACIONES SOCIALES,GASTOS,FUNCIONAMIENTO,GASTOS DE PERSONAL,PLANTA DE PERSONAL PERMANENTE,REMUNERACIONES NO CONSTITUTIVAS DE FACTOR SALARIAL,PRESTACIONES SOCIALES,No Aplica,No Aplica,No Aplica,No Aplica,VIGENCIA ACTUAL,ENTIDADES DIFERENTES A ENTIDADES TERRITORIALES - UNIDAD DE SALUD,NO DEFINIDO,NO DEFINIDO,NO DEFINIDO,,,2022,Tercer Trimestre,eje_gasto,,,,NO DEFINIDO,NO DEFINIDO,,,,,,NO DEFINIDO,,,,,,NO DEFINIDO,NO DEFINIDO,NO DEFINIDO,84099314.0,84099314.0,54052761.0
12073045,20211201,124205000,E.S.E. Hospital San Fernando - Amagá,2.1.7.01.02,CESANTIAS PARCIALES,GASTOS,FUNCIONAMIENTO,DISMINUCION DE PASIVOS,CESANTIAS,CESANTIAS PARCIALES,No Aplica,No Aplica,No Aplica,No Aplica,No Aplica,VIGENCIA ACTUAL,ENTIDADES DIFERENTES A ENTIDADES TERRITORIALES - GESTION GENERAL,NO DEFINIDO,NO DEFINIDO,SALUD Y PROTECCION SOCIAL,,,2021,Cuarto Trimestre,eje_gasto,,,,NO APLICA,OTRAS CONTRIBUCIONES CON DESTINACION ESPECIFICA LEGAL,,,,,,NO APLICA,,,,,,CON SITUACION DE FONDOS,NO APLICA,NO DEFINIDO,18811074.0,18811074.0,618336.0
12076605,20220301,124205000,E.S.E. Hospital San Fernando - Amagá,2.1.2.02.02.006,"COMERCIO Y DISTRIBUCION; ALOJAMIENTO; SERVICIOS DE SUMINISTRO DE COMIDAS Y BEBIDAS; SERVICIOS DE TRANSPORTE; Y SERVICIOS DE DISTRIBUCION DE ELECTRICIDAD, GAS Y AGUA",GASTOS,FUNCIONAMIENTO,ADQUISICION DE BIENES Y SERVICIOS,ADQUISICIONES DIFERENTES DE ACTIVOS,ADQUISICION DE SERVICIOS,"COMERCIO Y DISTRIBUCION; ALOJAMIENTO; SERVICIOS DE SUMINISTRO DE COMIDAS Y BEBIDAS; SERVICIOS DE TRANSPORTE; Y SERVICIOS DE DISTRIBUCION DE ELECTRICIDAD, GAS Y AGUA",No Aplica,No Aplica,No Aplica,No Aplica,VIGENCIA ACTUAL,ENTIDADES DIFERENTES A ENTIDADES TERRITORIALES - UNIDAD DE SALUD,NO DEFINIDO,NO DEFINIDO,SALUD Y PROTECCION SOCIAL,,,2022,Primer Trimestre,eje_gasto,,,,SERVICIOS DE LA ADMINISTRACION PUBLICA RELACIONADOS CON LA SALUD,R.B. VENTA DE BIENES Y SERVICIOS,,,,,,NO APLICA,,,,,,SIN SITUACION DE FONDOS,NO APLICA,NO DEFINIDO,671202.0,671202.0,671202.0
12077690,20210901,124205000,E.S.E. Hospital San Fernando - Amagá,2.1.2.01,ADQUISICION DE ACTIVOS NO FINANCIEROS,GASTOS,FUNCIONAMIENTO,ADQUISICION DE BIENES Y SERVICIOS,ADQUISICION DE ACTIVOS NO FINANCIEROS,No Aplica,No Aplica,No Aplica,No Aplica,No Aplica,No Aplica,VIGENCIA ACTUAL,ENTIDADES DIFERENTES A ENTIDADES TERRITORIALES - GESTION GENERAL,NO DEFINIDO,NO DEFINIDO,NO DEFINIDO,,,2021,Tercer Trimestre,eje_gasto,,,,NO DEFINIDO,NO DEFINIDO,,,,,,NO DEFINIDO,,,,,,NO DEFINIDO,NO DEFINIDO,NO DEFINIDO,10000000.0,10000000.0,10000000.0
12086663,20221201,124205000,E.S.E. Hospital San Fernando - Amagá,2.1.1.01.01.001.08.02,PRIMA DE VACACIONES,GASTOS,FUNCIONAMIENTO,GASTOS DE PERSONAL,PLANTA DE PERSONAL PERMANENTE,FACTORES CONSTITUTIVOS DE SALARIO,FACTORES SALARIALES COMUNES,PRESTACIONES SOCIALES,PRIMA DE VACACIONES,No Aplica,No Aplica,VIGENCIA ACTUAL,ENTIDADES DIFERENTES A ENTIDADES TERRITORIALES - UNIDAD DE SALUD,NO DEFINIDO,NO DEFINIDO,SALUD Y PROTECCION SOCIAL,,,2022,Cuarto Trimestre,eje_gasto,,,,NO APLICA,R.B. VENTA DE BIENES Y SERVICIOS,,,,,,NO APLICA,,,,,,SIN SITUACION DE FONDOS,NO APLICA,NO DEFINIDO,80017290.0,75834974.0,66720668.0
12092787,20220301,124205000,E.S.E. Hospital San Fernando - Amagá,2.1.3.07.02,PRESTACIONES SOCIALES RELACIONADAS CON EL EMPLEO,GASTOS,FUNCIONAMIENTO,TRANSFERENCIAS CORRIENTES,PRESTACIONES PARA CUBRIR RIESGOS SOCIALES,PRESTACIONES SOCIALES RELACIONADAS CON EL EMPLEO,No Aplica,No Aplica,No Aplica,No Aplica,No Aplica,VIGENCIA ACTUAL,ENTIDADES DIFERENTES A ENTIDADES TERRITORIALES - UNIDAD DE SALUD,NO DEFINIDO,NO DEFINIDO,NO DEFINIDO,,,2022,Primer Trimestre,eje_gasto,,,,NO DEFINIDO,NO DEFINIDO,,,,,,NO DEFINIDO,,,,,,NO DEFINIDO,NO DEFINIDO,NO DEFINIDO,2011200.0,2011200.0,2011200.0
12097960,20210901,124205000,E.S.E. Hospital San Fernando - Amagá,2.1.1.01.01.001.08.02,PRIMA DE VACACIONES,GASTOS,FUNCIONAMIENTO,GASTOS DE PERSONAL,PLANTA DE PERSONAL PERMANENTE,FACTORES CONSTITUTIVOS DE SALARIO,FACTORES SALARIALES COMUNES,PRESTACIONES SOCIALES,PRIMA DE VACACIONES,No Aplica,No Aplica,VIGENCIA ACTUAL,ENTIDADES DIFERENTES A ENTIDADES TERRITORIALES - GESTION GENERAL,NO DEFINIDO,NO DEFINIDO,SALUD Y PROTECCION SOCIAL,,,2021,Tercer Trimestre,eje_gasto,,,,NO APLICA,1.2.3.2.09 - VENTA DE BIENES Y SERVICIOS,,,,,,NO APLICA,,,,,,CON SITUACION DE FONDOS,NO APLICA,NO DEFINIDO,37487499.0,37487499.0,21325172.0
12116716,20211201,124205000,E.S.E. Hospital San Fernando - Amagá,2.1.2.01.01.003.02.08,OTRA MAQUINARIA PARA USOS ESPECIALES Y SUS PARTES Y PIEZAS,GASTOS,FUNCIONAMIENTO,ADQUISICION DE BIENES Y SERVICIOS,ADQUISICION DE ACTIVOS NO FINANCIEROS,ACTIVOS FIJOS,MAQUINARIA Y EQUIPO,MAQUINARIA PARA USOS ESPECIALES,OTRA MAQUINARIA PARA USOS ESPECIALES Y SUS PARTES Y PIEZAS,No Aplica,No Aplica,VIGENCIA ACTUAL,ENTIDADES DIFERENTES A ENTIDADES TERRITORIALES - GESTION GENERAL,NO DEFINIDO,NO DEFINIDO,SALUD Y PROTECCION SOCIAL,,,2021,Cuarto Trimestre,eje_gasto,,,,NO APLICA,OTRAS CONTRIBUCIONES CON DESTINACION ESPECIFICA LEGAL,,,,,,NO APLICA,,,,,,CON SITUACION DE FONDOS,NO APLICA,NO DEFINIDO,10000000.0,10000000.0,10000000.0
12118460,20221201,124205000,E.S.E. Hospital San Fernando - Amagá,2.1.1.02.01.001.05,AUXILIO DE TRANSPORTE,GASTOS,FUNCIONAMIENTO,GASTOS DE PERSONAL,PERSONAL SUPERNUMERARIO Y PLANTA TEMPORAL,FACTORES CONSTITUTIVOS DE SALARIO,FACTORES SALARIALES COMUNES,AUXILIO DE TRANSPORTE,No Aplica,No Aplica,No Aplica,VIGENCIA ACTUAL,ENTIDADES DIFERENTES A ENTIDADES TERRITORIALES - UNIDAD DE SALUD,NO DEFINIDO,NO DEFINIDO,SALUD Y PROTECCION SOCIAL,,,2022,Cuarto Trimestre,eje_gasto,,,,NO APLICA,R.B. VENTA DE BIENES Y SERVICIOS,,,,,,NO APLICA,,,,,,SIN SITUACION DE FONDOS,NO APLICA,NO DEFINIDO,1486330.0,1486330.0,1486330.0
12119030,20210301,124205000,E.S.E. Hospital San Fernando - Amagá,2.1.3.07,PRESTACIONES PARA CUBRIR RIESGOS SOCIALES,GASTOS,FUNCIONAMIENTO,TRANSFERENCIAS CORRIENTES,PRESTACIONES PARA CUBRIR RIESGOS SOCIALES,No Aplica,No Aplica,No Aplica,No Aplica,No Aplica,No Aplica,VIGENCIA ACTUAL,ENTIDADES DIFERENTES A ENTIDADES TERRITORIALES - GESTION GENERAL,NO DEFINIDO,NO DEFINIDO,NO DEFINIDO,,,2021,Primer Trimestre,eje_gasto,,,,NO DEFINIDO,NO DEFINIDO,,,,,,NO DEFINIDO,,,,,,NO DEFINIDO,NO DEFINIDO,NO DEFINIDO,3268669.0,3268669.0,2316577.0
12123853,20210301,124205000,E.S.E. Hospital San Fernando - Amagá,2.1.1.01.02.001,APORTES A LA SEGURIDAD SOCIAL EN PENSIONES,GASTOS,FUNCIONAMIENTO,GASTOS DE PERSONAL,PLANTA DE PERSONAL PERMANENTE,CONTRIBUCIONES INHERENTES A LA NOMINA,APORTES A LA SEGURIDAD SOCIAL EN PENSIONES,No Aplica,No Aplica,No Aplica,No Aplica,VIGENCIA ACTUAL,ENTIDADES DIFERENTES A ENTIDADES TERRITORIALES - GESTION GENERAL,NO DEFINIDO,NO DEFINIDO,SALUD Y PROTECCION SOCIAL,,,2021,Primer Trimestre,eje_gasto,,,,NO APLICA,1.2.3.2.09 - VENTA DE BIENES Y SERVICIOS,,,,,,NO APLICA,,,,,,CON SITUACION DE FONDOS,NO APLICA,NO DEFINIDO,52290981.0,52290981.0,35349772.0
12124462,20210601,124205000,E.S.E. Hospital San Fernando - Amagá,2.1.1.01.01.001.01,SUELDO BASICO,GASTOS,FUNCIONAMIENTO,GASTOS DE PERSONAL,PLANTA DE PERSONAL PERMANENTE,FACTORES CONSTITUTIVOS DE SALARIO,FACTORES SALARIALES COMUNES,SUELDO BASICO,No Aplica,No Aplica,No Aplica,CUENTAS POR PAGAR,ENTIDADES DIFERENTES A ENTIDADES TERRITORIALES - GESTION GENERAL,NO DEFINIDO,NO DEFINIDO,SALUD Y PROTECCION SOCIAL,,,2021,Segundo Trimestre,eje_gasto,,,,NO APLICA,1.1.0.0.00 - DISPONIBILIDAD INICIAL,,,,,,NO APLICA,,,,,,CON SITUACION DE FONDOS,NO APLICA,NO DEFINIDO,535151191.0,524788334.0,314695951.0
12133437,20220901,124205000,E.S.E. Hospital San Fernando - Amagá,2.1.1,GASTOS DE PERSONAL,GASTOS,FUNCIONAMIENTO,GASTOS DE PERSONAL,No Aplica,No Aplica,No Aplica,No Aplica,No Aplica,No Aplica,No Aplica,VIGENCIA ACTUAL,ENTIDADES DIFERENTES A ENTIDADES TERRITORIALES - UNIDAD DE SALUD,NO DEFINIDO,NO DEFINIDO,NO DEFINIDO,,,2022,Tercer Trimestre,eje_gasto,,,,NO DEFINIDO,NO DEFINIDO,,,,,,NO DEFINIDO,,,,,,NO DEFINIDO,NO DEFINIDO,NO DEFINIDO,1979719001.0,1970616314.0,1783296129.0
12135336,20220601,124205000,E.S.E. Hospital San Fernando - Amagá,2.1.1.01.02,CONTRIBUCIONES INHERENTES A LA NOMINA,GASTOS,FUNCIONAMIENTO,GASTOS DE PERSONAL,PLANTA DE PERSONAL PERMANENTE,CONTRIBUCIONES INHERENTES A LA NOMINA,No Aplica,No Aplica,No Aplica,No Aplica,No Aplica,VIGENCIA ACTUAL,ENTIDADES DIFERENTES A ENTIDADES TERRITORIALES - UNIDAD DE SALUD,NO DEFINIDO,NO DEFINIDO,NO DEFINIDO,,,2022,Segundo Trimestre,eje_gasto,,,,NO DEFINIDO,NO DEFINIDO,,,,,,NO DEFINIDO,,,,,,NO DEFINIDO,NO DEFINIDO,NO DEFINIDO,269600796.0,269600796.0,263133731.0
12138382,20210601,124205000,E.S.E. Hospital San Fernando - Amagá,2.4,GASTOS DE OPERACION COMERCIAL,GASTOS,GASTOS DE OPERACION COMERCIAL,No Aplica,No Aplica,No Aplica,No Aplica,No Aplica,No Aplica,No Aplica,No Aplica,CUENTAS POR PAGAR,ENTIDADES DIFERENTES A ENTIDADES TERRITORIALES - GESTION GENERAL,NO DEFINIDO,NO DEFINIDO,NO DEFINIDO,,,2021,Segundo Trimestre,eje_gasto,,,,NO DEFINIDO,NO DEFINIDO,,,,,,NO DEFINIDO,,,,,,NO DEFINIDO,NO DEFINIDO,NO DEFINIDO,145101831.0,145101831.0,131750418.0
12141150,20220601,124205000,E.S.E. Hospital San Fernando - Amagá,2.1.1.01.02.007,APORTES AL SENA,GASTOS,FUNCIONAMIENTO,GASTOS DE PERSONAL,PLANTA DE PERSONAL PERMANENTE,CONTRIBUCIONES INHERENTES A LA NOMINA,APORTES AL SENA,No Aplica,No Aplica,No Aplica,No Aplica,VIGENCIA ACTUAL,ENTIDADES DIFERENTES A ENTIDADES TERRITORIALES - UNIDAD DE SALUD,NO DEFINIDO,NO DEFINIDO,SALUD Y PROTECCION SOCIAL,,,2022,Segundo Trimestre,eje_gasto,,,,NO APLICA,R.B. VENTA DE BIENES Y SERVICIOS,,,,,,NO APLICA,,,,,,SIN SITUACION DE FONDOS,NO APLICA,NO DEFINIDO,16492100.0,16492100.0,16492100.0
12146713,20220301,124205000,E.S.E. Hospital San Fernando - Amagá,2.1.1.01.01,FACTORES CONSTITUTIVOS DE SALARIO,GASTOS,FUNCIONAMIENTO,GASTOS DE PERSONAL,PLANTA DE PERSONAL PERMANENTE,FACTORES CONSTITUTIVOS DE SALARIO,No Aplica,No Aplica,No Aplica,No Aplica,No Aplica,VIGENCIA ACTUAL,ENTIDADES DIFERENTES A ENTIDADES TERRITORIALES - UNIDAD DE SALUD,NO DEFINIDO,NO DEFINIDO,NO DEFINIDO,,,2022,Primer Trimestre,eje_gasto,,,,NO DEFINIDO,NO DEFINIDO,,,,,,NO DEFINIDO,,,,,,NO DEFINIDO,NO DEFINIDO,NO DEFINIDO,117406432.0,117406432.0,117406432.0
12149387,20220301,124205000,E.S.E. Hospital San Fernando - Amagá,2.1.1.01.01.001.05,AUXILIO DE TRANSPORTE,GASTOS,FUNCIONAMIENTO,GASTOS DE PERSONAL,PLANTA DE PERSONAL PERMANENTE,FACTORES CONSTITUTIVOS DE SALARIO,FACTORES SALARIALES COMUNES,AUXILIO DE TRANSPORTE,No Aplica,No Aplica,No Aplica,VIGENCIA ACTUAL,ENTIDADES DIFERENTES A ENTIDADES TERRITORIALES - UNIDAD DE SALUD,NO DEFINIDO,NO DEFINIDO,SALUD Y PROTECCION SOCIAL,,,2022,Primer Trimestre,eje_gasto,,,,NO APLICA,R.B. VENTA DE BIENES Y SERVICIOS,,,,,,NO APLICA,,,,,,SIN SITUACION DE FONDOS,NO APLICA,NO DEFINIDO,1089875.0,1089875.0,1089875.0
12150466,20211201,124205000,E.S.E. Hospital San Fernando - Amagá,2.4.5.01.03,"OTROS BIENES TRANSPORTABLES EXCEPTO PRODUCTOS METALICOS, MAQUINARIA Y EQUIPO",GASTOS,GASTOS DE OPERACION COMERCIAL,GASTOS DE COMERCIALIZACION Y PRODUCCION,MATERIALES Y SUMINISTROS,"OTROS BIENES TRANSPORTABLES EXCEPTO PRODUCTOS METALICOS, MAQUINARIA Y EQUIPO",No Aplica,No Aplica,No Aplica,No Aplica,No Aplica,CUENTAS POR PAGAR,ENTIDADES DIFERENTES A ENTIDADES TERRITORIALES - GESTION GENERAL,NO DEFINIDO,NO DEFINIDO,SALUD Y PROTECCION SOCIAL,,,2021,Cuarto Trimestre,eje_gasto,,,,COMERCIO AL POR MAYOR EXCEPTO EL REALIZADO A CAMBIO DE UNA RETRIBUCION O POR CONTRATA DE PRODUCTOS FARMACEUTICOS,OTRAS CONTRIBUCIONES CON DESTINACION ESPECIFICA LEGAL,,,,,,NO APLICA,,,,,,CON SITUACION DE FONDOS,NO APLICA,NO DEFINIDO,14746802.0,14746802.0,14746802.0
12159903,20210901,124205000,E.S.E. Hospital San Fernando - Amagá,2.1.1.01.02.005,APORTES GENERALES AL SISTEMA DE RIESGOS LABORALES,GASTOS,FUNCIONAMIENTO,GASTOS DE PERSONAL,PLANTA DE PERSONAL PERMANENTE,CONTRIBUCIONES INHERENTES A LA NOMINA,APORTES GENERALES AL SISTEMA DE RIESGOS LABORALES,No Aplica,No Aplica,No Aplica,No Aplica,VIGENCIA ACTUAL,ENTIDADES DIFERENTES A ENTIDADES TERRITORIALES - GESTION GENERAL,NO DEFINIDO,NO DEFINIDO,SALUD Y PROTECCION SOCIAL,,,2021,Tercer Trimestre,eje_gasto,,,,NO APLICA,1.2.3.2.09 - VENTA DE BIENES Y SERVICIOS,,,,,,NO APLICA,,,,,,CON SITUACION DE FONDOS,NO APLICA,NO DEFINIDO,26364200.0,26364200.0,23602600.0
12166257,20210601,124205000,E.S.E. Hospital San Fernando - Amagá,2.1.1.01.02.006,APORTES AL ICBF,GASTOS,FUNCIONAMIENTO,GASTOS DE PERSONAL,PLANTA DE PERSONAL PERMANENTE,CONTRIBUCIONES INHERENTES A LA NOMINA,APORTES AL ICBF,No Aplica,No Aplica,No Aplica,No Aplica,VIGENCIA ACTUAL,ENTIDADES DIFERENTES A ENTIDADES TERRITORIALES - GESTION GENERAL,NO DEFINIDO,NO DEFINIDO,SALUD Y PROTECCION SOCIAL,,,2021,Segundo Trimestre,eje_gasto,,,,NO APLICA,1.2.3.2.09 - VENTA DE BIENES Y SERVICIOS,,,,,,NO APLICA,,,,,,CON SITUACION DE FONDOS,NO APLICA,NO DEFINIDO,25574000.0,25574000.0,21432900.0
12168150,20230601,124205000,E.S.E. Hospital San Fernando - Amagá,2.1.1.01.01.001,FACTORES SALARIALES COMUNES,GASTOS,FUNCIONAMIENTO,GASTOS DE PERSONAL,PLANTA DE PERSONAL PERMANENTE,FACTORES CONSTITUTIVOS DE SALARIO,FACTORES SALARIALES COMUNES,No Aplica,No Aplica,No Aplica,No Aplica,VIGENCIA ACTUAL,ENTIDADES TERRITORIALES - SALUD,NO DEFINIDO,NO DEFINIDO,NO DEFINIDO,,,2023,Segundo Trimestre,eje_gasto,,,,NO DEFINIDO,NO DEFINIDO,,,,,,NO DEFINIDO,,,,,,NO DEFINIDO,NO DEFINIDO,NO DEFINIDO,1192904148.0,1192904148.0,952114226.0
12171019,20220901,124205000,E.S.E. Hospital San Fernando - Amagá,2.1.2.02.01,MATERIALES Y SUMINISTROS,GASTOS,FUNCIONAMIENTO,ADQUISICION DE BIENES Y SERVICIOS,ADQUISICIONES DIFERENTES DE ACTIVOS,MATERIALES Y SUMINISTROS,No Aplica,No Aplica,No Aplica,No Aplica,No Aplica,VIGENCIA ACTUAL,ENTIDADES DIFERENTES A ENTIDADES TERRITORIALES - UNIDAD DE SALUD,NO DEFINIDO,NO DEFINIDO,NO DEFINIDO,,,2022,Tercer Trimestre,eje_gasto,,,,NO DEFINIDO,NO DEFINIDO,,,,,,NO DEFINIDO,,,,,,NO DEFINIDO,NO DEFINIDO,NO DEFINIDO,88736410.0,88736410.0,80761241.0
12173235,20210601,124205000,E.S.E. Hospital San Fernando - Amagá,2.4.5,GASTOS DE COMERCIALIZACION Y PRODUCCION,GASTOS,GASTOS DE OPERACION COMERCIAL,GASTOS DE COMERCIALIZACION Y PRODUCCION,No Aplica,No Aplica,No Aplica,No Aplica,No Aplica,No Aplica,No Aplica,VIGENCIA ACTUAL,ENTIDADES DIFERENTES A ENTIDADES TERRITORIALES - GESTION GENERAL,NO DEFINIDO,NO DEFINIDO,NO DEFINIDO,,,2021,Segundo Trimestre,eje_gasto,,,,NO DEFINIDO,NO DEFINIDO,,,,,,NO DEFINIDO,,,,,,NO DEFINIDO,NO DEFINIDO,NO DEFINIDO,376965679.0,376965679.0,52555928.0
12176033,20230301,124205000,E.S.E. Hospital San Fernando - Amagá,2.4,GASTOS DE OPERACION COMERCIAL,GASTOS,GASTOS DE OPERACION COMERCIAL,No Aplica,No Aplica,No Aplica,No Aplica,No Aplica,No Aplica,No Aplica,No Aplica,VIGENCIA ACTUAL,ENTIDADES DIFERENTES A ENTIDADES TERRITORIALES - UNIDAD DE SALUD,NO DEFINIDO,NO DEFINIDO,NO DEFINIDO,,,2023,Primer Trimestre,eje_gasto,,,,NO DEFINIDO,NO DEFINIDO,,,,,,NO DEFINIDO,,,,,,NO DEFINIDO,NO DEFINIDO,NO DEFINIDO,120328114.0,120328114.0,120328114.0
12177266,20220601,124205000,E.S.E. Hospital San Fernando - Amagá,2.1.1.01.03.001.03,BONIFICACION ESPECIAL DE RECREACION,GASTOS,FUNCIONAMIENTO,GASTOS DE PERSONAL,PLANTA DE PERSONAL PERMANENTE,REMUNERACIONES NO CONSTITUTIVAS DE FACTOR SALARIAL,PRESTACIONES SOCIALES,BONIFICACION ESPECIAL DE RECREACION,No Aplica,No Aplica,No Aplica,VIGENCIA ACTUAL,ENTIDADES DIFERENTES A ENTIDADES TERRITORIALES - UNIDAD DE SALUD,NO DEFINIDO,NO DEFINIDO,SALUD Y PROTECCION SOCIAL,,,2022,Segundo Trimestre,eje_gasto,,,,NO APLICA,R.B. VENTA DE BIENES Y SERVICIOS,,,,,,NO APLICA,,,,,,SIN SITUACION DE FONDOS,NO APLICA,NO DEFINIDO,5343725.0,5343725.0,4082590.0
12179601,20211201,124205000,E.S.E. Hospital San Fernando - Amagá,2.1.1.01,PLANTA DE PERSONAL PERMANENTE,GASTOS,FUNCIONAMIENTO,GASTOS DE PERSONAL,PLANTA DE PERSONAL PERMANENTE,No Aplica,No Aplica,No Aplica,No Aplica,No Aplica,No Aplica,VIGENCIA ACTUAL,ENTIDADES DIFERENTES A ENTIDADES TERRITORIALES - GESTION GENERAL,NO DEFINIDO,NO DEFINIDO,NO DEFINIDO,,,2021,Cuarto Trimestre,eje_gasto,,,,NO DEFINIDO,NO DEFINIDO,,,,,,NO DEFINIDO,,,,,,NO DEFINIDO,NO DEFINIDO,NO DEFINIDO,2821851105.0,2821851105.0,1925265148.0
12180716,20221201,124205000,E.S.E. Hospital San Fernando - Amagá,2.1.1.01.01,FACTORES CONSTITUTIVOS DE SALARIO,GASTOS,FUNCIONAMIENTO,GASTOS DE PERSONAL,PLANTA DE PERSONAL PERMANENTE,FACTORES CONSTITUTIVOS DE SALARIO,No Aplica,No Aplica,No Aplica,No Aplica,No Aplica,VIGENCIA ACTUAL,ENTIDADES DIFERENTES A ENTIDADES TERRITORIALES - UNIDAD DE SALUD,NO DEFINIDO,NO DEFINIDO,NO DEFINIDO,,,2022,Cuarto Trimestre,eje_gasto,,,,NO DEFINIDO,NO DEFINIDO,,,,,,NO DEFINIDO,,,,,,NO DEFINIDO,NO DEFINIDO,NO DEFINIDO,2108369719.0,2099267032.0,1896863697.0
12181641,20210301,124205000,E.S.E. Hospital San Fernando - Amagá,2.4.5.01.03,"OTROS BIENES TRANSPORTABLES EXCEPTO PRODUCTOS METALICOS, MAQUINARIA Y EQUIPO",GASTOS,GASTOS DE OPERACION COMERCIAL,GASTOS DE COMERCIALIZACION Y PRODUCCION,MATERIALES Y SUMINISTROS,"OTROS BIENES TRANSPORTABLES EXCEPTO PRODUCTOS METALICOS, MAQUINARIA Y EQUIPO",No Aplica,No Aplica,No Aplica,No Aplica,No Aplica,CUENTAS POR PAGAR,ENTIDADES DIFERENTES A ENTIDADES TERRITORIALES - GESTION GENERAL,NO DEFINIDO,NO DEFINIDO,SALUD Y PROTECCION SOCIAL,,,2021,Primer Trimestre,eje_gasto,,,,61173 - COMERCIO AL POR MAYOR (EXCEPTO EL REALIZADO A CAMBIO DE UNA RETRIBUCIÓN O POR CONTRATA) DE PRODUCTOS FARMACÉUTICOS,1.1.0.0.00 - DISPONIBILIDAD INICIAL,,,,,,NO APLICA,,,,,,CON SITUACION DE FONDOS,NO APLICA,NO DEFINIDO,87422941.0,87422911.0,74937162.0
12183855,20210901,124205000,E.S.E. Hospital San Fernando - Amagá,2.1.1.01.02,CONTRIBUCIONES INHERENTES A LA NOMINA,GASTOS,FUNCIONAMIENTO,GASTOS DE PERSONAL,PLANTA DE PERSONAL PERMANENTE,CONTRIBUCIONES INHERENTES A LA NOMINA,No Aplica,No Aplica,No Aplica,No Aplica,No Aplica,VIGENCIA ACTUAL,ENTIDADES DIFERENTES A ENTIDADES TERRITORIALES - GESTION GENERAL,NO DEFINIDO,NO DEFINIDO,NO DEFINIDO,,,2021,Tercer Trimestre,eje_gasto,,,,NO DEFINIDO,NO DEFINIDO,,,,,,NO DEFINIDO,,,,,,NO DEFINIDO,NO DEFINIDO,NO DEFINIDO,417164344.0,417164344.0,368494105.0
12185594,20210301,124205000,E.S.E. Hospital San Fernando - Amagá,2.1.2.02.02,ADQUISICION DE SERVICIOS,GASTOS,FUNCIONAMIENTO,ADQUISICION DE BIENES Y SERVICIOS,ADQUISICIONES DIFERENTES DE ACTIVOS,ADQUISICION DE SERVICIOS,No Aplica,No Aplica,No Aplica,No Aplica,No Aplica,VIGENCIA ACTUAL,ENTIDADES DIFERENTES A ENTIDADES TERRITORIALES - GESTION GENERAL,NO DEFINIDO,NO DEFINIDO,NO DEFINIDO,,,2021,Primer Trimestre,eje_gasto,,,,NO DEFINIDO,NO DEFINIDO,,,,,,NO DEFINIDO,,,,,,NO DEFINIDO,NO DEFINIDO,NO DEFINIDO,568458335.0,274783142.0,148990961.0
12186430,20220601,124205000,E.S.E. Hospital San Fernando - Amagá,2.1.1.02,PERSONAL SUPERNUMERARIO Y PLANTA TEMPORAL,GASTOS,FUNCIONAMIENTO,GASTOS DE PERSONAL,PERSONAL SUPERNUMERARIO Y PLANTA TEMPORAL,No Aplica,No Aplica,No Aplica,No Aplica,No Aplica,No Aplica,VIGENCIA ACTUAL,ENTIDADES DIFERENTES A ENTIDADES TERRITORIALES - UNIDAD DE SALUD,NO DEFINIDO,NO DEFINIDO,NO DEFINIDO,,,2022,Segundo Trimestre,eje_gasto,,,,NO DEFINIDO,NO DEFINIDO,,,,,,NO DEFINIDO,,,,,,NO DEFINIDO,NO DEFINIDO,NO DEFINIDO,756330.0,756330.0,87000.0
12206269,20221201,124205000,E.S.E. Hospital San Fernando - Amagá,2.1,FUNCIONAMIENTO,GASTOS,FUNCIONAMIENTO,No Aplica,No Aplica,No Aplica,No Aplica,No Aplica,No Aplica,No Aplica,No Aplica,VIGENCIA ACTUAL,ENTIDADES DIFERENTES A ENTIDADES TERRITORIALES - UNIDAD DE SALUD,NO DEFINIDO,NO DEFINIDO,NO DEFINIDO,,,2022,Cuarto Trimestre,eje_gasto,,,,NO DEFINIDO,NO DEFINIDO,,,,,,NO DEFINIDO,,,,,,NO DEFINIDO,NO DEFINIDO,NO DEFINIDO,5067589170.0,5009381130.0,4528808478.0
12212464,20220301,124205000,E.S.E. Hospital San Fernando - Amagá,2.1.1.01,PLANTA DE PERSONAL PERMANENTE,GASTOS,FUNCIONAMIENTO,GASTOS DE PERSONAL,PLANTA DE PERSONAL PERMANENTE,No Aplica,No Aplica,No Aplica,No Aplica,No Aplica,No Aplica,VIGENCIA ACTUAL,ENTIDADES DIFERENTES A ENTIDADES TERRITORIALES - UNIDAD DE SALUD,NO DEFINIDO,NO DEFINIDO,NO DEFINIDO,,,2022,Primer Trimestre,eje_gasto,,,,NO DEFINIDO,NO DEFINIDO,,,,,,NO DEFINIDO,,,,,,NO DEFINIDO,NO DEFINIDO,NO DEFINIDO,215114281.0,215114281.0,215114281.0
12212735,20220901,124205000,E.S.E. Hospital San Fernando - Amagá,2.1.2.02.02.008,SERVICIOS PRESTADOS A LAS EMPRESAS Y SERVICIOS DE PRODUCCION,GASTOS,FUNCIONAMIENTO,ADQUISICION DE BIENES Y SERVICIOS,ADQUISICIONES DIFERENTES DE ACTIVOS,ADQUISICION DE SERVICIOS,SERVICIOS PRESTADOS A LAS EMPRESAS Y SERVICIOS DE PRODUCCION,No Aplica,No Aplica,No Aplica,No Aplica,VIGENCIA ACTUAL,ENTIDADES DIFERENTES A ENTIDADES TERRITORIALES - UNIDAD DE SALUD,NO DEFINIDO,NO DEFINIDO,SALUD Y PROTECCION SOCIAL,,,2022,Tercer Trimestre,eje_gasto,,,,SERVICIOS DE SEGUROS SOCIALES DE SALUD,R.B. VENTA DE BIENES Y SERVICIOS,,,,,,NO APLICA,,,,,,SIN SITUACION DE FONDOS,NO APLICA,NO DEFINIDO,328902468.0,270723403.0,270723403.0
12214292,20211201,124205000,E.S.E. Hospital San Fernando - Amagá,2.1.7.01,CESANTIAS,GASTOS,FUNCIONAMIENTO,DISMINUCION DE PASIVOS,CESANTIAS,No Aplica,No Aplica,No Aplica,No Aplica,No Aplica,No Aplica,VIGENCIA ACTUAL,ENTIDADES DIFERENTES A ENTIDADES TERRITORIALES - GESTION GENERAL,NO DEFINIDO,NO DEFINIDO,NO DEFINIDO,,,2021,Cuarto Trimestre,eje_gasto,,,,NO DEFINIDO,NO DEFINIDO,,,,,,NO DEFINIDO,,,,,,NO DEFINIDO,NO DEFINIDO,NO DEFINIDO,18811074.0,18811074.0,618336.0
12214708,20210901,124205000,E.S.E. Hospital San Fernando - Amagá,2.4.5,GASTOS DE COMERCIALIZACION Y PRODUCCION,GASTOS,GASTOS DE OPERACION COMERCIAL,GASTOS DE COMERCIALIZACION Y PRODUCCION,No Aplica,No Aplica,No Aplica,No Aplica,No Aplica,No Aplica,No Aplica,VIGENCIA ACTUAL,ENTIDADES DIFERENTES A ENTIDADES TERRITORIALES - GESTION GENERAL,NO DEFINIDO,NO DEFINIDO,NO DEFINIDO,,,2021,Tercer Trimestre,eje_gasto,,,,NO DEFINIDO,NO DEFINIDO,,,,,,NO DEFINIDO,,,,,,NO DEFINIDO,NO DEFINIDO,NO DEFINIDO,604858264.0,604858264.0,179867838.0
12222538,20230601,124205000,E.S.E. Hospital San Fernando - Amagá,2.1.2,ADQUISICION DE BIENES Y SERVICIOS,GASTOS,FUNCIONAMIENTO,ADQUISICION DE BIENES Y SERVICIOS,No Aplica,No Aplica,No Aplica,No Aplica,No Aplica,No Aplica,No Aplica,VIGENCIA ACTUAL,ENTIDADES TERRITORIALES - SALUD,NO DEFINIDO,NO DEFINIDO,NO DEFINIDO,,,2023,Segundo Trimestre,eje_gasto,,,,NO DEFINIDO,NO DEFINIDO,,,,,,NO DEFINIDO,,,,,,NO DEFINIDO,NO DEFINIDO,NO DEFINIDO,1373783902.0,969647780.0,933301348.0
12229959,20210901,124205000,E.S.E. Hospital San Fernando - Amagá,2.1.2,ADQUISICION DE BIENES Y SERVICIOS,GASTOS,FUNCIONAMIENTO,ADQUISICION DE BIENES Y SERVICIOS,No Aplica,No Aplica,No Aplica,No Aplica,No Aplica,No Aplica,No Aplica,VIGENCIA ACTUAL,ENTIDADES DIFERENTES A ENTIDADES TERRITORIALES - GESTION GENERAL,NO DEFINIDO,NO DEFINIDO,NO DEFINIDO,,,2021,Tercer Trimestre,eje_gasto,,,,NO DEFINIDO,NO DEFINIDO,,,,,,NO DEFINIDO,,,,,,NO DEFINIDO,NO DEFINIDO,NO DEFINIDO,1396919888.0,1148907015.0,913755582.0
12230303,20210301,124205000,E.S.E. Hospital San Fernando - Amagá,2.1.1.01.02.002,APORTES A LA SEGURIDAD SOCIAL EN SALUD,GASTOS,FUNCIONAMIENTO,GASTOS DE PERSONAL,PLANTA DE PERSONAL PERMANENTE,CONTRIBUCIONES INHERENTES A LA NOMINA,APORTES A LA SEGURIDAD SOCIAL EN SALUD,No Aplica,No Aplica,No Aplica,No Aplica,CUENTAS POR PAGAR,ENTIDADES DIFERENTES A ENTIDADES TERRITORIALES - GESTION GENERAL,NO DEFINIDO,NO DEFINIDO,SALUD Y PROTECCION SOCIAL,,,2021,Primer Trimestre,eje_gasto,,,,NO APLICA,1.1.0.0.00 - DISPONIBILIDAD INICIAL,,,,,,NO APLICA,,,,,,CON SITUACION DE FONDOS,NO APLICA,NO DEFINIDO,169491894.0,169491894.0,169491894.0
12234606,20210901,124205000,E.S.E. Hospital San Fernando - Amagá,2.1.1.01.02.001,APORTES A LA SEGURIDAD SOCIAL EN PENSIONES,GASTOS,FUNCIONAMIENTO,GASTOS DE PERSONAL,PLANTA DE PERSONAL PERMANENTE,CONTRIBUCIONES INHERENTES A LA NOMINA,APORTES A LA SEGURIDAD SOCIAL EN PENSIONES,No Aplica,No Aplica,No Aplica,No Aplica,VIGENCIA ACTUAL,ENTIDADES DIFERENTES A ENTIDADES TERRITORIALES - GESTION GENERAL,NO DEFINIDO,NO DEFINIDO,SALUD Y PROTECCION SOCIAL,,,2021,Tercer Trimestre,eje_gasto,,,,NO APLICA,1.2.3.2.09 - VENTA DE BIENES Y SERVICIOS,,,,,,NO APLICA,,,,,,CON SITUACION DE FONDOS,NO APLICA,NO DEFINIDO,157097035.0,157097035.0,140368245.0
12237846,20210601,124205000,E.S.E. Hospital San Fernando - Amagá,2.1.1.01.02.007,APORTES AL SENA,GASTOS,FUNCIONAMIENTO,GASTOS DE PERSONAL,PLANTA DE PERSONAL PERMANENTE,CONTRIBUCIONES INHERENTES A LA NOMINA,APORTES AL SENA,No Aplica,No Aplica,No Aplica,No Aplica,VIGENCIA ACTUAL,ENTIDADES DIFERENTES A ENTIDADES TERRITORIALES - GESTION GENERAL,NO DEFINIDO,NO DEFINIDO,SALUD Y PROTECCION SOCIAL,,,2021,Segundo Trimestre,eje_gasto,,,,NO APLICA,1.2.3.2.09 - VENTA DE BIENES Y SERVICIOS,,,,,,NO APLICA,,,,,,CON SITUACION DE FONDOS,NO APLICA,NO DEFINIDO,17054000.0,17054000.0,14292600.0
12239345,20211201,124205000,E.S.E. Hospital San Fernando - Amagá,2,GASTOS,GASTOS,No Aplica,No Aplica,No Aplica,No Aplica,No Aplica,No Aplica,No Aplica,No Aplica,No Aplica,VIGENCIA ACTUAL,ENTIDADES DIFERENTES A ENTIDADES TERRITORIALES - GESTION GENERAL,NO DEFINIDO,NO DEFINIDO,NO DEFINIDO,,,2021,Cuarto Trimestre,eje_gasto,,,,NO DEFINIDO,NO DEFINIDO,,,,,,NO DEFINIDO,,,,,,NO DEFINIDO,NO DEFINIDO,NO DEFINIDO,5424132438.0,5424132438.0,3558493219.0
12241783,20211201,124205000,E.S.E. Hospital San Fernando - Amagá,2.1.1.01.01.001,FACTORES SALARIALES COMUNES,GASTOS,FUNCIONAMIENTO,GASTOS DE PERSONAL,PLANTA DE PERSONAL PERMANENTE,FACTORES CONSTITUTIVOS DE SALARIO,FACTORES SALARIALES COMUNES,No Aplica,No Aplica,No Aplica,No Aplica,CUENTAS POR PAGAR,ENTIDADES DIFERENTES A ENTIDADES TERRITORIALES - GESTION GENERAL,NO DEFINIDO,NO DEFINIDO,NO DEFINIDO,,,2021,Cuarto Trimestre,eje_gasto,,,,NO DEFINIDO,NO DEFINIDO,,,,,,NO DEFINIDO,,,,,,NO DEFINIDO,NO DEFINIDO,NO DEFINIDO,549899832.0,549899832.0,352884117.0
12247284,20220301,124205000,E.S.E. Hospital San Fernando - Amagá,2.1.3.07.02.001.02,MESADAS PENSIONALES A CARGO DE LA ENTIDAD DE PENSIONES,GASTOS,FUNCIONAMIENTO,TRANSFERENCIAS CORRIENTES,PRESTACIONES PARA CUBRIR RIESGOS SOCIALES,PRESTACIONES SOCIALES RELACIONADAS CON EL EMPLEO,MESADAS PENSIONALES DE PENSIONES,MESADAS PENSIONALES A CARGO DE LA ENTIDAD DE PENSIONES,No Aplica,No Aplica,No Aplica,VIGENCIA ACTUAL,ENTIDADES DIFERENTES A ENTIDADES TERRITORIALES - UNIDAD DE SALUD,NO DEFINIDO,NO DEFINIDO,SALUD Y PROTECCION SOCIAL,,,2022,Primer Trimestre,eje_gasto,,,,NO APLICA,R.B. VENTA DE BIENES Y SERVICIOS,,,,,,NO APLICA,,,,,,SIN SITUACION DE FONDOS,NO APLICA,NO DEFINIDO,2011200.0,2011200.0,2011200.0
12248856,20221201,124205000,E.S.E. Hospital San Fernando - Amagá,2.1.1.01.01.001.02,"HORAS EXTRAS, DOMINICALES, FESTIVOS Y RECARGOS",GASTOS,FUNCIONAMIENTO,GASTOS DE PERSONAL,PLANTA DE PERSONAL PERMANENTE,FACTORES CONSTITUTIVOS DE SALARIO,FACTORES SALARIALES COMUNES,"HORAS EXTRAS, DOMINICALES, FESTIVOS Y RECARGOS",No Aplica,No Aplica,No Aplica,VIGENCIA ACTUAL,ENTIDADES DIFERENTES A ENTIDADES TERRITORIALES - UNIDAD DE SALUD,NO DEFINIDO,NO DEFINIDO,SALUD Y PROTECCION SOCIAL,,,2022,Cuarto Trimestre,eje_gasto,,,,NO APLICA,R.B. VENTA DE BIENES Y SERVICIOS,,,,,,NO APLICA,,,,,,SIN SITUACION DE FONDOS,NO APLICA,NO DEFINIDO,224084761.0,224084761.0,194652009.0
12251323,20211201,124205000,E.S.E. Hospital San Fernando - Amagá,2.1.3.07.02.003.02,BONOS PENSIONALES A CARGO DE LA ENTIDAD DE PENSIONES,GASTOS,FUNCIONAMIENTO,TRANSFERENCIAS CORRIENTES,PRESTACIONES PARA CUBRIR RIESGOS SOCIALES,PRESTACIONES SOCIALES RELACIONADAS CON EL EMPLEO,BONOS PENSIONALES DE PENSIONES,BONOS PENSIONALES A CARGO DE LA ENTIDAD DE PENSIONES,No Aplica,No Aplica,No Aplica,VIGENCIA ACTUAL,ENTIDADES DIFERENTES A ENTIDADES TERRITORIALES - GESTION GENERAL,NO DEFINIDO,NO DEFINIDO,SALUD Y PROTECCION SOCIAL,,,2021,Cuarto Trimestre,eje_gasto,,,,NO APLICA,OTRAS CONTRIBUCIONES CON DESTINACION ESPECIFICA LEGAL,,,,,,NO APLICA,,,,,,CON SITUACION DE FONDOS,NO APLICA,NO DEFINIDO,4425774.0,4425774.0,4425774.0
12252465,20210601,124205000,E.S.E. Hospital San Fernando - Amagá,2.1.1.01.01.001.05,AUXILIO DE TRANSPORTE,GASTOS,FUNCIONAMIENTO,GASTOS DE PERSONAL,PLANTA DE PERSONAL PERMANENTE,FACTORES CONSTITUTIVOS DE SALARIO,FACTORES SALARIALES COMUNES,AUXILIO DE TRANSPORTE,No Aplica,No Aplica,No Aplica,VIGENCIA ACTUAL,ENTIDADES DIFERENTES A ENTIDADES TERRITORIALES - GESTION GENERAL,NO DEFINIDO,NO DEFINIDO,SALUD Y PROTECCION SOCIAL,,,2021,Segundo Trimestre,eje_gasto,,,,NO APLICA,1.2.3.2.09 - VENTA DE BIENES Y SERVICIOS,,,,,,NO APLICA,,,,,,CON SITUACION DE FONDOS,NO APLICA,NO DEFINIDO,8988176.0,8988176.0,4695981.0
12262451,20220601,124205000,E.S.E. Hospital San Fernando - Amagá,2.1.1.01.01.001.07,BONIFICACION POR SERVICIOS PRESTADOS,GASTOS,FUNCIONAMIENTO,GASTOS DE PERSONAL,PLANTA DE PERSONAL PERMANENTE,FACTORES CONSTITUTIVOS DE SALARIO,FACTORES SALARIALES COMUNES,BONIFICACION POR SERVICIOS PRESTADOS,No Aplica,No Aplica,No Aplica,VIGENCIA ACTUAL,ENTIDADES DIFERENTES A ENTIDADES TERRITORIALES - UNIDAD DE SALUD,NO DEFINIDO,NO DEFINIDO,SALUD Y PROTECCION SOCIAL,,,2022,Segundo Trimestre,eje_gasto,,,,NO APLICA,R.B. VENTA DE BIENES Y SERVICIOS,,,,,,NO APLICA,,,,,,SIN SITUACION DE FONDOS,NO APLICA,NO DEFINIDO,30662175.0,30662175.0,23834017.0
12264008,20210601,124205000,E.S.E. Hospital San Fernando - Amagá,2.1.8,"GASTOS POR TRIBUTOS, TASAS, CONTRIBUCIONES, MULTAS, SANCIONES E INTERESES DE MORA",GASTOS,FUNCIONAMIENTO,"GASTOS POR TRIBUTOS, TASAS, CONTRIBUCIONES, MULTAS, SANCIONES E INTERESES DE MORA",No Aplica,No Aplica,No Aplica,No Aplica,No Aplica,No Aplica,No Aplica,VIGENCIA ACTUAL,ENTIDADES DIFERENTES A ENTIDADES TERRITORIALES - GESTION GENERAL,NO DEFINIDO,NO DEFINIDO,NO DEFINIDO,,,2021,Segundo Trimestre,eje_gasto,,,,NO DEFINIDO,NO DEFINIDO,,,,,,NO DEFINIDO,,,,,,NO DEFINIDO,NO DEFINIDO,NO DEFINIDO,5987314.0,5987314.0,5987314.0
12270305,20210301,124205000,E.S.E. Hospital San Fernando - Amagá,2.4,GASTOS DE OPERACION COMERCIAL,GASTOS,GASTOS DE OPERACION COMERCIAL,No Aplica,No Aplica,No Aplica,No Aplica,No Aplica,No Aplica,No Aplica,No Aplica,VIGENCIA ACTUAL,ENTIDADES DIFERENTES A ENTIDADES TERRITORIALES - GESTION GENERAL,NO DEFINIDO,NO DEFINIDO,NO DEFINIDO,,,2021,Primer Trimestre,eje_gasto,,,,NO DEFINIDO,NO DEFINIDO,,,,,,NO DEFINIDO,,,,,,NO DEFINIDO,NO DEFINIDO,NO DEFINIDO,176325347.0,176325347.0,5353326.0
12287197,20210301,124205000,E.S.E. Hospital San Fernando - Amagá,2.1.7.01,CESANTIAS,GASTOS,FUNCIONAMIENTO,DISMINUCION DE PASIVOS,CESANTIAS,No Aplica,No Aplica,No Aplica,No Aplica,No Aplica,No Aplica,VIGENCIA ACTUAL,ENTIDADES DIFERENTES A ENTIDADES TERRITORIALES - GESTION GENERAL,NO DEFINIDO,NO DEFINIDO,NO DEFINIDO,,,2021,Primer Trimestre,eje_gasto,,,,NO DEFINIDO,NO DEFINIDO,,,,,,NO DEFINIDO,,,,,,NO DEFINIDO,NO DEFINIDO,NO DEFINIDO,11949.0,11949.0,0.0
12295089,20210901,124205000,E.S.E. Hospital San Fernando - Amagá,2.1.1.01,PLANTA DE PERSONAL PERMANENTE,GASTOS,FUNCIONAMIENTO,GASTOS DE PERSONAL,PLANTA DE PERSONAL PERMANENTE,No Aplica,No Aplica,No Aplica,No Aplica,No Aplica,No Aplica,CUENTAS POR PAGAR,ENTIDADES DIFERENTES A ENTIDADES TERRITORIALES - GESTION GENERAL,NO DEFINIDO,NO DEFINIDO,NO DEFINIDO,,,2021,Tercer Trimestre,eje_gasto,,,,NO DEFINIDO,NO DEFINIDO,,,,,,NO DEFINIDO,,,,,,NO DEFINIDO,NO DEFINIDO,NO DEFINIDO,548515970.0,548515970.0,351220728.0
12308093,20211201,124205000,E.S.E. Hospital San Fernando - Amagá,2.1.2,ADQUISICION DE BIENES Y SERVICIOS,GASTOS,FUNCIONAMIENTO,ADQUISICION DE BIENES Y SERVICIOS,No Aplica,No Aplica,No Aplica,No Aplica,No Aplica,No Aplica,No Aplica,VIGENCIA ACTUAL,ENTIDADES DIFERENTES A ENTIDADES TERRITORIALES - GESTION GENERAL,NO DEFINIDO,NO DEFINIDO,NO DEFINIDO,,,2021,Cuarto Trimestre,eje_gasto,,,,NO DEFINIDO,NO DEFINIDO,,,,,,NO DEFINIDO,,,,,,NO DEFINIDO,NO DEFINIDO,NO DEFINIDO,1757940066.0,1757940066.0,1350910532.0
12310703,20230601,124205000,E.S.E. Hospital San Fernando - Amagá,2.1.1.01.02.002,APORTES A LA SEGURIDAD SOCIAL EN SALUD,GASTOS,FUNCIONAMIENTO,GASTOS DE PERSONAL,PLANTA DE PERSONAL PERMANENTE,CONTRIBUCIONES INHERENTES A LA NOMINA,APORTES A LA SEGURIDAD SOCIAL EN SALUD,No Aplica,No Aplica,No Aplica,No Aplica,VIGENCIA ACTUAL,ENTIDADES TERRITORIALES - SALUD,NO DEFINIDO,NO DEFINIDO,SALUD Y PROTECCION SOCIAL,,,2023,Segundo Trimestre,eje_gasto,,,,NO APLICA,R.B. VENTA DE BIENES Y SERVICIOS,,,,,,NO APLICA,,,,,,SIN SITUACION DE FONDOS,NO APLICA,NO DEFINIDO,91377396.0,91377396.0,82925648.0
12310859,20211201,124205000,E.S.E. Hospital San Fernando - Amagá,2.1.1.01.02.003,APORTES DE CESANTIAS,GASTOS,FUNCIONAMIENTO,GASTOS DE PERSONAL,PLANTA DE PERSONAL PERMANENTE,CONTRIBUCIONES INHERENTES A LA NOMINA,APORTES DE CESANTIAS,No Aplica,No Aplica,No Aplica,No Aplica,VIGENCIA ACTUAL,ENTIDADES DIFERENTES A ENTIDADES TERRITORIALES - GESTION GENERAL,NO DEFINIDO,NO DEFINIDO,SALUD Y PROTECCION SOCIAL,,,2021,Cuarto Trimestre,eje_gasto,,,,NO APLICA,OTRAS CONTRIBUCIONES CON DESTINACION ESPECIFICA LEGAL,,,,,,NO APLICA,,,,,,CON SITUACION DE FONDOS,NO APLICA,NO DEFINIDO,164112344.0,164112344.0,2544330.0
12311060,20210301,124205000,E.S.E. Hospital San Fernando - Amagá,2.1.3.07.02.003,BONOS PENSIONALES DE PENSIONES,GASTOS,FUNCIONAMIENTO,TRANSFERENCIAS CORRIENTES,PRESTACIONES PARA CUBRIR RIESGOS SOCIALES,PRESTACIONES SOCIALES RELACIONADAS CON EL EMPLEO,BONOS PENSIONALES DE PENSIONES,No Aplica,No Aplica,No Aplica,No Aplica,CUENTAS POR PAGAR,ENTIDADES DIFERENTES A ENTIDADES TERRITORIALES - GESTION GENERAL,NO DEFINIDO,NO DEFINIDO,NO DEFINIDO,,,2021,Primer Trimestre,eje_gasto,,,,NO DEFINIDO,NO DEFINIDO,,,,,,NO DEFINIDO,,,,,,NO DEFINIDO,NO DEFINIDO,NO DEFINIDO,2061965.0,2061965.0,1587607.0
12311797,20221201,124205000,E.S.E. Hospital San Fernando - Amagá,2.1.2.02.01,MATERIALES Y SUMINISTROS,GASTOS,FUNCIONAMIENTO,ADQUISICION DE BIENES Y SERVICIOS,ADQUISICIONES DIFERENTES DE ACTIVOS,MATERIALES Y SUMINISTROS,No Aplica,No Aplica,No Aplica,No Aplica,No Aplica,VIGENCIA ACTUAL,ENTIDADES DIFERENTES A ENTIDADES TERRITORIALES - UNIDAD DE SALUD,NO DEFINIDO,NO DEFINIDO,NO DEFINIDO,,,2022,Cuarto Trimestre,eje_gasto,,,,NO DEFINIDO,NO DEFINIDO,,,,,,NO DEFINIDO,,,,,,NO DEFINIDO,NO DEFINIDO,NO DEFINIDO,132557965.0,132557965.0,117434363.0
12312245,20220301,124205000,E.S.E. Hospital San Fernando - Amagá,2.1.1.01.03,REMUNERACIONES NO CONSTITUTIVAS DE FACTOR SALARIAL,GASTOS,FUNCIONAMIENTO,GASTOS DE PERSONAL,PLANTA DE PERSONAL PERMANENTE,REMUNERACIONES NO CONSTITUTIVAS DE FACTOR SALARIAL,No Aplica,No Aplica,No Aplica,No Aplica,No Aplica,VIGENCIA ACTUAL,ENTIDADES DIFERENTES A ENTIDADES TERRITORIALES - UNIDAD DE SALUD,NO DEFINIDO,NO DEFINIDO,NO DEFINIDO,,,2022,Primer Trimestre,eje_gasto,,,,NO DEFINIDO,NO DEFINIDO,,,,,,NO DEFINIDO,,,,,,NO DEFINIDO,NO DEFINIDO,NO DEFINIDO,13405243.0,13405243.0,13405243.0
12317202,20210901,124205000,E.S.E. Hospital San Fernando - Amagá,2.1.1.01.01,FACTORES CONSTITUTIVOS DE SALARIO,GASTOS,FUNCIONAMIENTO,GASTOS DE PERSONAL,PLANTA DE PERSONAL PERMANENTE,FACTORES CONSTITUTIVOS DE SALARIO,No Aplica,No Aplica,No Aplica,No Aplica,No Aplica,VIGENCIA ACTUAL,ENTIDADES DIFERENTES A ENTIDADES TERRITORIALES - GESTION GENERAL,NO DEFINIDO,NO DEFINIDO,NO DEFINIDO,,,2021,Tercer Trimestre,eje_gasto,,,,NO DEFINIDO,NO DEFINIDO,,,,,,NO DEFINIDO,,,,,,NO DEFINIDO,NO DEFINIDO,NO DEFINIDO,1506974785.0,1506974784.0,911887897.0
12321199,20210601,124205000,E.S.E. Hospital San Fernando - Amagá,2.1.3.07.02.001,MESADAS PENSIONALES DE PENSIONES,GASTOS,FUNCIONAMIENTO,TRANSFERENCIAS CORRIENTES,PRESTACIONES PARA CUBRIR RIESGOS SOCIALES,PRESTACIONES SOCIALES RELACIONADAS CON EL EMPLEO,MESADAS PENSIONALES DE PENSIONES,No Aplica,No Aplica,No Aplica,No Aplica,VIGENCIA ACTUAL,ENTIDADES DIFERENTES A ENTIDADES TERRITORIALES - GESTION GENERAL,NO DEFINIDO,NO DEFINIDO,NO DEFINIDO,,,2021,Segundo Trimestre,eje_gasto,,,,NO DEFINIDO,NO DEFINIDO,,,,,,NO DEFINIDO,,,,,,NO DEFINIDO,NO DEFINIDO,NO DEFINIDO,6664644.0,6664644.0,4760460.0
12330265,20210601,124205000,E.S.E. Hospital San Fernando - Amagá,2.1.2,ADQUISICION DE BIENES Y SERVICIOS,GASTOS,FUNCIONAMIENTO,ADQUISICION DE BIENES Y SERVICIOS,No Aplica,No Aplica,No Aplica,No Aplica,No Aplica,No Aplica,No Aplica,VIGENCIA ACTUAL,ENTIDADES DIFERENTES A ENTIDADES TERRITORIALES - GESTION GENERAL,NO DEFINIDO,NO DEFINIDO,NO DEFINIDO,,,2021,Segundo Trimestre,eje_gasto,,,,NO DEFINIDO,NO DEFINIDO,,,,,,NO DEFINIDO,,,,,,NO DEFINIDO,NO DEFINIDO,NO DEFINIDO,1058223134.0,677108505.0,476882325.0
12331544,20210301,124205000,E.S.E. Hospital San Fernando - Amagá,2.1.3.07.02,PRESTACIONES SOCIALES RELACIONADAS CON EL EMPLEO,GASTOS,FUNCIONAMIENTO,TRANSFERENCIAS CORRIENTES,PRESTACIONES PARA CUBRIR RIESGOS SOCIALES,PRESTACIONES SOCIALES RELACIONADAS CON EL EMPLEO,No Aplica,No Aplica,No Aplica,No Aplica,No Aplica,CUENTAS POR PAGAR,ENTIDADES DIFERENTES A ENTIDADES TERRITORIALES - GESTION GENERAL,NO DEFINIDO,NO DEFINIDO,NO DEFINIDO,,,2021,Primer Trimestre,eje_gasto,,,,NO DEFINIDO,NO DEFINIDO,,,,,,NO DEFINIDO,,,,,,NO DEFINIDO,NO DEFINIDO,NO DEFINIDO,2061965.0,2061965.0,1587607.0
12336383,20220901,124205000,E.S.E. Hospital San Fernando - Amagá,2.1.1.01.02.002,APORTES A LA SEGURIDAD SOCIAL EN SALUD,GASTOS,FUNCIONAMIENTO,GASTOS DE PERSONAL,PLANTA DE PERSONAL PERMANENTE,CONTRIBUCIONES INHERENTES A LA NOMINA,APORTES A LA SEGURIDAD SOCIAL EN SALUD,No Aplica,No Aplica,No Aplica,No Aplica,VIGENCIA ACTUAL,ENTIDADES DIFERENTES A ENTIDADES TERRITORIALES - UNIDAD DE SALUD,NO DEFINIDO,NO DEFINIDO,SALUD Y PROTECCION SOCIAL,,,2022,Tercer Trimestre,eje_gasto,,,,NO APLICA,R.B. VENTA DE BIENES Y SERVICIOS,,,,,,NO APLICA,,,,,,SIN SITUACION DE FONDOS,NO APLICA,NO DEFINIDO,110488691.0,110488691.0,108809663.0
12354902,20220301,124205000,E.S.E. Hospital San Fernando - Amagá,2.1.1.01.03.001.03,BONIFICACION ESPECIAL DE RECREACION,GASTOS,FUNCIONAMIENTO,GASTOS DE PERSONAL,PLANTA DE PERSONAL PERMANENTE,REMUNERACIONES NO CONSTITUTIVAS DE FACTOR SALARIAL,PRESTACIONES SOCIALES,BONIFICACION ESPECIAL DE RECREACION,No Aplica,No Aplica,No Aplica,VIGENCIA ACTUAL,ENTIDADES DIFERENTES A ENTIDADES TERRITORIALES - UNIDAD DE SALUD,NO DEFINIDO,NO DEFINIDO,SALUD Y PROTECCION SOCIAL,,,2022,Primer Trimestre,eje_gasto,,,,NO APLICA,R.B. VENTA DE BIENES Y SERVICIOS,,,,,,NO APLICA,,,,,,SIN SITUACION DE FONDOS,NO APLICA,NO DEFINIDO,1025670.0,1025670.0,1025670.0
12355915,20210301,124205000,E.S.E. Hospital San Fernando - Amagá,2.1.2.02,ADQUISICIONES DIFERENTES DE ACTIVOS,GASTOS,FUNCIONAMIENTO,ADQUISICION DE BIENES Y SERVICIOS,ADQUISICIONES DIFERENTES DE ACTIVOS,No Aplica,No Aplica,No Aplica,No Aplica,No Aplica,No Aplica,CUENTAS POR PAGAR,ENTIDADES DIFERENTES A ENTIDADES TERRITORIALES - GESTION GENERAL,NO DEFINIDO,NO DEFINIDO,NO DEFINIDO,,,2021,Primer Trimestre,eje_gasto,,,,NO DEFINIDO,NO DEFINIDO,,,,,,NO DEFINIDO,,,,,,NO DEFINIDO,NO DEFINIDO,NO DEFINIDO,120797899.0,120797899.0,112471333.0
12356018,20220601,124205000,E.S.E. Hospital San Fernando - Amagá,2.1.1.01.03.001.01,VACACIONES,GASTOS,FUNCIONAMIENTO,GASTOS DE PERSONAL,PLANTA DE PERSONAL PERMANENTE,REMUNERACIONES NO CONSTITUTIVAS DE FACTOR SALARIAL,PRESTACIONES SOCIALES,VACACIONES,No Aplica,No Aplica,No Aplica,VIGENCIA ACTUAL,ENTIDADES DIFERENTES A ENTIDADES TERRITORIALES - UNIDAD DE SALUD,NO DEFINIDO,NO DEFINIDO,SALUD Y PROTECCION SOCIAL,,,2022,Segundo Trimestre,eje_gasto,,,,NO APLICA,R.B. VENTA DE BIENES Y SERVICIOS,,,,,,NO APLICA,,,,,,SIN SITUACION DE FONDOS,NO APLICA,NO DEFINIDO,59291260.0,59291260.0,26070180.0
12357145,20210301,124205000,E.S.E. Hospital San Fernando - Amagá,2.4.5.01,MATERIALES Y SUMINISTROS,GASTOS,GASTOS DE OPERACION COMERCIAL,GASTOS DE COMERCIALIZACION Y PRODUCCION,MATERIALES Y SUMINISTROS,No Aplica,No Aplica,No Aplica,No Aplica,No Aplica,No Aplica,CUENTAS POR PAGAR,ENTIDADES DIFERENTES A ENTIDADES TERRITORIALES - GESTION GENERAL,NO DEFINIDO,NO DEFINIDO,NO DEFINIDO,,,2021,Primer Trimestre,eje_gasto,,,,NO DEFINIDO,NO DEFINIDO,,,,,,NO DEFINIDO,,,,,,NO DEFINIDO,NO DEFINIDO,NO DEFINIDO,87422941.0,87422911.0,74937162.0
12363741,20210901,124205000,E.S.E. Hospital San Fernando - Amagá,2.1.2.02.02.006,"COMERCIO Y DISTRIBUCION; ALOJAMIENTO; SERVICIOS DE SUMINISTRO DE COMIDAS Y BEBIDAS; SERVICIOS DE TRANSPORTE; Y SERVICIOS DE DISTRIBUCION DE ELECTRICIDAD, GAS Y AGUA",GASTOS,FUNCIONAMIENTO,ADQUISICION DE BIENES Y SERVICIOS,ADQUISICIONES DIFERENTES DE ACTIVOS,ADQUISICION DE SERVICIOS,"COMERCIO Y DISTRIBUCION; ALOJAMIENTO; SERVICIOS DE SUMINISTRO DE COMIDAS Y BEBIDAS; SERVICIOS DE TRANSPORTE; Y SERVICIOS DE DISTRIBUCION DE ELECTRICIDAD, GAS Y AGUA",No Aplica,No Aplica,No Aplica,No Aplica,VIGENCIA ACTUAL,ENTIDADES DIFERENTES A ENTIDADES TERRITORIALES - GESTION GENERAL,NO DEFINIDO,NO DEFINIDO,SALUD Y PROTECCION SOCIAL,,,2021,Tercer Trimestre,eje_gasto,,,,65116 - SERVICIOS DE TRANSPORTE POR CARRETERA DE CORRESPONDENCIA Y PAQUETES,1.2.3.2.09 - VENTA DE BIENES Y SERVICIOS,,,,,,NO APLICA,,,,,,CON SITUACION DE FONDOS,NO APLICA,NO DEFINIDO,1796700.0,1796700.0,1796700.0
12368484,20211201,124205000,E.S.E. Hospital San Fernando - Amagá,2.1.1.01.01.001.08,PRESTACIONES SOCIALES,GASTOS,FUNCIONAMIENTO,GASTOS DE PERSONAL,PLANTA DE PERSONAL PERMANENTE,FACTORES CONSTITUTIVOS DE SALARIO,FACTORES SALARIALES COMUNES,PRESTACIONES SOCIALES,No Aplica,No Aplica,No Aplica,VIGENCIA ACTUAL,ENTIDADES DIFERENTES A ENTIDADES TERRITORIALES - GESTION GENERAL,NO DEFINIDO,NO DEFINIDO,NO DEFINIDO,,,2021,Cuarto Trimestre,eje_gasto,,,,NO DEFINIDO,NO DEFINIDO,,,,,,NO DEFINIDO,,,,,,NO DEFINIDO,NO DEFINIDO,NO DEFINIDO,197563276.0,197563276.0,59083913.0
12374858,20210901,124205000,E.S.E. Hospital San Fernando - Amagá,2.1.1.01.01.001,FACTORES SALARIALES COMUNES,GASTOS,FUNCIONAMIENTO,GASTOS DE PERSONAL,PLANTA DE PERSONAL PERMANENTE,FACTORES CONSTITUTIVOS DE SALARIO,FACTORES SALARIALES COMUNES,No Aplica,No Aplica,No Aplica,No Aplica,CUENTAS POR PAGAR,ENTIDADES DIFERENTES A ENTIDADES TERRITORIALES - GESTION GENERAL,NO DEFINIDO,NO DEFINIDO,NO DEFINIDO,,,2021,Tercer Trimestre,eje_gasto,,,,NO DEFINIDO,NO DEFINIDO,,,,,,NO DEFINIDO,,,,,,NO DEFINIDO,NO DEFINIDO,NO DEFINIDO,540212705.0,540212705.0,342917463.0
12381285,20210601,124205000,E.S.E. Hospital San Fernando - Amagá,2.1.1.01.01.001.07,BONIFICACION POR SERVICIOS PRESTADOS,GASTOS,FUNCIONAMIENTO,GASTOS DE PERSONAL,PLANTA DE PERSONAL PERMANENTE,FACTORES CONSTITUTIVOS DE SALARIO,FACTORES SALARIALES COMUNES,BONIFICACION POR SERVICIOS PRESTADOS,No Aplica,No Aplica,No Aplica,VIGENCIA ACTUAL,ENTIDADES DIFERENTES A ENTIDADES TERRITORIALES - GESTION GENERAL,NO DEFINIDO,NO DEFINIDO,SALUD Y PROTECCION SOCIAL,,,2021,Segundo Trimestre,eje_gasto,,,,NO APLICA,1.2.3.2.09 - VENTA DE BIENES Y SERVICIOS,,,,,,NO APLICA,,,,,,CON SITUACION DE FONDOS,NO APLICA,NO DEFINIDO,24442085.0,24442085.0,12609566.0
12409475,20211201,124205000,E.S.E. Hospital San Fernando - Amagá,2.1.2.02.01.001,"MINERALES, ELECTRICIDAD, GAS Y AGUA",GASTOS,FUNCIONAMIENTO,ADQUISICION DE BIENES Y SERVICIOS,ADQUISICIONES DIFERENTES DE ACTIVOS,MATERIALES Y SUMINISTROS,"MINERALES, ELECTRICIDAD, GAS Y AGUA",No Aplica,No Aplica,No Aplica,No Aplica,CUENTAS POR PAGAR,ENTIDADES DIFERENTES A ENTIDADES TERRITORIALES - GESTION GENERAL,NO DEFINIDO,NO DEFINIDO,SALUD Y PROTECCION SOCIAL,,,2021,Cuarto Trimestre,eje_gasto,,,,SERVICIOS DE DISTRIBUCION DE AGUA EXCEPTO A TRAVES DE LA RED A COMISION O POR CONTRATO,OTRAS CONTRIBUCIONES CON DESTINACION ESPECIFICA LEGAL,,,,,,NO APLICA,,,,,,CON SITUACION DE FONDOS,NO APLICA,NO DEFINIDO,972000.0,972000.0,948040.0
12412963,20210601,124205000,E.S.E. Hospital San Fernando - Amagá,2.1.2.02.02.006,"COMERCIO Y DISTRIBUCION; ALOJAMIENTO; SERVICIOS DE SUMINISTRO DE COMIDAS Y BEBIDAS; SERVICIOS DE TRANSPORTE; Y SERVICIOS DE DISTRIBUCION DE ELECTRICIDAD, GAS Y AGUA",GASTOS,FUNCIONAMIENTO,ADQUISICION DE BIENES Y SERVICIOS,ADQUISICIONES DIFERENTES DE ACTIVOS,ADQUISICION DE SERVICIOS,"COMERCIO Y DISTRIBUCION; ALOJAMIENTO; SERVICIOS DE SUMINISTRO DE COMIDAS Y BEBIDAS; SERVICIOS DE TRANSPORTE; Y SERVICIOS DE DISTRIBUCION DE ELECTRICIDAD, GAS Y AGUA",No Aplica,No Aplica,No Aplica,No Aplica,VIGENCIA ACTUAL,ENTIDADES DIFERENTES A ENTIDADES TERRITORIALES - GESTION GENERAL,NO DEFINIDO,NO DEFINIDO,SALUD Y PROTECCION SOCIAL,,,2021,Segundo Trimestre,eje_gasto,,,,65116 - SERVICIOS DE TRANSPORTE POR CARRETERA DE CORRESPONDENCIA Y PAQUETES,1.2.3.2.09 - VENTA DE BIENES Y SERVICIOS,,,,,,NO APLICA,,,,,,CON SITUACION DE FONDOS,NO APLICA,NO DEFINIDO,1267550.0,1267550.0,125550.0
12419874,20210301,124205000,E.S.E. Hospital San Fernando - Amagá,2.1.3.07.02,PRESTACIONES SOCIALES RELACIONADAS CON EL EMPLEO,GASTOS,FUNCIONAMIENTO,TRANSFERENCIAS CORRIENTES,PRESTACIONES PARA CUBRIR RIESGOS SOCIALES,PRESTACIONES SOCIALES RELACIONADAS CON EL EMPLEO,No Aplica,No Aplica,No Aplica,No Aplica,No Aplica,VIGENCIA ACTUAL,ENTIDADES DIFERENTES A ENTIDADES TERRITORIALES - GESTION GENERAL,NO DEFINIDO,NO DEFINIDO,NO DEFINIDO,,,2021,Primer Trimestre,eje_gasto,,,,NO DEFINIDO,NO DEFINIDO,,,,,,NO DEFINIDO,,,,,,NO DEFINIDO,NO DEFINIDO,NO DEFINIDO,3268669.0,3268669.0,2316577.0
12433009,20220301,124205000,E.S.E. Hospital San Fernando - Amagá,2.1.1.01.02.003,APORTES DE CESANTIAS,GASTOS,FUNCIONAMIENTO,GASTOS DE PERSONAL,PLANTA DE PERSONAL PERMANENTE,CONTRIBUCIONES INHERENTES A LA NOMINA,APORTES DE CESANTIAS,No Aplica,No Aplica,No Aplica,No Aplica,VIGENCIA ACTUAL,ENTIDADES DIFERENTES A ENTIDADES TERRITORIALES - UNIDAD DE SALUD,NO DEFINIDO,NO DEFINIDO,SALUD Y PROTECCION SOCIAL,,,2022,Primer Trimestre,eje_gasto,,,,NO APLICA,R.B. VENTA DE BIENES Y SERVICIOS,,,,,,NO APLICA,,,,,,SIN SITUACION DE FONDOS,NO APLICA,NO DEFINIDO,0.0,0.0,0.0
12433142,20211201,124205000,E.S.E. Hospital San Fernando - Amagá,2.1.2,ADQUISICION DE BIENES Y SERVICIOS,GASTOS,FUNCIONAMIENTO,ADQUISICION DE BIENES Y SERVICIOS,No Aplica,No Aplica,No Aplica,No Aplica,No Aplica,No Aplica,No Aplica,CUENTAS POR PAGAR,ENTIDADES DIFERENTES A ENTIDADES TERRITORIALES - GESTION GENERAL,NO DEFINIDO,NO DEFINIDO,NO DEFINIDO,,,2021,Cuarto Trimestre,eje_gasto,,,,NO DEFINIDO,NO DEFINIDO,,,,,,NO DEFINIDO,,,,,,NO DEFINIDO,NO DEFINIDO,NO DEFINIDO,366451764.0,366451764.0,352395024.0
12442488,20210601,124205000,E.S.E. Hospital San Fernando - Amagá,2.1.3,TRANSFERENCIAS CORRIENTES,GASTOS,FUNCIONAMIENTO,TRANSFERENCIAS CORRIENTES,No Aplica,No Aplica,No Aplica,No Aplica,No Aplica,No Aplica,No Aplica,VIGENCIA ACTUAL,ENTIDADES DIFERENTES A ENTIDADES TERRITORIALES - GESTION GENERAL,NO DEFINIDO,NO DEFINIDO,NO DEFINIDO,,,2021,Segundo Trimestre,eje_gasto,,,,NO DEFINIDO,NO DEFINIDO,,,,,,NO DEFINIDO,,,,,,NO DEFINIDO,NO DEFINIDO,NO DEFINIDO,7496071.0,7496071.0,5591887.0
12444031,20210901,124205000,E.S.E. Hospital San Fernando - Amagá,2.1,FUNCIONAMIENTO,GASTOS,FUNCIONAMIENTO,No Aplica,No Aplica,No Aplica,No Aplica,No Aplica,No Aplica,No Aplica,No Aplica,CUENTAS POR PAGAR,ENTIDADES DIFERENTES A ENTIDADES TERRITORIALES - GESTION GENERAL,NO DEFINIDO,NO DEFINIDO,NO DEFINIDO,,,2021,Tercer Trimestre,eje_gasto,,,,NO DEFINIDO,NO DEFINIDO,,,,,,NO DEFINIDO,,,,,,NO DEFINIDO,NO DEFINIDO,NO DEFINIDO,1088775082.0,1088601832.0,857718780.0
12445452,20210901,124205000,E.S.E. Hospital San Fernando - Amagá,2,GASTOS,GASTOS,No Aplica,No Aplica,No Aplica,No Aplica,No Aplica,No Aplica,No Aplica,No Aplica,No Aplica,VIGENCIA ACTUAL,ENTIDADES DIFERENTES A ENTIDADES TERRITORIALES - GESTION GENERAL,NO DEFINIDO,NO DEFINIDO,NO DEFINIDO,,,2021,Tercer Trimestre,eje_gasto,,,,NO DEFINIDO,NO DEFINIDO,,,,,,NO DEFINIDO,,,,,,NO DEFINIDO,NO DEFINIDO,NO DEFINIDO,3938563488.0,3690550614.0,2384811727.0
12445474,20220901,124205000,E.S.E. Hospital San Fernando - Amagá,2.1.2.02,ADQUISICIONES DIFERENTES DE ACTIVOS,GASTOS,FUNCIONAMIENTO,ADQUISICION DE BIENES Y SERVICIOS,ADQUISICIONES DIFERENTES DE ACTIVOS,No Aplica,No Aplica,No Aplica,No Aplica,No Aplica,No Aplica,VIGENCIA ACTUAL,ENTIDADES DIFERENTES A ENTIDADES TERRITORIALES - UNIDAD DE SALUD,NO DEFINIDO,NO DEFINIDO,NO DEFINIDO,,,2022,Tercer Trimestre,eje_gasto,,,,NO DEFINIDO,NO DEFINIDO,,,,,,NO DEFINIDO,,,,,,NO DEFINIDO,NO DEFINIDO,NO DEFINIDO,1759647255.0,1416482884.0,1408107715.0
12452863,20220301,124205000,E.S.E. Hospital San Fernando - Amagá,2.1.1.02,PERSONAL SUPERNUMERARIO Y PLANTA TEMPORAL,GASTOS,FUNCIONAMIENTO,GASTOS DE PERSONAL,PERSONAL SUPERNUMERARIO Y PLANTA TEMPORAL,No Aplica,No Aplica,No Aplica,No Aplica,No Aplica,No Aplica,VIGENCIA ACTUAL,ENTIDADES DIFERENTES A ENTIDADES TERRITORIALES - UNIDAD DE SALUD,NO DEFINIDO,NO DEFINIDO,NO DEFINIDO,,,2022,Primer Trimestre,eje_gasto,,,,NO DEFINIDO,NO DEFINIDO,,,,,,NO DEFINIDO,,,,,,NO DEFINIDO,NO DEFINIDO,NO DEFINIDO,87000.0,87000.0,87000.0
12453221,20210301,124205000,E.S.E. Hospital San Fernando - Amagá,2.1.3,TRANSFERENCIAS CORRIENTES,GASTOS,FUNCIONAMIENTO,TRANSFERENCIAS CORRIENTES,No Aplica,No Aplica,No Aplica,No Aplica,No Aplica,No Aplica,No Aplica,CUENTAS POR PAGAR,ENTIDADES DIFERENTES A ENTIDADES TERRITORIALES - GESTION GENERAL,NO DEFINIDO,NO DEFINIDO,NO DEFINIDO,,,2021,Primer Trimestre,eje_gasto,,,,NO DEFINIDO,NO DEFINIDO,,,,,,NO DEFINIDO,,,,,,NO DEFINIDO,NO DEFINIDO,NO DEFINIDO,2061965.0,2061965.0,1587607.0
12456098,20210601,124205000,E.S.E. Hospital San Fernando - Amagá,2.1.1.01.01.001,FACTORES SALARIALES COMUNES,GASTOS,FUNCIONAMIENTO,GASTOS DE PERSONAL,PLANTA DE PERSONAL PERMANENTE,FACTORES CONSTITUTIVOS DE SALARIO,FACTORES SALARIALES COMUNES,No Aplica,No Aplica,No Aplica,No Aplica,VIGENCIA ACTUAL,ENTIDADES DIFERENTES A ENTIDADES TERRITORIALES - GESTION GENERAL,NO DEFINIDO,NO DEFINIDO,NO DEFINIDO,,,2021,Segundo Trimestre,eje_gasto,,,,NO DEFINIDO,NO DEFINIDO,,,,,,NO DEFINIDO,,,,,,NO DEFINIDO,NO DEFINIDO,NO DEFINIDO,1013767112.0,1013764112.0,505541884.0
12464111,20230601,124205000,E.S.E. Hospital San Fernando - Amagá,2.1.1.01,PLANTA DE PERSONAL PERMANENTE,GASTOS,FUNCIONAMIENTO,GASTOS DE PERSONAL,PLANTA DE PERSONAL PERMANENTE,No Aplica,No Aplica,No Aplica,No Aplica,No Aplica,No Aplica,VIGENCIA ACTUAL,ENTIDADES TERRITORIALES - SALUD,NO DEFINIDO,NO DEFINIDO,NO DEFINIDO,,,2023,Segundo Trimestre,eje_gasto,,,,NO DEFINIDO,NO DEFINIDO,,,,,,NO DEFINIDO,,,,,,NO DEFINIDO,NO DEFINIDO,NO DEFINIDO,1630347396.0,1630347396.0,1332699127.0
12473948,20210301,124205000,E.S.E. Hospital San Fernando - Amagá,2.1.1.01.01.001.01,SUELDO BASICO,GASTOS,FUNCIONAMIENTO,GASTOS DE PERSONAL,PLANTA DE PERSONAL PERMANENTE,FACTORES CONSTITUTIVOS DE SALARIO,FACTORES SALARIALES COMUNES,SUELDO BASICO,No Aplica,No Aplica,No Aplica,VIGENCIA ACTUAL,ENTIDADES DIFERENTES A ENTIDADES TERRITORIALES - GESTION GENERAL,NO DEFINIDO,NO DEFINIDO,SALUD Y PROTECCION SOCIAL,,,2021,Primer Trimestre,eje_gasto,,,,NO APLICA,1.2.3.2.09 - VENTA DE BIENES Y SERVICIOS,,,,,,NO APLICA,,,,,,CON SITUACION DE FONDOS,NO APLICA,NO DEFINIDO,386313597.0,386313597.0,117588856.0
12474965,20211201,124205000,E.S.E. Hospital San Fernando - Amagá,2.4.5.02.08,SERVICIOS PRESTADOS A LAS EMPRESAS Y SERVICIOS DE PRODUCCION,GASTOS,GASTOS DE OPERACION COMERCIAL,GASTOS DE COMERCIALIZACION Y PRODUCCION,ADQUISICION DE SERVICIOS,SERVICIOS PRESTADOS A LAS EMPRESAS Y SERVICIOS DE PRODUCCION,No Aplica,No Aplica,No Aplica,No Aplica,No Aplica,VIGENCIA ACTUAL,ENTIDADES DIFERENTES A ENTIDADES TERRITORIALES - GESTION GENERAL,NO DEFINIDO,NO DEFINIDO,SALUD Y PROTECCION SOCIAL,,,2021,Cuarto Trimestre,eje_gasto,,,,OTROS SERVICIOS DIVERSOS N C P,OTRAS CONTRIBUCIONES CON DESTINACION ESPECIFICA LEGAL,,,,,,NO APLICA,,,,,,CON SITUACION DE FONDOS,NO APLICA,NO DEFINIDO,10325869.0,10325869.0,9348538.0
12476472,20220901,124205000,E.S.E. Hospital San Fernando - Amagá,2.1.2.02.02.005,CONSTRUCCION Y SERVICIOS DE LA CONSTRUCCION,GASTOS,FUNCIONAMIENTO,ADQUISICION DE BIENES Y SERVICIOS,ADQUISICIONES DIFERENTES DE ACTIVOS,ADQUISICION DE SERVICIOS,CONSTRUCCION Y SERVICIOS DE LA CONSTRUCCION,No Aplica,No Aplica,No Aplica,No Aplica,VIGENCIA ACTUAL,ENTIDADES DIFERENTES A ENTIDADES TERRITORIALES - UNIDAD DE SALUD,NO DEFINIDO,NO DEFINIDO,SALUD Y PROTECCION SOCIAL,,,2022,Tercer Trimestre,eje_gasto,,,,SERVICIOS DE SEGUROS SOCIALES DE SALUD,R.B. VENTA DE BIENES Y SERVICIOS,,,,,,NO APLICA,,,,,,SIN SITUACION DE FONDOS,NO APLICA,NO DEFINIDO,39311947.0,22749068.0,22749068.0
12479658,20220601,124205000,E.S.E. Hospital San Fernando - Amagá,2.1.3.07.02,PRESTACIONES SOCIALES RELACIONADAS CON EL EMPLEO,GASTOS,FUNCIONAMIENTO,TRANSFERENCIAS CORRIENTES,PRESTACIONES PARA CUBRIR RIESGOS SOCIALES,PRESTACIONES SOCIALES RELACIONADAS CON EL EMPLEO,No Aplica,No Aplica,No Aplica,No Aplica,No Aplica,VIGENCIA ACTUAL,ENTIDADES DIFERENTES A ENTIDADES TERRITORIALES - UNIDAD DE SALUD,NO DEFINIDO,NO DEFINIDO,NO DEFINIDO,,,2022,Segundo Trimestre,eje_gasto,,,,NO DEFINIDO,NO DEFINIDO,,,,,,NO DEFINIDO,,,,,,NO DEFINIDO,NO DEFINIDO,NO DEFINIDO,7039200.0,7039200.0,5028000.0
12479983,20211201,124205000,E.S.E. Hospital San Fernando - Amagá,2.4.5.02.08,SERVICIOS PRESTADOS A LAS EMPRESAS Y SERVICIOS DE PRODUCCION,GASTOS,GASTOS DE OPERACION COMERCIAL,GASTOS DE COMERCIALIZACION Y PRODUCCION,ADQUISICION DE SERVICIOS,SERVICIOS PRESTADOS A LAS EMPRESAS Y SERVICIOS DE PRODUCCION,No Aplica,No Aplica,No Aplica,No Aplica,No Aplica,CUENTAS POR PAGAR,ENTIDADES DIFERENTES A ENTIDADES TERRITORIALES - GESTION GENERAL,NO DEFINIDO,NO DEFINIDO,SALUD Y PROTECCION SOCIAL,,,2021,Cuarto Trimestre,eje_gasto,,,,OTROS SERVICIOS DIVERSOS N C P,OTRAS CONTRIBUCIONES CON DESTINACION ESPECIFICA LEGAL,,,,,,NO APLICA,,,,,,CON SITUACION DE FONDOS,NO APLICA,NO DEFINIDO,108747715.0,108747715.0,108747715.0
12480383,20210601,124205000,E.S.E. Hospital San Fernando - Amagá,2.1,FUNCIONAMIENTO,GASTOS,FUNCIONAMIENTO,No Aplica,No Aplica,No Aplica,No Aplica,No Aplica,No Aplica,No Aplica,No Aplica,VIGENCIA ACTUAL,ENTIDADES DIFERENTES A ENTIDADES TERRITORIALES - GESTION GENERAL,NO DEFINIDO,NO DEFINIDO,NO DEFINIDO,,,2021,Segundo Trimestre,eje_gasto,,,,NO DEFINIDO,NO DEFINIDO,,,,,,NO DEFINIDO,,,,,,NO DEFINIDO,NO DEFINIDO,NO DEFINIDO,2365437307.0,1984319378.0,1222355844.0
12480736,20210301,124205000,E.S.E. Hospital San Fernando - Amagá,2.1.1.01.02.006,APORTES AL ICBF,GASTOS,FUNCIONAMIENTO,GASTOS DE PERSONAL,PLANTA DE PERSONAL PERMANENTE,CONTRIBUCIONES INHERENTES A LA NOMINA,APORTES AL ICBF,No Aplica,No Aplica,No Aplica,No Aplica,VIGENCIA ACTUAL,ENTIDADES DIFERENTES A ENTIDADES TERRITORIALES - GESTION GENERAL,NO DEFINIDO,NO DEFINIDO,SALUD Y PROTECCION SOCIAL,,,2021,Primer Trimestre,eje_gasto,,,,NO APLICA,1.2.3.2.09 - VENTA DE BIENES Y SERVICIOS,,,,,,NO APLICA,,,,,,CON SITUACION DE FONDOS,NO APLICA,NO DEFINIDO,12855600.0,12855600.0,8670600.0
12487659,20230601,124205000,E.S.E. Hospital San Fernando - Amagá,2.1.1.01.01.001.02,"HORAS EXTRAS, DOMINICALES, FESTIVOS Y RECARGOS",GASTOS,FUNCIONAMIENTO,GASTOS DE PERSONAL,PLANTA DE PERSONAL PERMANENTE,FACTORES CONSTITUTIVOS DE SALARIO,FACTORES SALARIALES COMUNES,"HORAS EXTRAS, DOMINICALES, FESTIVOS Y RECARGOS",No Aplica,No Aplica,No Aplica,VIGENCIA ACTUAL,ENTIDADES TERRITORIALES - SALUD,NO DEFINIDO,NO DEFINIDO,SALUD Y PROTECCION SOCIAL,,,2023,Segundo Trimestre,eje_gasto,,,,NO APLICA,R.B. VENTA DE BIENES Y SERVICIOS,,,,,,NO APLICA,,,,,,SIN SITUACION DE FONDOS,NO APLICA,NO DEFINIDO,143460489.0,143460489.0,116056964.0
12494579,20220901,124205000,E.S.E. Hospital San Fernando - Amagá,2.1.3.07,PRESTACIONES PARA CUBRIR RIESGOS SOCIALES,GASTOS,FUNCIONAMIENTO,TRANSFERENCIAS CORRIENTES,PRESTACIONES PARA CUBRIR RIESGOS SOCIALES,No Aplica,No Aplica,No Aplica,No Aplica,No Aplica,No Aplica,VIGENCIA ACTUAL,ENTIDADES DIFERENTES A ENTIDADES TERRITORIALES - UNIDAD DE SALUD,NO DEFINIDO,NO DEFINIDO,NO DEFINIDO,,,2022,Tercer Trimestre,eje_gasto,,,,NO DEFINIDO,NO DEFINIDO,,,,,,NO DEFINIDO,,,,,,NO DEFINIDO,NO DEFINIDO,NO DEFINIDO,10056000.0,10056000.0,10056000.0
12496351,20220601,124205000,E.S.E. Hospital San Fernando - Amagá,2.1.2.02.01,MATERIALES Y SUMINISTROS,GASTOS,FUNCIONAMIENTO,ADQUISICION DE BIENES Y SERVICIOS,ADQUISICIONES DIFERENTES DE ACTIVOS,MATERIALES Y SUMINISTROS,No Aplica,No Aplica,No Aplica,No Aplica,No Aplica,VIGENCIA ACTUAL,ENTIDADES DIFERENTES A ENTIDADES TERRITORIALES - UNIDAD DE SALUD,NO DEFINIDO,NO DEFINIDO,NO DEFINIDO,,,2022,Segundo Trimestre,eje_gasto,,,,NO DEFINIDO,NO DEFINIDO,,,,,,NO DEFINIDO,,,,,,NO DEFINIDO,NO DEFINIDO,NO DEFINIDO,43852893.0,43852893.0,36465490.0
12511969,20220301,124205000,E.S.E. Hospital San Fernando - Amagá,2.1.8.05.02,INTERESES DE MORA,GASTOS,FUNCIONAMIENTO,"GASTOS POR TRIBUTOS, TASAS, CONTRIBUCIONES, MULTAS, SANCIONES E INTERESES DE MORA","MULTAS, SANCIONES E INTERESES DE MORA",INTERESES DE MORA,No Aplica,No Aplica,No Aplica,No Aplica,No Aplica,VIGENCIA ACTUAL,ENTIDADES DIFERENTES A ENTIDADES TERRITORIALES - UNIDAD DE SALUD,NO DEFINIDO,NO DEFINIDO,SALUD Y PROTECCION SOCIAL,,,2022,Primer Trimestre,eje_gasto,,,,NO APLICA,R.B. VENTA DE BIENES Y SERVICIOS,,,,,,NO APLICA,,,,,,SIN SITUACION DE FONDOS,NO APLICA,NO DEFINIDO,4000.0,4000.0,4000.0
12513724,20220901,124205000,E.S.E. Hospital San Fernando - Amagá,2.1.1.02.01.001,FACTORES SALARIALES COMUNES,GASTOS,FUNCIONAMIENTO,GASTOS DE PERSONAL,PERSONAL SUPERNUMERARIO Y PLANTA TEMPORAL,FACTORES CONSTITUTIVOS DE SALARIO,FACTORES SALARIALES COMUNES,No Aplica,No Aplica,No Aplica,No Aplica,VIGENCIA ACTUAL,ENTIDADES DIFERENTES A ENTIDADES TERRITORIALES - UNIDAD DE SALUD,NO DEFINIDO,NO DEFINIDO,NO DEFINIDO,,,2022,Tercer Trimestre,eje_gasto,,,,NO DEFINIDO,NO DEFINIDO,,,,,,NO DEFINIDO,,,,,,NO DEFINIDO,NO DEFINIDO,NO DEFINIDO,12600628.0,12600628.0,8105565.0
12518830,20220301,124205000,E.S.E. Hospital San Fernando - Amagá,2.4.5.01.03,"OTROS BIENES TRANSPORTABLES EXCEPTO PRODUCTOS METALICOS, MAQUINARIA Y EQUIPO",GASTOS,GASTOS DE OPERACION COMERCIAL,GASTOS DE COMERCIALIZACION Y PRODUCCION,MATERIALES Y SUMINISTROS,"OTROS BIENES TRANSPORTABLES EXCEPTO PRODUCTOS METALICOS, MAQUINARIA Y EQUIPO",No Aplica,No Aplica,No Aplica,No Aplica,No Aplica,VIGENCIA ACTUAL,ENTIDADES DIFERENTES A ENTIDADES TERRITORIALES - UNIDAD DE SALUD,NO DEFINIDO,NO DEFINIDO,SALUD Y PROTECCION SOCIAL,,,2022,Primer Trimestre,eje_gasto,,,,SERVICIOS DE LA ADMINISTRACION PUBLICA RELACIONADOS CON LA SALUD,R.B. VENTA DE BIENES Y SERVICIOS,,,,,,NO APLICA,,,,,,SIN SITUACION DE FONDOS,NO APLICA,NO DEFINIDO,14501236.0,14501236.0,14501236.0
12522485,20210301,124205000,E.S.E. Hospital San Fernando - Amagá,2.1.1,GASTOS DE PERSONAL,GASTOS,FUNCIONAMIENTO,GASTOS DE PERSONAL,No Aplica,No Aplica,No Aplica,No Aplica,No Aplica,No Aplica,No Aplica,VIGENCIA ACTUAL,ENTIDADES DIFERENTES A ENTIDADES TERRITORIALES - GESTION GENERAL,NO DEFINIDO,NO DEFINIDO,NO DEFINIDO,,,2021,Primer Trimestre,eje_gasto,,,,NO DEFINIDO,NO DEFINIDO,,,,,,NO DEFINIDO,,,,,,NO DEFINIDO,NO DEFINIDO,NO DEFINIDO,614317015.0,614317015.0,248069377.0
12525640,20210301,124205000,E.S.E. Hospital San Fernando - Amagá,2.1.2,ADQUISICION DE BIENES Y SERVICIOS,GASTOS,FUNCIONAMIENTO,ADQUISICION DE BIENES Y SERVICIOS,No Aplica,No Aplica,No Aplica,No Aplica,No Aplica,No Aplica,No Aplica,CUENTAS POR PAGAR,ENTIDADES DIFERENTES A ENTIDADES TERRITORIALES - GESTION GENERAL,NO DEFINIDO,NO DEFINIDO,NO DEFINIDO,,,2021,Primer Trimestre,eje_gasto,,,,NO DEFINIDO,NO DEFINIDO,,,,,,NO DEFINIDO,,,,,,NO DEFINIDO,NO DEFINIDO,NO DEFINIDO,120797899.0,120797899.0,112471333.0
12528963,20211201,124205000,E.S.E. Hospital San Fernando - Amagá,2.1.1.01.02.006,APORTES AL ICBF,GASTOS,FUNCIONAMIENTO,GASTOS DE PERSONAL,PLANTA DE PERSONAL PERMANENTE,CONTRIBUCIONES INHERENTES A LA NOMINA,APORTES AL ICBF,No Aplica,No Aplica,No Aplica,No Aplica,VIGENCIA ACTUAL,ENTIDADES DIFERENTES A ENTIDADES TERRITORIALES - GESTION GENERAL,NO DEFINIDO,NO DEFINIDO,SALUD Y PROTECCION SOCIAL,,,2021,Cuarto Trimestre,eje_gasto,,,,NO APLICA,OTRAS CONTRIBUCIONES CON DESTINACION ESPECIFICA LEGAL,,,,,,NO APLICA,,,,,,CON SITUACION DE FONDOS,NO APLICA,NO DEFINIDO,49756560.0,49756560.0,46937800.0
12536835,20220901,124205000,E.S.E. Hospital San Fernando - Amagá,2.1.1.01.02.001,APORTES A LA SEGURIDAD SOCIAL EN PENSIONES,GASTOS,FUNCIONAMIENTO,GASTOS DE PERSONAL,PLANTA DE PERSONAL PERMANENTE,CONTRIBUCIONES INHERENTES A LA NOMINA,APORTES A LA SEGURIDAD SOCIAL EN PENSIONES,No Aplica,No Aplica,No Aplica,No Aplica,VIGENCIA ACTUAL,ENTIDADES DIFERENTES A ENTIDADES TERRITORIALES - UNIDAD DE SALUD,NO DEFINIDO,NO DEFINIDO,SALUD Y PROTECCION SOCIAL,,,2022,Tercer Trimestre,eje_gasto,,,,NO APLICA,R.B. VENTA DE BIENES Y SERVICIOS,,,,,,NO APLICA,,,,,,SIN SITUACION DE FONDOS,NO APLICA,NO DEFINIDO,157411014.0,157411014.0,155227545.0
12538250,20220601,124205000,E.S.E. Hospital San Fernando - Amagá,2.4.5.02.06,"COMERCIO Y DISTRIBUCION; ALOJAMIENTO; SERVICIOS DE SUMINISTRO DE COMIDAS Y BEBIDAS; SERVICIOS DE TRANSPORTE; Y SERVICIOS DE DISTRIBUCION DE ELECTRICIDAD, GAS Y AGUA",GASTOS,GASTOS DE OPERACION COMERCIAL,GASTOS DE COMERCIALIZACION Y PRODUCCION,ADQUISICION DE SERVICIOS,"COMERCIO Y DISTRIBUCION; ALOJAMIENTO; SERVICIOS DE SUMINISTRO DE COMIDAS Y BEBIDAS; SERVICIOS DE TRANSPORTE; Y SERVICIOS DE DISTRIBUCION DE ELECTRICIDAD, GAS Y AGUA",No Aplica,No Aplica,No Aplica,No Aplica,No Aplica,VIGENCIA ACTUAL,ENTIDADES DIFERENTES A ENTIDADES TERRITORIALES - UNIDAD DE SALUD,NO DEFINIDO,NO DEFINIDO,SALUD Y PROTECCION SOCIAL,,,2022,Segundo Trimestre,eje_gasto,,,,SERVICIOS DE SEGUROS SOCIALES DE SALUD,R.B. VENTA DE BIENES Y SERVICIOS,,,,,,NO APLICA,,,,,,SIN SITUACION DE FONDOS,NO APLICA,NO DEFINIDO,30373592.0,30373592.0,27712095.0
12538720,20230601,124205000,E.S.E. Hospital San Fernando - Amagá,2.1.2.02.02.009,"SERVICIOS PARA LA COMUNIDAD, SOCIALES Y PERSONALES",GASTOS,FUNCIONAMIENTO,ADQUISICION DE BIENES Y SERVICIOS,ADQUISICIONES DIFERENTES DE ACTIVOS,ADQUISICION DE SERVICIOS,"SERVICIOS PARA LA COMUNIDAD, SOCIALES Y PERSONALES",No Aplica,No Aplica,No Aplica,No Aplica,VIGENCIA ACTUAL,ENTIDADES TERRITORIALES - SALUD,NO DEFINIDO,NO DEFINIDO,SALUD Y PROTECCION SOCIAL,,,2023,Segundo Trimestre,eje_gasto,,,,SERVICIOS MEDICOS GENERALES,R.B. VENTA DE BIENES Y SERVICIOS,,,,,,NO APLICA,,,,,,SIN SITUACION DE FONDOS,NO APLICA,NO DEFINIDO,809164034.0,598652347.0,598652347.0
12552914,20211201,124205000,E.S.E. Hospital San Fernando - Amagá,2.1.2.01,ADQUISICION DE ACTIVOS NO FINANCIEROS,GASTOS,FUNCIONAMIENTO,ADQUISICION DE BIENES Y SERVICIOS,ADQUISICION DE ACTIVOS NO FINANCIEROS,No Aplica,No Aplica,No Aplica,No Aplica,No Aplica,No Aplica,VIGENCIA ACTUAL,ENTIDADES DIFERENTES A ENTIDADES TERRITORIALES - GESTION GENERAL,NO DEFINIDO,NO DEFINIDO,NO DEFINIDO,,,2021,Cuarto Trimestre,eje_gasto,,,,NO DEFINIDO,NO DEFINIDO,,,,,,NO DEFINIDO,,,,,,NO DEFINIDO,NO DEFINIDO,NO DEFINIDO,10000000.0,10000000.0,10000000.0
12555136,20221201,124205000,E.S.E. Hospital San Fernando - Amagá,2.1.2.02.02,ADQUISICION DE SERVICIOS,GASTOS,FUNCIONAMIENTO,ADQUISICION DE BIENES Y SERVICIOS,ADQUISICIONES DIFERENTES DE ACTIVOS,ADQUISICION DE SERVICIOS,No Aplica,No Aplica,No Aplica,No Aplica,No Aplica,VIGENCIA ACTUAL,ENTIDADES DIFERENTES A ENTIDADES TERRITORIALES - UNIDAD DE SALUD,NO DEFINIDO,NO DEFINIDO,NO DEFINIDO,,,2022,Cuarto Trimestre,eje_gasto,,,,NO DEFINIDO,NO DEFINIDO,,,,,,NO DEFINIDO,,,,,,NO DEFINIDO,NO DEFINIDO,NO DEFINIDO,1926673976.0,1877568623.0,1692779069.0
12561758,20211201,124205000,E.S.E. Hospital San Fernando - Amagá,2.1.1.01.01.001.06,PRIMA DE SERVICIO,GASTOS,FUNCIONAMIENTO,GASTOS DE PERSONAL,PLANTA DE PERSONAL PERMANENTE,FACTORES CONSTITUTIVOS DE SALARIO,FACTORES SALARIALES COMUNES,PRIMA DE SERVICIO,No Aplica,No Aplica,No Aplica,VIGENCIA ACTUAL,ENTIDADES DIFERENTES A ENTIDADES TERRITORIALES - GESTION GENERAL,NO DEFINIDO,NO DEFINIDO,SALUD Y PROTECCION SOCIAL,,,2021,Cuarto Trimestre,eje_gasto,,,,NO APLICA,OTRAS CONTRIBUCIONES CON DESTINACION ESPECIFICA LEGAL,,,,,,NO APLICA,,,,,,CON SITUACION DE FONDOS,NO APLICA,NO DEFINIDO,65700749.0,65700749.0,51654598.0
12563237,20210901,124205000,E.S.E. Hospital San Fernando - Amagá,2.1.2.02.02.008,SERVICIOS PRESTADOS A LAS EMPRESAS Y SERVICIOS DE PRODUCCION,GASTOS,FUNCIONAMIENTO,ADQUISICION DE BIENES Y SERVICIOS,ADQUISICIONES DIFERENTES DE ACTIVOS,ADQUISICION DE SERVICIOS,SERVICIOS PRESTADOS A LAS EMPRESAS Y SERVICIOS DE PRODUCCION,No Aplica,No Aplica,No Aplica,No Aplica,CUENTAS POR PAGAR,ENTIDADES DIFERENTES A ENTIDADES TERRITORIALES - GESTION GENERAL,NO DEFINIDO,NO DEFINIDO,SALUD Y PROTECCION SOCIAL,,,2021,Tercer Trimestre,eje_gasto,,,,83619 - OTROS SERVICIOS DE PUBLICIDAD,1.1.0.0.00 - DISPONIBILIDAD INICIAL,,,,,,NO APLICA,,,,,,CON SITUACION DE FONDOS,NO APLICA,NO DEFINIDO,31540438.0,31540438.0,25269892.0
12570824,20210901,124205000,E.S.E. Hospital San Fernando - Amagá,2.1.2.02.01,MATERIALES Y SUMINISTROS,GASTOS,FUNCIONAMIENTO,ADQUISICION DE BIENES Y SERVICIOS,ADQUISICIONES DIFERENTES DE ACTIVOS,MATERIALES Y SUMINISTROS,No Aplica,No Aplica,No Aplica,No Aplica,No Aplica,CUENTAS POR PAGAR,ENTIDADES DIFERENTES A ENTIDADES TERRITORIALES - GESTION GENERAL,NO DEFINIDO,NO DEFINIDO,NO DEFINIDO,,,2021,Tercer Trimestre,eje_gasto,,,,NO DEFINIDO,NO DEFINIDO,,,,,,NO DEFINIDO,,,,,,NO DEFINIDO,NO DEFINIDO,NO DEFINIDO,26302970.0,26302970.0,26279010.0
12587613,20220601,124205000,E.S.E. Hospital San Fernando - Amagá,2.4.5,GASTOS DE COMERCIALIZACION Y PRODUCCION,GASTOS,GASTOS DE OPERACION COMERCIAL,GASTOS DE COMERCIALIZACION Y PRODUCCION,No Aplica,No Aplica,No Aplica,No Aplica,No Aplica,No Aplica,No Aplica,VIGENCIA ACTUAL,ENTIDADES DIFERENTES A ENTIDADES TERRITORIALES - UNIDAD DE SALUD,NO DEFINIDO,NO DEFINIDO,NO DEFINIDO,,,2022,Segundo Trimestre,eje_gasto,,,,NO DEFINIDO,NO DEFINIDO,,,,,,NO DEFINIDO,,,,,,NO DEFINIDO,NO DEFINIDO,NO DEFINIDO,433226654.0,406961540.0,238237486.0
12589833,20220601,124205000,E.S.E. Hospital San Fernando - Amagá,2.1.1.01.01.001.05,AUXILIO DE TRANSPORTE,GASTOS,FUNCIONAMIENTO,GASTOS DE PERSONAL,PLANTA DE PERSONAL PERMANENTE,FACTORES CONSTITUTIVOS DE SALARIO,FACTORES SALARIALES COMUNES,AUXILIO DE TRANSPORTE,No Aplica,No Aplica,No Aplica,VIGENCIA ACTUAL,ENTIDADES DIFERENTES A ENTIDADES TERRITORIALES - UNIDAD DE SALUD,NO DEFINIDO,NO DEFINIDO,SALUD Y PROTECCION SOCIAL,,,2022,Segundo Trimestre,eje_gasto,,,,NO APLICA,R.B. VENTA DE BIENES Y SERVICIOS,,,,,,NO APLICA,,,,,,SIN SITUACION DE FONDOS,NO APLICA,NO DEFINIDO,9280040.0,9280040.0,6266292.0
12591226,20220901,124205000,E.S.E. Hospital San Fernando - Amagá,2.4,GASTOS DE OPERACION COMERCIAL,GASTOS,GASTOS DE OPERACION COMERCIAL,No Aplica,No Aplica,No Aplica,No Aplica,No Aplica,No Aplica,No Aplica,No Aplica,VIGENCIA ACTUAL,ENTIDADES DIFERENTES A ENTIDADES TERRITORIALES - UNIDAD DE SALUD,NO DEFINIDO,NO DEFINIDO,NO DEFINIDO,,,2022,Tercer Trimestre,eje_gasto,,,,NO DEFINIDO,NO DEFINIDO,,,,,,NO DEFINIDO,,,,,,NO DEFINIDO,NO DEFINIDO,NO DEFINIDO,654619313.0,628354199.0,526231047.0
12599196,20220901,124205000,E.S.E. Hospital San Fernando - Amagá,2.1.1.02.01,FACTORES CONSTITUTIVOS DE SALARIO,GASTOS,FUNCIONAMIENTO,GASTOS DE PERSONAL,PERSONAL SUPERNUMERARIO Y PLANTA TEMPORAL,FACTORES CONSTITUTIVOS DE SALARIO,No Aplica,No Aplica,No Aplica,No Aplica,No Aplica,VIGENCIA ACTUAL,ENTIDADES DIFERENTES A ENTIDADES TERRITORIALES - UNIDAD DE SALUD,NO DEFINIDO,NO DEFINIDO,NO DEFINIDO,,,2022,Tercer Trimestre,eje_gasto,,,,NO DEFINIDO,NO DEFINIDO,,,,,,NO DEFINIDO,,,,,,NO DEFINIDO,NO DEFINIDO,NO DEFINIDO,12600628.0,12600628.0,8105565.0
12605744,20210301,124205000,E.S.E. Hospital San Fernando - Amagá,2.1.2.02.02.009,"SERVICIOS PARA LA COMUNIDAD, SOCIALES Y PERSONALES",GASTOS,FUNCIONAMIENTO,ADQUISICION DE BIENES Y SERVICIOS,ADQUISICIONES DIFERENTES DE ACTIVOS,ADQUISICION DE SERVICIOS,"SERVICIOS PARA LA COMUNIDAD, SOCIALES Y PERSONALES",No Aplica,No Aplica,No Aplica,No Aplica,VIGENCIA ACTUAL,ENTIDADES DIFERENTES A ENTIDADES TERRITORIALES - GESTION GENERAL,NO DEFINIDO,NO DEFINIDO,SALUD Y PROTECCION SOCIAL,,,2021,Primer Trimestre,eje_gasto,,,,97990 - OTROS SERVICIOS DIVERSOS N.C.P.,1.2.3.2.09 - VENTA DE BIENES Y SERVICIOS,,,,,,NO APLICA,,,,,,CON SITUACION DE FONDOS,NO APLICA,NO DEFINIDO,113816656.0,17081256.0,0.0
12612960,20221201,124205000,E.S.E. Hospital San Fernando - Amagá,2.1.1.02.01,FACTORES CONSTITUTIVOS DE SALARIO,GASTOS,FUNCIONAMIENTO,GASTOS DE PERSONAL,PERSONAL SUPERNUMERARIO Y PLANTA TEMPORAL,FACTORES CONSTITUTIVOS DE SALARIO,No Aplica,No Aplica,No Aplica,No Aplica,No Aplica,VIGENCIA ACTUAL,ENTIDADES DIFERENTES A ENTIDADES TERRITORIALES - UNIDAD DE SALUD,NO DEFINIDO,NO DEFINIDO,NO DEFINIDO,,,2022,Cuarto Trimestre,eje_gasto,,,,NO DEFINIDO,NO DEFINIDO,,,,,,NO DEFINIDO,,,,,,NO DEFINIDO,NO DEFINIDO,NO DEFINIDO,19664563.0,19664563.0,12589773.0
12614992,20221201,124205000,E.S.E. Hospital San Fernando - Amagá,2.1.8,"GASTOS POR TRIBUTOS, TASAS, CONTRIBUCIONES, MULTAS, SANCIONES E INTERESES DE MORA",GASTOS,FUNCIONAMIENTO,"GASTOS POR TRIBUTOS, TASAS, CONTRIBUCIONES, MULTAS, SANCIONES E INTERESES DE MORA",No Aplica,No Aplica,No Aplica,No Aplica,No Aplica,No Aplica,No Aplica,VIGENCIA ACTUAL,ENTIDADES DIFERENTES A ENTIDADES TERRITORIALES - UNIDAD DE SALUD,NO DEFINIDO,NO DEFINIDO,NO DEFINIDO,,,2022,Cuarto Trimestre,eje_gasto,,,,NO DEFINIDO,NO DEFINIDO,,,,,,NO DEFINIDO,,,,,,NO DEFINIDO,NO DEFINIDO,NO DEFINIDO,4000.0,4000.0,4000.0
12616493,20220601,124205000,E.S.E. Hospital San Fernando - Amagá,2,GASTOS,GASTOS,No Aplica,No Aplica,No Aplica,No Aplica,No Aplica,No Aplica,No Aplica,No Aplica,No Aplica,VIGENCIA ACTUAL,ENTIDADES DIFERENTES A ENTIDADES TERRITORIALES - UNIDAD DE SALUD,NO DEFINIDO,NO DEFINIDO,NO DEFINIDO,,,2022,Segundo Trimestre,eje_gasto,,,,NO DEFINIDO,NO DEFINIDO,,,,,,NO DEFINIDO,,,,,,NO DEFINIDO,NO DEFINIDO,NO DEFINIDO,3004518383.0,2704055967.0,1984900671.0
12622302,20210901,124205000,E.S.E. Hospital San Fernando - Amagá,2.1.1.01.03.001,PRESTACIONES SOCIALES,GASTOS,FUNCIONAMIENTO,GASTOS DE PERSONAL,PLANTA DE PERSONAL PERMANENTE,REMUNERACIONES NO CONSTITUTIVAS DE FACTOR SALARIAL,PRESTACIONES SOCIALES,No Aplica,No Aplica,No Aplica,No Aplica,VIGENCIA ACTUAL,ENTIDADES DIFERENTES A ENTIDADES TERRITORIALES - GESTION GENERAL,NO DEFINIDO,NO DEFINIDO,NO DEFINIDO,,,2021,Tercer Trimestre,eje_gasto,,,,NO DEFINIDO,NO DEFINIDO,,,,,,NO DEFINIDO,,,,,,NO DEFINIDO,NO DEFINIDO,NO DEFINIDO,3393199.0,3393199.0,1964878.0
12632891,20230601,124205000,E.S.E. Hospital San Fernando - Amagá,2.1.3.07.02.001.02,MESADAS PENSIONALES A CARGO DE LA ENTIDAD DE PENSIONES,GASTOS,FUNCIONAMIENTO,TRANSFERENCIAS CORRIENTES,PRESTACIONES PARA CUBRIR RIESGOS SOCIALES,PRESTACIONES SOCIALES RELACIONADAS CON EL EMPLEO,MESADAS PENSIONALES DE PENSIONES,MESADAS PENSIONALES A CARGO DE LA ENTIDAD DE PENSIONES,No Aplica,No Aplica,No Aplica,VIGENCIA ACTUAL,ENTIDADES TERRITORIALES - SALUD,NO DEFINIDO,NO DEFINIDO,SALUD Y PROTECCION SOCIAL,,,2023,Segundo Trimestre,eje_gasto,,,,NO APLICA,R.B. VENTA DE BIENES Y SERVICIOS,,,,,,NO APLICA,,,,,,SIN SITUACION DE FONDOS,NO APLICA,NO DEFINIDO,8120000.0,8120000.0,6753283.0
12635830,20210901,124205000,E.S.E. Hospital San Fernando - Amagá,2.1.3.07.02.003.02,BONOS PENSIONALES A CARGO DE LA ENTIDAD DE PENSIONES,GASTOS,FUNCIONAMIENTO,TRANSFERENCIAS CORRIENTES,PRESTACIONES PARA CUBRIR RIESGOS SOCIALES,PRESTACIONES SOCIALES RELACIONADAS CON EL EMPLEO,BONOS PENSIONALES DE PENSIONES,BONOS PENSIONALES A CARGO DE LA ENTIDAD DE PENSIONES,No Aplica,No Aplica,No Aplica,VIGENCIA ACTUAL,ENTIDADES DIFERENTES A ENTIDADES TERRITORIALES - GESTION GENERAL,NO DEFINIDO,NO DEFINIDO,SALUD Y PROTECCION SOCIAL,,,2021,Tercer Trimestre,eje_gasto,,,,NO APLICA,1.2.3.2.09 - VENTA DE BIENES Y SERVICIOS,,,,,,NO APLICA,,,,,,CON SITUACION DE FONDOS,NO APLICA,NO DEFINIDO,2929232.0,2929232.0,2749638.0
12637535,20221201,124205000,E.S.E. Hospital San Fernando - Amagá,2.1.1.01.02,CONTRIBUCIONES INHERENTES A LA NOMINA,GASTOS,FUNCIONAMIENTO,GASTOS DE PERSONAL,PLANTA DE PERSONAL PERMANENTE,CONTRIBUCIONES INHERENTES A LA NOMINA,No Aplica,No Aplica,No Aplica,No Aplica,No Aplica,VIGENCIA ACTUAL,ENTIDADES DIFERENTES A ENTIDADES TERRITORIALES - UNIDAD DE SALUD,NO DEFINIDO,NO DEFINIDO,NO DEFINIDO,,,2022,Cuarto Trimestre,eje_gasto,,,,NO DEFINIDO,NO DEFINIDO,,,,,,NO DEFINIDO,,,,,,NO DEFINIDO,NO DEFINIDO,NO DEFINIDO,746423781.0,746423781.0,718880950.0
12640249,20210601,124205000,E.S.E. Hospital San Fernando - Amagá,2.1.1.01.03,REMUNERACIONES NO CONSTITUTIVAS DE FACTOR SALARIAL,GASTOS,FUNCIONAMIENTO,GASTOS DE PERSONAL,PLANTA DE PERSONAL PERMANENTE,REMUNERACIONES NO CONSTITUTIVAS DE FACTOR SALARIAL,No Aplica,No Aplica,No Aplica,No Aplica,No Aplica,VIGENCIA ACTUAL,ENTIDADES DIFERENTES A ENTIDADES TERRITORIALES - GESTION GENERAL,NO DEFINIDO,NO DEFINIDO,NO DEFINIDO,,,2021,Segundo Trimestre,eje_gasto,,,,NO DEFINIDO,NO DEFINIDO,,,,,,NO DEFINIDO,,,,,,NO DEFINIDO,NO DEFINIDO,NO DEFINIDO,2682624.0,2682624.0,1297865.0
12645345,20210301,124205000,E.S.E. Hospital San Fernando - Amagá,2.1.2.02.01.003,"OTROS BIENES TRANSPORTABLES EXCEPTO PRODUCTOS METALICOS, MAQUINARIA Y EQUIPO",GASTOS,FUNCIONAMIENTO,ADQUISICION DE BIENES Y SERVICIOS,ADQUISICIONES DIFERENTES DE ACTIVOS,MATERIALES Y SUMINISTROS,"OTROS BIENES TRANSPORTABLES EXCEPTO PRODUCTOS METALICOS, MAQUINARIA Y EQUIPO",No Aplica,No Aplica,No Aplica,No Aplica,VIGENCIA ACTUAL,ENTIDADES DIFERENTES A ENTIDADES TERRITORIALES - GESTION GENERAL,NO DEFINIDO,NO DEFINIDO,SALUD Y PROTECCION SOCIAL,,,2021,Primer Trimestre,eje_gasto,,,,"62251 - COMERCIO AL POR MENOR DE LIBROS, PERIÓDICOS, REVISTAS Y ARTÍCULOS DE PAPELERÍA EN ESTABLECIMIENTOS ESPECIALIZADOS",1.2.3.2.09 - VENTA DE BIENES Y SERVICIOS,,,,,,NO APLICA,,,,,,CON SITUACION DE FONDOS,NO APLICA,NO DEFINIDO,40806991.0,40806991.0,4459265.0
12648537,20210301,124205000,E.S.E. Hospital San Fernando - Amagá,2.1.1.01.01.001.08,PRESTACIONES SOCIALES,GASTOS,FUNCIONAMIENTO,GASTOS DE PERSONAL,PLANTA DE PERSONAL PERMANENTE,FACTORES CONSTITUTIVOS DE SALARIO,FACTORES SALARIALES COMUNES,PRESTACIONES SOCIALES,No Aplica,No Aplica,No Aplica,VIGENCIA ACTUAL,ENTIDADES DIFERENTES A ENTIDADES TERRITORIALES - GESTION GENERAL,NO DEFINIDO,NO DEFINIDO,NO DEFINIDO,,,2021,Primer Trimestre,eje_gasto,,,,NO DEFINIDO,NO DEFINIDO,,,,,,NO DEFINIDO,,,,,,NO DEFINIDO,NO DEFINIDO,NO DEFINIDO,15514226.0,15514226.0,3642131.0
12659896,20210301,124205000,E.S.E. Hospital San Fernando - Amagá,2.1,FUNCIONAMIENTO,GASTOS,FUNCIONAMIENTO,No Aplica,No Aplica,No Aplica,No Aplica,No Aplica,No Aplica,No Aplica,No Aplica,VIGENCIA ACTUAL,ENTIDADES DIFERENTES A ENTIDADES TERRITORIALES - GESTION GENERAL,NO DEFINIDO,NO DEFINIDO,NO DEFINIDO,,,2021,Primer Trimestre,eje_gasto,,,,NO DEFINIDO,NO DEFINIDO,,,,,,NO DEFINIDO,,,,,,NO DEFINIDO,NO DEFINIDO,NO DEFINIDO,1250365089.0,956689896.0,416364593.0
12668697,20210901,124205000,E.S.E. Hospital San Fernando - Amagá,2.1.1.01.01.001.07,BONIFICACION POR SERVICIOS PRESTADOS,GASTOS,FUNCIONAMIENTO,GASTOS DE PERSONAL,PLANTA DE PERSONAL PERMANENTE,FACTORES CONSTITUTIVOS DE SALARIO,FACTORES SALARIALES COMUNES,BONIFICACION POR SERVICIOS PRESTADOS,No Aplica,No Aplica,No Aplica,VIGENCIA ACTUAL,ENTIDADES DIFERENTES A ENTIDADES TERRITORIALES - GESTION GENERAL,NO DEFINIDO,NO DEFINIDO,SALUD Y PROTECCION SOCIAL,,,2021,Tercer Trimestre,eje_gasto,,,,NO APLICA,1.2.3.2.09 - VENTA DE BIENES Y SERVICIOS,,,,,,NO APLICA,,,,,,CON SITUACION DE FONDOS,NO APLICA,NO DEFINIDO,37263622.0,37263622.0,21675244.0
12677161,20230601,124205000,E.S.E. Hospital San Fernando - Amagá,2.1.2.02.02.010,VIATICOS DE LOS FUNCIONARIOS EN COMISION,GASTOS,FUNCIONAMIENTO,ADQUISICION DE BIENES Y SERVICIOS,ADQUISICIONES DIFERENTES DE ACTIVOS,ADQUISICION DE SERVICIOS,VIATICOS DE LOS FUNCIONARIOS EN COMISION,No Aplica,No Aplica,No Aplica,No Aplica,VIGENCIA ACTUAL,ENTIDADES TERRITORIALES - SALUD,NO DEFINIDO,NO DEFINIDO,SALUD Y PROTECCION SOCIAL,,,2023,Segundo Trimestre,eje_gasto,,,,SERVICIOS MEDICOS GENERALES,R.B. VENTA DE BIENES Y SERVICIOS,,,,,,NO APLICA,,,,,,SIN SITUACION DE FONDOS,NO APLICA,NO DEFINIDO,17691332.0,17691332.0,17382000.0
12685631,20210301,124205000,E.S.E. Hospital San Fernando - Amagá,2.1.1.01.03,REMUNERACIONES NO CONSTITUTIVAS DE FACTOR SALARIAL,GASTOS,FUNCIONAMIENTO,GASTOS DE PERSONAL,PLANTA DE PERSONAL PERMANENTE,REMUNERACIONES NO CONSTITUTIVAS DE FACTOR SALARIAL,No Aplica,No Aplica,No Aplica,No Aplica,No Aplica,VIGENCIA ACTUAL,ENTIDADES DIFERENTES A ENTIDADES TERRITORIALES - GESTION GENERAL,NO DEFINIDO,NO DEFINIDO,NO DEFINIDO,,,2021,Primer Trimestre,eje_gasto,,,,NO DEFINIDO,NO DEFINIDO,,,,,,NO DEFINIDO,,,,,,NO DEFINIDO,NO DEFINIDO,NO DEFINIDO,2683358.0,2683358.0,1462538.0
12691070,20211201,124205000,E.S.E. Hospital San Fernando - Amagá,2.1.2.02.01.003,"OTROS BIENES TRANSPORTABLES EXCEPTO PRODUCTOS METALICOS, MAQUINARIA Y EQUIPO",GASTOS,FUNCIONAMIENTO,ADQUISICION DE BIENES Y SERVICIOS,ADQUISICIONES DIFERENTES DE ACTIVOS,MATERIALES Y SUMINISTROS,"OTROS BIENES TRANSPORTABLES EXCEPTO PRODUCTOS METALICOS, MAQUINARIA Y EQUIPO",No Aplica,No Aplica,No Aplica,No Aplica,VIGENCIA ACTUAL,ENTIDADES DIFERENTES A ENTIDADES TERRITORIALES - GESTION GENERAL,NO DEFINIDO,NO DEFINIDO,SALUD Y PROTECCION SOCIAL,,,2021,Cuarto Trimestre,eje_gasto,,,,COMERCIO AL POR MENOR DE LIBROS PERIODICOS REVISTAS Y ARTICULOS DE PAPELERIA EN ESTABLECIMIENTOS ESPECIALIZADOS,OTRAS CONTRIBUCIONES CON DESTINACION ESPECIFICA LEGAL,,,,,,NO APLICA,,,,,,CON SITUACION DE FONDOS,NO APLICA,NO DEFINIDO,112178835.0,112178835.0,93808782.0
12695811,20220901,124205000,E.S.E. Hospital San Fernando - Amagá,2.4.5.02,ADQUISICION DE SERVICIOS,GASTOS,GASTOS DE OPERACION COMERCIAL,GASTOS DE COMERCIALIZACION Y PRODUCCION,ADQUISICION DE SERVICIOS,No Aplica,No Aplica,No Aplica,No Aplica,No Aplica,No Aplica,VIGENCIA ACTUAL,ENTIDADES DIFERENTES A ENTIDADES TERRITORIALES - UNIDAD DE SALUD,NO DEFINIDO,NO DEFINIDO,NO DEFINIDO,,,2022,Tercer Trimestre,eje_gasto,,,,NO DEFINIDO,NO DEFINIDO,,,,,,NO DEFINIDO,,,,,,NO DEFINIDO,NO DEFINIDO,NO DEFINIDO,47707592.0,47707592.0,47390916.0
12696426,20230601,124205000,E.S.E. Hospital San Fernando - Amagá,2.1.2.02.01,MATERIALES Y SUMINISTROS,GASTOS,FUNCIONAMIENTO,ADQUISICION DE BIENES Y SERVICIOS,ADQUISICIONES DIFERENTES DE ACTIVOS,MATERIALES Y SUMINISTROS,No Aplica,No Aplica,No Aplica,No Aplica,No Aplica,VIGENCIA ACTUAL,ENTIDADES TERRITORIALES - SALUD,NO DEFINIDO,NO DEFINIDO,NO DEFINIDO,,,2023,Segundo Trimestre,eje_gasto,,,,NO DEFINIDO,NO DEFINIDO,,,,,,NO DEFINIDO,,,,,,NO DEFINIDO,NO DEFINIDO,NO DEFINIDO,60921803.0,60921803.0,60921803.0
12697851,20210901,124205000,E.S.E. Hospital San Fernando - Amagá,2.1.1.01.01.001,FACTORES SALARIALES COMUNES,GASTOS,FUNCIONAMIENTO,GASTOS DE PERSONAL,PLANTA DE PERSONAL PERMANENTE,FACTORES CONSTITUTIVOS DE SALARIO,FACTORES SALARIALES COMUNES,No Aplica,No Aplica,No Aplica,No Aplica,VIGENCIA ACTUAL,ENTIDADES DIFERENTES A ENTIDADES TERRITORIALES - GESTION GENERAL,NO DEFINIDO,NO DEFINIDO,NO DEFINIDO,,,2021,Tercer Trimestre,eje_gasto,,,,NO DEFINIDO,NO DEFINIDO,,,,,,NO DEFINIDO,,,,,,NO DEFINIDO,NO DEFINIDO,NO DEFINIDO,1506974785.0,1506974784.0,911887897.0
12699646,20210601,124205000,E.S.E. Hospital San Fernando - Amagá,2.1.1.01.02.001,APORTES A LA SEGURIDAD SOCIAL EN PENSIONES,GASTOS,FUNCIONAMIENTO,GASTOS DE PERSONAL,PLANTA DE PERSONAL PERMANENTE,CONTRIBUCIONES INHERENTES A LA NOMINA,APORTES A LA SEGURIDAD SOCIAL EN PENSIONES,No Aplica,No Aplica,No Aplica,No Aplica,VIGENCIA ACTUAL,ENTIDADES DIFERENTES A ENTIDADES TERRITORIALES - GESTION GENERAL,NO DEFINIDO,NO DEFINIDO,SALUD Y PROTECCION SOCIAL,,,2021,Segundo Trimestre,eje_gasto,,,,NO APLICA,1.2.3.2.09 - VENTA DE BIENES Y SERVICIOS,,,,,,NO APLICA,,,,,,CON SITUACION DE FONDOS,NO APLICA,NO DEFINIDO,103797522.0,103797522.0,87098988.0
12704232,20220601,124205000,E.S.E. Hospital San Fernando - Amagá,2.1.2.02.02.010,VIATICOS DE LOS FUNCIONARIOS EN COMISION,GASTOS,FUNCIONAMIENTO,ADQUISICION DE BIENES Y SERVICIOS,ADQUISICIONES DIFERENTES DE ACTIVOS,ADQUISICION DE SERVICIOS,VIATICOS DE LOS FUNCIONARIOS EN COMISION,No Aplica,No Aplica,No Aplica,No Aplica,VIGENCIA ACTUAL,ENTIDADES DIFERENTES A ENTIDADES TERRITORIALES - UNIDAD DE SALUD,NO DEFINIDO,NO DEFINIDO,SALUD Y PROTECCION SOCIAL,,,2022,Segundo Trimestre,eje_gasto,,,,SERVICIOS DE SEGUROS SOCIALES DE SALUD,DISPONIBILIDAD INICIAL,,,,,,NO APLICA,,,,,,SIN SITUACION DE FONDOS,NO APLICA,NO DEFINIDO,0.0,0.0,0.0
12707693,20210301,124205000,E.S.E. Hospital San Fernando - Amagá,2.1.1.01,PLANTA DE PERSONAL PERMANENTE,GASTOS,FUNCIONAMIENTO,GASTOS DE PERSONAL,PLANTA DE PERSONAL PERMANENTE,No Aplica,No Aplica,No Aplica,No Aplica,No Aplica,No Aplica,CUENTAS POR PAGAR,ENTIDADES DIFERENTES A ENTIDADES TERRITORIALES - GESTION GENERAL,NO DEFINIDO,NO DEFINIDO,NO DEFINIDO,,,2021,Primer Trimestre,eje_gasto,,,,NO DEFINIDO,NO DEFINIDO,,,,,,NO DEFINIDO,,,,,,NO DEFINIDO,NO DEFINIDO,NO DEFINIDO,700521528.0,700521528.0,313364922.0
12710955,20211201,124205000,E.S.E. Hospital San Fernando - Amagá,2.1.2.02.02.008,SERVICIOS PRESTADOS A LAS EMPRESAS Y SERVICIOS DE PRODUCCION,GASTOS,FUNCIONAMIENTO,ADQUISICION DE BIENES Y SERVICIOS,ADQUISICIONES DIFERENTES DE ACTIVOS,ADQUISICION DE SERVICIOS,SERVICIOS PRESTADOS A LAS EMPRESAS Y SERVICIOS DE PRODUCCION,No Aplica,No Aplica,No Aplica,No Aplica,VIGENCIA ACTUAL,ENTIDADES DIFERENTES A ENTIDADES TERRITORIALES - GESTION GENERAL,NO DEFINIDO,NO DEFINIDO,SALUD Y PROTECCION SOCIAL,,,2021,Cuarto Trimestre,eje_gasto,,,,OTROS SERVICIOS DE PUBLICIDAD,OTRAS CONTRIBUCIONES CON DESTINACION ESPECIFICA LEGAL,,,,,,NO APLICA,,,,,,CON SITUACION DE FONDOS,NO APLICA,NO DEFINIDO,1139122500.0,1139122500.0,936597780.0
12715196,20211201,124205000,E.S.E. Hospital San Fernando - Amagá,2.4.5,GASTOS DE COMERCIALIZACION Y PRODUCCION,GASTOS,GASTOS DE OPERACION COMERCIAL,GASTOS DE COMERCIALIZACION Y PRODUCCION,No Aplica,No Aplica,No Aplica,No Aplica,No Aplica,No Aplica,No Aplica,CUENTAS POR PAGAR,ENTIDADES DIFERENTES A ENTIDADES TERRITORIALES - GESTION GENERAL,NO DEFINIDO,NO DEFINIDO,NO DEFINIDO,,,2021,Cuarto Trimestre,eje_gasto,,,,NO DEFINIDO,NO DEFINIDO,,,,,,NO DEFINIDO,,,,,,NO DEFINIDO,NO DEFINIDO,NO DEFINIDO,348263400.0,348263400.0,329846686.0
12716875,20230601,124205000,E.S.E. Hospital San Fernando - Amagá,2.1.1.01.01.001.01,SUELDO BASICO,GASTOS,FUNCIONAMIENTO,GASTOS DE PERSONAL,PLANTA DE PERSONAL PERMANENTE,FACTORES CONSTITUTIVOS DE SALARIO,FACTORES SALARIALES COMUNES,SUELDO BASICO,No Aplica,No Aplica,No Aplica,VIGENCIA ACTUAL,ENTIDADES TERRITORIALES - SALUD,NO DEFINIDO,NO DEFINIDO,SALUD Y PROTECCION SOCIAL,,,2023,Segundo Trimestre,eje_gasto,,,,NO APLICA,R.B. VENTA DE BIENES Y SERVICIOS,,,,,,NO APLICA,,,,,,SIN SITUACION DE FONDOS,NO APLICA,NO DEFINIDO,903351138.0,903351138.0,775783653.0
12719551,20210901,124205000,E.S.E. Hospital San Fernando - Amagá,2.1.7,DISMINUCION DE PASIVOS,GASTOS,FUNCIONAMIENTO,DISMINUCION DE PASIVOS,No Aplica,No Aplica,No Aplica,No Aplica,No Aplica,No Aplica,No Aplica,VIGENCIA ACTUAL,ENTIDADES DIFERENTES A ENTIDADES TERRITORIALES - GESTION GENERAL,NO DEFINIDO,NO DEFINIDO,NO DEFINIDO,,,2021,Tercer Trimestre,eje_gasto,,,,NO DEFINIDO,NO DEFINIDO,,,,,,NO DEFINIDO,,,,,,NO DEFINIDO,NO DEFINIDO,NO DEFINIDO,336462.0,336462.0,104475.0
12721398,20210901,124205000,E.S.E. Hospital San Fernando - Amagá,2.1.1.01.01.001.01,SUELDO BASICO,GASTOS,FUNCIONAMIENTO,GASTOS DE PERSONAL,PLANTA DE PERSONAL PERMANENTE,FACTORES CONSTITUTIVOS DE SALARIO,FACTORES SALARIALES COMUNES,SUELDO BASICO,No Aplica,No Aplica,No Aplica,CUENTAS POR PAGAR,ENTIDADES DIFERENTES A ENTIDADES TERRITORIALES - GESTION GENERAL,NO DEFINIDO,NO DEFINIDO,SALUD Y PROTECCION SOCIAL,,,2021,Tercer Trimestre,eje_gasto,,,,NO APLICA,1.1.0.0.00 - DISPONIBILIDAD INICIAL,,,,,,NO APLICA,,,,,,CON SITUACION DE FONDOS,NO APLICA,NO DEFINIDO,540212705.0,540212705.0,342917463.0
12725921,20230601,124205000,E.S.E. Hospital San Fernando - Amagá,2.1.2.02.02.006,"COMERCIO Y DISTRIBUCION; ALOJAMIENTO; SERVICIOS DE SUMINISTRO DE COMIDAS Y BEBIDAS; SERVICIOS DE TRANSPORTE; Y SERVICIOS DE DISTRIBUCION DE ELECTRICIDAD, GAS Y AGUA",GASTOS,FUNCIONAMIENTO,ADQUISICION DE BIENES Y SERVICIOS,ADQUISICIONES DIFERENTES DE ACTIVOS,ADQUISICION DE SERVICIOS,"COMERCIO Y DISTRIBUCION; ALOJAMIENTO; SERVICIOS DE SUMINISTRO DE COMIDAS Y BEBIDAS; SERVICIOS DE TRANSPORTE; Y SERVICIOS DE DISTRIBUCION DE ELECTRICIDAD, GAS Y AGUA",No Aplica,No Aplica,No Aplica,No Aplica,VIGENCIA ACTUAL,ENTIDADES TERRITORIALES - SALUD,NO DEFINIDO,NO DEFINIDO,SALUD Y PROTECCION SOCIAL,,,2023,Segundo Trimestre,eje_gasto,,,,SERVICIOS MEDICOS GENERALES,R.B. VENTA DE BIENES Y SERVICIOS,,,,,,NO APLICA,,,,,,SIN SITUACION DE FONDOS,NO APLICA,NO DEFINIDO,1000000.0,1000000.0,1000000.0
12731300,20211201,124205000,E.S.E. Hospital San Fernando - Amagá,2.1.7,DISMINUCION DE PASIVOS,GASTOS,FUNCIONAMIENTO,DISMINUCION DE PASIVOS,No Aplica,No Aplica,No Aplica,No Aplica,No Aplica,No Aplica,No Aplica,VIGENCIA ACTUAL,ENTIDADES DIFERENTES A ENTIDADES TERRITORIALES - GESTION GENERAL,NO DEFINIDO,NO DEFINIDO,NO DEFINIDO,,,2021,Cuarto Trimestre,eje_gasto,,,,NO DEFINIDO,NO DEFINIDO,,,,,,NO DEFINIDO,,,,,,NO DEFINIDO,NO DEFINIDO,NO DEFINIDO,18811074.0,18811074.0,618336.0
12732437,20230601,124205000,E.S.E. Hospital San Fernando - Amagá,2.4.5.01,MATERIALES Y SUMINISTROS,GASTOS,GASTOS DE OPERACION COMERCIAL,GASTOS DE COMERCIALIZACION Y PRODUCCION,MATERIALES Y SUMINISTROS,No Aplica,No Aplica,No Aplica,No Aplica,No Aplica,No Aplica,VIGENCIA ACTUAL,ENTIDADES TERRITORIALES - SALUD,NO DEFINIDO,NO DEFINIDO,NO DEFINIDO,,,2023,Segundo Trimestre,eje_gasto,,,,NO DEFINIDO,NO DEFINIDO,,,,,,NO DEFINIDO,,,,,,NO DEFINIDO,NO DEFINIDO,NO DEFINIDO,357601505.0,357601505.0,300583503.0
12738544,20210901,124205000,E.S.E. Hospital San Fernando - Amagá,2.1.2.02.02.009,"SERVICIOS PARA LA COMUNIDAD, SOCIALES Y PERSONALES",GASTOS,FUNCIONAMIENTO,ADQUISICION DE BIENES Y SERVICIOS,ADQUISICIONES DIFERENTES DE ACTIVOS,ADQUISICION DE SERVICIOS,"SERVICIOS PARA LA COMUNIDAD, SOCIALES Y PERSONALES",No Aplica,No Aplica,No Aplica,No Aplica,CUENTAS POR PAGAR,ENTIDADES DIFERENTES A ENTIDADES TERRITORIALES - GESTION GENERAL,NO DEFINIDO,NO DEFINIDO,SALUD Y PROTECCION SOCIAL,,,2021,Tercer Trimestre,eje_gasto,,,,97990 - OTROS SERVICIOS DIVERSOS N.C.P.,1.1.0.0.00 - DISPONIBILIDAD INICIAL,,,,,,NO APLICA,,,,,,CON SITUACION DE FONDOS,NO APLICA,NO DEFINIDO,387143518.0,387143518.0,366995532.0
12742652,20220901,124205000,E.S.E. Hospital San Fernando - Amagá,2.1.1.01.01.001.08,PRESTACIONES SOCIALES,GASTOS,FUNCIONAMIENTO,GASTOS DE PERSONAL,PLANTA DE PERSONAL PERMANENTE,FACTORES CONSTITUTIVOS DE SALARIO,FACTORES SALARIALES COMUNES,PRESTACIONES SOCIALES,No Aplica,No Aplica,No Aplica,VIGENCIA ACTUAL,ENTIDADES DIFERENTES A ENTIDADES TERRITORIALES - UNIDAD DE SALUD,NO DEFINIDO,NO DEFINIDO,NO DEFINIDO,,,2022,Tercer Trimestre,eje_gasto,,,,NO DEFINIDO,NO DEFINIDO,,,,,,NO DEFINIDO,,,,,,NO DEFINIDO,NO DEFINIDO,NO DEFINIDO,63102043.0,58919727.0,58438240.0
12744697,20230601,124205000,E.S.E. Hospital San Fernando - Amagá,2.1.3.07.02.001,MESADAS PENSIONALES DE PENSIONES,GASTOS,FUNCIONAMIENTO,TRANSFERENCIAS CORRIENTES,PRESTACIONES PARA CUBRIR RIESGOS SOCIALES,PRESTACIONES SOCIALES RELACIONADAS CON EL EMPLEO,MESADAS PENSIONALES DE PENSIONES,No Aplica,No Aplica,No Aplica,No Aplica,VIGENCIA ACTUAL,ENTIDADES TERRITORIALES - SALUD,NO DEFINIDO,NO DEFINIDO,NO DEFINIDO,,,2023,Segundo Trimestre,eje_gasto,,,,NO DEFINIDO,NO DEFINIDO,,,,,,NO DEFINIDO,,,,,,NO DEFINIDO,NO DEFINIDO,NO DEFINIDO,8120000.0,8120000.0,6753283.0
12754323,20210901,124205000,E.S.E. Hospital San Fernando - Amagá,2.4.5.02.06,"COMERCIO Y DISTRIBUCION; ALOJAMIENTO; SERVICIOS DE SUMINISTRO DE COMIDAS Y BEBIDAS; SERVICIOS DE TRANSPORTE; Y SERVICIOS DE DISTRIBUCION DE ELECTRICIDAD, GAS Y AGUA",GASTOS,GASTOS DE OPERACION COMERCIAL,GASTOS DE COMERCIALIZACION Y PRODUCCION,ADQUISICION DE SERVICIOS,"COMERCIO Y DISTRIBUCION; ALOJAMIENTO; SERVICIOS DE SUMINISTRO DE COMIDAS Y BEBIDAS; SERVICIOS DE TRANSPORTE; Y SERVICIOS DE DISTRIBUCION DE ELECTRICIDAD, GAS Y AGUA",No Aplica,No Aplica,No Aplica,No Aplica,No Aplica,VIGENCIA ACTUAL,ENTIDADES DIFERENTES A ENTIDADES TERRITORIALES - GESTION GENERAL,NO DEFINIDO,NO DEFINIDO,SALUD Y PROTECCION SOCIAL,,,2021,Tercer Trimestre,eje_gasto,,,,63393 - OTROS SERVICIOS DE COMIDAS CONTRATADAS,1.2.3.2.09 - VENTA DE BIENES Y SERVICIOS,,,,,,NO APLICA,,,,,,CON SITUACION DE FONDOS,NO APLICA,NO DEFINIDO,34818600.0,34818600.0,16780100.0
12754342,20220301,124205000,E.S.E. Hospital San Fernando - Amagá,2.4,GASTOS DE OPERACION COMERCIAL,GASTOS,GASTOS DE OPERACION COMERCIAL,No Aplica,No Aplica,No Aplica,No Aplica,No Aplica,No Aplica,No Aplica,No Aplica,VIGENCIA ACTUAL,ENTIDADES DIFERENTES A ENTIDADES TERRITORIALES - UNIDAD DE SALUD,NO DEFINIDO,NO DEFINIDO,NO DEFINIDO,,,2022,Primer Trimestre,eje_gasto,,,,NO DEFINIDO,NO DEFINIDO,,,,,,NO DEFINIDO,,,,,,NO DEFINIDO,NO DEFINIDO,NO DEFINIDO,25862328.0,25862328.0,25862328.0
12758696,20210901,124205000,E.S.E. Hospital San Fernando - Amagá,2.1.1.01.01.001.08,PRESTACIONES SOCIALES,GASTOS,FUNCIONAMIENTO,GASTOS DE PERSONAL,PLANTA DE PERSONAL PERMANENTE,FACTORES CONSTITUTIVOS DE SALARIO,FACTORES SALARIALES COMUNES,PRESTACIONES SOCIALES,No Aplica,No Aplica,No Aplica,VIGENCIA ACTUAL,ENTIDADES DIFERENTES A ENTIDADES TERRITORIALES - GESTION GENERAL,NO DEFINIDO,NO DEFINIDO,NO DEFINIDO,,,2021,Tercer Trimestre,eje_gasto,,,,NO DEFINIDO,NO DEFINIDO,,,,,,NO DEFINIDO,,,,,,NO DEFINIDO,NO DEFINIDO,NO DEFINIDO,43817346.0,43817346.0,23218921.0
12761727,20211201,124205000,E.S.E. Hospital San Fernando - Amagá,2.1.1.01,PLANTA DE PERSONAL PERMANENTE,GASTOS,FUNCIONAMIENTO,GASTOS DE PERSONAL,PLANTA DE PERSONAL PERMANENTE,No Aplica,No Aplica,No Aplica,No Aplica,No Aplica,No Aplica,CUENTAS POR PAGAR,ENTIDADES DIFERENTES A ENTIDADES TERRITORIALES - GESTION GENERAL,NO DEFINIDO,NO DEFINIDO,NO DEFINIDO,,,2021,Cuarto Trimestre,eje_gasto,,,,NO DEFINIDO,NO DEFINIDO,,,,,,NO DEFINIDO,,,,,,NO DEFINIDO,NO DEFINIDO,NO DEFINIDO,558203097.0,558203097.0,361187382.0
12762744,20230601,124205000,E.S.E. Hospital San Fernando - Amagá,2.4.5,GASTOS DE COMERCIALIZACION Y PRODUCCION,GASTOS,GASTOS DE OPERACION COMERCIAL,GASTOS DE COMERCIALIZACION Y PRODUCCION,No Aplica,No Aplica,No Aplica,No Aplica,No Aplica,No Aplica,No Aplica,VIGENCIA ACTUAL,ENTIDADES TERRITORIALES - SALUD,NO DEFINIDO,NO DEFINIDO,NO DEFINIDO,,,2023,Segundo Trimestre,eje_gasto,,,,NO DEFINIDO,NO DEFINIDO,,,,,,NO DEFINIDO,,,,,,NO DEFINIDO,NO DEFINIDO,NO DEFINIDO,390076505.0,390066505.0,333048503.0
12768527,20210901,124205000,E.S.E. Hospital San Fernando - Amagá,2.1.2.02.02.007,SERVICIOS FINANCIEROS Y SERVICIOS CONEXOS; SERVICIOS INMOBILIARIOS; Y SERVICIOS DE ARRENDAMIENTO Y LEASING,GASTOS,FUNCIONAMIENTO,ADQUISICION DE BIENES Y SERVICIOS,ADQUISICIONES DIFERENTES DE ACTIVOS,ADQUISICION DE SERVICIOS,SERVICIOS FINANCIEROS Y SERVICIOS CONEXOS; SERVICIOS INMOBILIARIOS; Y SERVICIOS DE ARRENDAMIENTO Y LEASING,No Aplica,No Aplica,No Aplica,No Aplica,CUENTAS POR PAGAR,ENTIDADES DIFERENTES A ENTIDADES TERRITORIALES - GESTION GENERAL,NO DEFINIDO,NO DEFINIDO,SALUD Y PROTECCION SOCIAL,,,2021,Tercer Trimestre,eje_gasto,,,,71359 - OTROS SERVICIOS DE SEGUROS DISTINTOS DE LOS SEGUROS DE VIDA N.C.P.,1.1.0.0.00 - DISPONIBILIDAD INICIAL,,,,,,NO APLICA,,,,,,CON SITUACION DE FONDOS,NO APLICA,NO DEFINIDO,60744179.0,60744179.0,60744179.0
12773332,20220601,124205000,E.S.E. Hospital San Fernando - Amagá,2.1.1.01.02.004,APORTES A CAJAS DE COMPENSACION FAMILIAR,GASTOS,FUNCIONAMIENTO,GASTOS DE PERSONAL,PLANTA DE PERSONAL PERMANENTE,CONTRIBUCIONES INHERENTES A LA NOMINA,APORTES A CAJAS DE COMPENSACION FAMILIAR,No Aplica,No Aplica,No Aplica,No Aplica,VIGENCIA ACTUAL,ENTIDADES DIFERENTES A ENTIDADES TERRITORIALES - UNIDAD DE SALUD,NO DEFINIDO,NO DEFINIDO,SALUD Y PROTECCION SOCIAL,,,2022,Segundo Trimestre,eje_gasto,,,,NO APLICA,R.B. VENTA DE BIENES Y SERVICIOS,,,,,,NO APLICA,,,,,,SIN SITUACION DE FONDOS,NO APLICA,NO DEFINIDO,32964200.0,32964200.0,32601600.0
12777970,20220901,124205000,E.S.E. Hospital San Fernando - Amagá,2.1.3.07.02,PRESTACIONES SOCIALES RELACIONADAS CON EL EMPLEO,GASTOS,FUNCIONAMIENTO,TRANSFERENCIAS CORRIENTES,PRESTACIONES PARA CUBRIR RIESGOS SOCIALES,PRESTACIONES SOCIALES RELACIONADAS CON EL EMPLEO,No Aplica,No Aplica,No Aplica,No Aplica,No Aplica,VIGENCIA ACTUAL,ENTIDADES DIFERENTES A ENTIDADES TERRITORIALES - UNIDAD DE SALUD,NO DEFINIDO,NO DEFINIDO,NO DEFINIDO,,,2022,Tercer Trimestre,eje_gasto,,,,NO DEFINIDO,NO DEFINIDO,,,,,,NO DEFINIDO,,,,,,NO DEFINIDO,NO DEFINIDO,NO DEFINIDO,10056000.0,10056000.0,10056000.0
12787522,20210901,124205000,E.S.E. Hospital San Fernando - Amagá,2.1.2,ADQUISICION DE BIENES Y SERVICIOS,GASTOS,FUNCIONAMIENTO,ADQUISICION DE BIENES Y SERVICIOS,No Aplica,No Aplica,No Aplica,No Aplica,No Aplica,No Aplica,No Aplica,CUENTAS POR PAGAR,ENTIDADES DIFERENTES A ENTIDADES TERRITORIALES - GESTION GENERAL,NO DEFINIDO,NO DEFINIDO,NO DEFINIDO,,,2021,Tercer Trimestre,eje_gasto,,,,NO DEFINIDO,NO DEFINIDO,,,,,,NO DEFINIDO,,,,,,NO DEFINIDO,NO DEFINIDO,NO DEFINIDO,540259112.0,540085862.0,506498052.0
12788019,20230601,124205000,E.S.E. Hospital San Fernando - Amagá,2.1.8.05,"MULTAS, SANCIONES E INTERESES DE MORA",GASTOS,FUNCIONAMIENTO,"GASTOS POR TRIBUTOS, TASAS, CONTRIBUCIONES, MULTAS, SANCIONES E INTERESES DE MORA","MULTAS, SANCIONES E INTERESES DE MORA",No Aplica,No Aplica,No Aplica,No Aplica,No Aplica,No Aplica,VIGENCIA ACTUAL,ENTIDADES TERRITORIALES - SALUD,NO DEFINIDO,NO DEFINIDO,NO DEFINIDO,,,2023,Segundo Trimestre,eje_gasto,,,,NO DEFINIDO,NO DEFINIDO,,,,,,NO DEFINIDO,,,,,,NO DEFINIDO,NO DEFINIDO,NO DEFINIDO,1121000.0,1121000.0,1121000.0
12790884,20220601,124205000,E.S.E. Hospital San Fernando - Amagá,2.1.1.01.01.001.08.01,PRIMA DE NAVIDAD,GASTOS,FUNCIONAMIENTO,GASTOS DE PERSONAL,PLANTA DE PERSONAL PERMANENTE,FACTORES CONSTITUTIVOS DE SALARIO,FACTORES SALARIALES COMUNES,PRESTACIONES SOCIALES,PRIMA DE NAVIDAD,No Aplica,No Aplica,VIGENCIA ACTUAL,ENTIDADES DIFERENTES A ENTIDADES TERRITORIALES - UNIDAD DE SALUD,NO DEFINIDO,NO DEFINIDO,SALUD Y PROTECCION SOCIAL,,,2022,Segundo Trimestre,eje_gasto,,,,NO APLICA,R.B. VENTA DE BIENES Y SERVICIOS,,,,,,NO APLICA,,,,,,SIN SITUACION DE FONDOS,NO APLICA,NO DEFINIDO,5446299.0,5446299.0,5446299.0
12794696,20220601,124205000,E.S.E. Hospital San Fernando - Amagá,2.1.1.01.01.001,FACTORES SALARIALES COMUNES,GASTOS,FUNCIONAMIENTO,GASTOS DE PERSONAL,PLANTA DE PERSONAL PERMANENTE,FACTORES CONSTITUTIVOS DE SALARIO,FACTORES SALARIALES COMUNES,No Aplica,No Aplica,No Aplica,No Aplica,VIGENCIA ACTUAL,ENTIDADES DIFERENTES A ENTIDADES TERRITORIALES - UNIDAD DE SALUD,NO DEFINIDO,NO DEFINIDO,NO DEFINIDO,,,2022,Segundo Trimestre,eje_gasto,,,,NO DEFINIDO,NO DEFINIDO,,,,,,NO DEFINIDO,,,,,,NO DEFINIDO,NO DEFINIDO,NO DEFINIDO,984462146.0,975359459.0,697079662.0
12801369,20221201,124205000,E.S.E. Hospital San Fernando - Amagá,2.1.2.02.02.009,"SERVICIOS PARA LA COMUNIDAD, SOCIALES Y PERSONALES",GASTOS,FUNCIONAMIENTO,ADQUISICION DE BIENES Y SERVICIOS,ADQUISICIONES DIFERENTES DE ACTIVOS,ADQUISICION DE SERVICIOS,"SERVICIOS PARA LA COMUNIDAD, SOCIALES Y PERSONALES",No Aplica,No Aplica,No Aplica,No Aplica,VIGENCIA ACTUAL,ENTIDADES DIFERENTES A ENTIDADES TERRITORIALES - UNIDAD DE SALUD,NO DEFINIDO,NO DEFINIDO,SALUD Y PROTECCION SOCIAL,,,2022,Cuarto Trimestre,eje_gasto,,,,SERVICIOS DE LA ADMINISTRACION PUBLICA RELACIONADOS CON LA SALUD,R.B. VENTA DE BIENES Y SERVICIOS,,,,,,NO APLICA,,,,,,SIN SITUACION DE FONDOS,NO APLICA,NO DEFINIDO,1379933682.0,1339009208.0,1163985960.0
12811684,20220901,124205000,E.S.E. Hospital San Fernando - Amagá,2.1.2.02.01.002,"PRODUCTOS ALIMENTICIOS, BEBIDAS Y TABACO, TEXTILES, PRENDAS DE VESTIR Y PRODUCTOS DE CUERO",GASTOS,FUNCIONAMIENTO,ADQUISICION DE BIENES Y SERVICIOS,ADQUISICIONES DIFERENTES DE ACTIVOS,MATERIALES Y SUMINISTROS,"PRODUCTOS ALIMENTICIOS, BEBIDAS Y TABACO, TEXTILES, PRENDAS DE VESTIR Y PRODUCTOS DE CUERO",No Aplica,No Aplica,No Aplica,No Aplica,VIGENCIA ACTUAL,ENTIDADES DIFERENTES A ENTIDADES TERRITORIALES - UNIDAD DE SALUD,NO DEFINIDO,NO DEFINIDO,SALUD Y PROTECCION SOCIAL,,,2022,Tercer Trimestre,eje_gasto,,,,SERVICIOS DE SEGUROS SOCIALES DE SALUD,R.B. VENTA DE BIENES Y SERVICIOS,,,,,,NO APLICA,,,,,,SIN SITUACION DE FONDOS,NO APLICA,NO DEFINIDO,3421800.0,3421800.0,3421800.0
12820608,20210301,124205000,E.S.E. Hospital San Fernando - Amagá,2.4.5.01.03,"OTROS BIENES TRANSPORTABLES EXCEPTO PRODUCTOS METALICOS, MAQUINARIA Y EQUIPO",GASTOS,GASTOS DE OPERACION COMERCIAL,GASTOS DE COMERCIALIZACION Y PRODUCCION,MATERIALES Y SUMINISTROS,"OTROS BIENES TRANSPORTABLES EXCEPTO PRODUCTOS METALICOS, MAQUINARIA Y EQUIPO",No Aplica,No Aplica,No Aplica,No Aplica,No Aplica,VIGENCIA ACTUAL,ENTIDADES DIFERENTES A ENTIDADES TERRITORIALES - GESTION GENERAL,NO DEFINIDO,NO DEFINIDO,SALUD Y PROTECCION SOCIAL,,,2021,Primer Trimestre,eje_gasto,,,,61173 - COMERCIO AL POR MAYOR (EXCEPTO EL REALIZADO A CAMBIO DE UNA RETRIBUCIÓN O POR CONTRATA) DE PRODUCTOS FARMACÉUTICOS,1.2.3.2.09 - VENTA DE BIENES Y SERVICIOS,,,,,,NO APLICA,,,,,,CON SITUACION DE FONDOS,NO APLICA,NO DEFINIDO,165237052.0,165237052.0,3403778.0
12822774,20210301,124205000,E.S.E. Hospital San Fernando - Amagá,2.1.2.02.01,MATERIALES Y SUMINISTROS,GASTOS,FUNCIONAMIENTO,ADQUISICION DE BIENES Y SERVICIOS,ADQUISICIONES DIFERENTES DE ACTIVOS,MATERIALES Y SUMINISTROS,No Aplica,No Aplica,No Aplica,No Aplica,No Aplica,CUENTAS POR PAGAR,ENTIDADES DIFERENTES A ENTIDADES TERRITORIALES - GESTION GENERAL,NO DEFINIDO,NO DEFINIDO,NO DEFINIDO,,,2021,Primer Trimestre,eje_gasto,,,,NO DEFINIDO,NO DEFINIDO,,,,,,NO DEFINIDO,,,,,,NO DEFINIDO,NO DEFINIDO,NO DEFINIDO,42141360.0,42141360.0,34082560.0
12825372,20220601,124205000,E.S.E. Hospital San Fernando - Amagá,2.1,FUNCIONAMIENTO,GASTOS,FUNCIONAMIENTO,No Aplica,No Aplica,No Aplica,No Aplica,No Aplica,No Aplica,No Aplica,No Aplica,VIGENCIA ACTUAL,ENTIDADES DIFERENTES A ENTIDADES TERRITORIALES - UNIDAD DE SALUD,NO DEFINIDO,NO DEFINIDO,NO DEFINIDO,,,2022,Segundo Trimestre,eje_gasto,,,,NO DEFINIDO,NO DEFINIDO,,,,,,NO DEFINIDO,,,,,,NO DEFINIDO,NO DEFINIDO,NO DEFINIDO,2571291729.0,2297094427.0,1746663185.0
12826858,20210601,124205000,E.S.E. Hospital San Fernando - Amagá,2.1.2.02.02.007,SERVICIOS FINANCIEROS Y SERVICIOS CONEXOS; SERVICIOS INMOBILIARIOS; Y SERVICIOS DE ARRENDAMIENTO Y LEASING,GASTOS,FUNCIONAMIENTO,ADQUISICION DE BIENES Y SERVICIOS,ADQUISICIONES DIFERENTES DE ACTIVOS,ADQUISICION DE SERVICIOS,SERVICIOS FINANCIEROS Y SERVICIOS CONEXOS; SERVICIOS INMOBILIARIOS; Y SERVICIOS DE ARRENDAMIENTO Y LEASING,No Aplica,No Aplica,No Aplica,No Aplica,CUENTAS POR PAGAR,ENTIDADES DIFERENTES A ENTIDADES TERRITORIALES - GESTION GENERAL,NO DEFINIDO,NO DEFINIDO,SALUD Y PROTECCION SOCIAL,,,2021,Segundo Trimestre,eje_gasto,,,,71359 - OTROS SERVICIOS DE SEGUROS DISTINTOS DE LOS SEGUROS DE VIDA N.C.P.,1.1.0.0.00 - DISPONIBILIDAD INICIAL,,,,,,NO APLICA,,,,,,CON SITUACION DE FONDOS,NO APLICA,NO DEFINIDO,15781623.0,15781623.0,15781623.0
12836187,20210601,124205000,E.S.E. Hospital San Fernando - Amagá,2.1.2,ADQUISICION DE BIENES Y SERVICIOS,GASTOS,FUNCIONAMIENTO,ADQUISICION DE BIENES Y SERVICIOS,No Aplica,No Aplica,No Aplica,No Aplica,No Aplica,No Aplica,No Aplica,CUENTAS POR PAGAR,ENTIDADES DIFERENTES A ENTIDADES TERRITORIALES - GESTION GENERAL,NO DEFINIDO,NO DEFINIDO,NO DEFINIDO,,,2021,Segundo Trimestre,eje_gasto,,,,NO DEFINIDO,NO DEFINIDO,,,,,,NO DEFINIDO,,,,,,NO DEFINIDO,NO DEFINIDO,NO DEFINIDO,140159136.0,139985886.0,130113793.0
12841045,20210601,124205000,E.S.E. Hospital San Fernando - Amagá,2.1.3.07.02,PRESTACIONES SOCIALES RELACIONADAS CON EL EMPLEO,GASTOS,FUNCIONAMIENTO,TRANSFERENCIAS CORRIENTES,PRESTACIONES PARA CUBRIR RIESGOS SOCIALES,PRESTACIONES SOCIALES RELACIONADAS CON EL EMPLEO,No Aplica,No Aplica,No Aplica,No Aplica,No Aplica,CUENTAS POR PAGAR,ENTIDADES DIFERENTES A ENTIDADES TERRITORIALES - GESTION GENERAL,NO DEFINIDO,NO DEFINIDO,NO DEFINIDO,,,2021,Segundo Trimestre,eje_gasto,,,,NO DEFINIDO,NO DEFINIDO,,,,,,NO DEFINIDO,,,,,,NO DEFINIDO,NO DEFINIDO,NO DEFINIDO,2061965.0,2061965.0,1587607.0
12844153,20230601,124205000,E.S.E. Hospital San Fernando - Amagá,2.1,FUNCIONAMIENTO,GASTOS,FUNCIONAMIENTO,No Aplica,No Aplica,No Aplica,No Aplica,No Aplica,No Aplica,No Aplica,No Aplica,VIGENCIA ACTUAL,ENTIDADES TERRITORIALES - SALUD,NO DEFINIDO,NO DEFINIDO,NO DEFINIDO,,,2023,Segundo Trimestre,eje_gasto,,,,NO DEFINIDO,NO DEFINIDO,,,,,,NO DEFINIDO,,,,,,NO DEFINIDO,NO DEFINIDO,NO DEFINIDO,3018658296.0,2614522174.0,2273874758.0
12844477,20211201,124205000,E.S.E. Hospital San Fernando - Amagá,2.1.2.02.02,ADQUISICION DE SERVICIOS,GASTOS,FUNCIONAMIENTO,ADQUISICION DE BIENES Y SERVICIOS,ADQUISICIONES DIFERENTES DE ACTIVOS,ADQUISICION DE SERVICIOS,No Aplica,No Aplica,No Aplica,No Aplica,No Aplica,CUENTAS POR PAGAR,ENTIDADES DIFERENTES A ENTIDADES TERRITORIALES - GESTION GENERAL,NO DEFINIDO,NO DEFINIDO,NO DEFINIDO,,,2021,Cuarto Trimestre,eje_gasto,,,,NO DEFINIDO,NO DEFINIDO,,,,,,NO DEFINIDO,,,,,,NO DEFINIDO,NO DEFINIDO,NO DEFINIDO,339480679.0,339480679.0,325447899.0
12868653,20220901,124205000,E.S.E. Hospital San Fernando - Amagá,2.4.5.01,MATERIALES Y SUMINISTROS,GASTOS,GASTOS DE OPERACION COMERCIAL,GASTOS DE COMERCIALIZACION Y PRODUCCION,MATERIALES Y SUMINISTROS,No Aplica,No Aplica,No Aplica,No Aplica,No Aplica,No Aplica,VIGENCIA ACTUAL,ENTIDADES DIFERENTES A ENTIDADES TERRITORIALES - UNIDAD DE SALUD,NO DEFINIDO,NO DEFINIDO,NO DEFINIDO,,,2022,Tercer Trimestre,eje_gasto,,,,NO DEFINIDO,NO DEFINIDO,,,,,,NO DEFINIDO,,,,,,NO DEFINIDO,NO DEFINIDO,NO DEFINIDO,606911721.0,580646607.0,478840131.0
12869460,20230601,124205000,E.S.E. Hospital San Fernando - Amagá,2.1.1.01.02.007,APORTES AL SENA,GASTOS,FUNCIONAMIENTO,GASTOS DE PERSONAL,PLANTA DE PERSONAL PERMANENTE,CONTRIBUCIONES INHERENTES A LA NOMINA,APORTES AL SENA,No Aplica,No Aplica,No Aplica,No Aplica,VIGENCIA ACTUAL,ENTIDADES TERRITORIALES - SALUD,NO DEFINIDO,NO DEFINIDO,SALUD Y PROTECCION SOCIAL,,,2023,Segundo Trimestre,eje_gasto,,,,NO APLICA,R.B. VENTA DE BIENES Y SERVICIOS,,,,,,NO APLICA,,,,,,SIN SITUACION DE FONDOS,NO APLICA,NO DEFINIDO,21635800.0,21635800.0,19313500.0
12871407,20220901,124205000,E.S.E. Hospital San Fernando - Amagá,2.1.1.01,PLANTA DE PERSONAL PERMANENTE,GASTOS,FUNCIONAMIENTO,GASTOS DE PERSONAL,PLANTA DE PERSONAL PERMANENTE,No Aplica,No Aplica,No Aplica,No Aplica,No Aplica,No Aplica,VIGENCIA ACTUAL,ENTIDADES DIFERENTES A ENTIDADES TERRITORIALES - UNIDAD DE SALUD,NO DEFINIDO,NO DEFINIDO,NO DEFINIDO,,,2022,Tercer Trimestre,eje_gasto,,,,NO DEFINIDO,NO DEFINIDO,,,,,,NO DEFINIDO,,,,,,NO DEFINIDO,NO DEFINIDO,NO DEFINIDO,1967118373.0,1958015686.0,1775190564.0
12882439,20220601,124205000,E.S.E. Hospital San Fernando - Amagá,2.4,GASTOS DE OPERACION COMERCIAL,GASTOS,GASTOS DE OPERACION COMERCIAL,No Aplica,No Aplica,No Aplica,No Aplica,No Aplica,No Aplica,No Aplica,No Aplica,VIGENCIA ACTUAL,ENTIDADES DIFERENTES A ENTIDADES TERRITORIALES - UNIDAD DE SALUD,NO DEFINIDO,NO DEFINIDO,NO DEFINIDO,,,2022,Segundo Trimestre,eje_gasto,,,,NO DEFINIDO,NO DEFINIDO,,,,,,NO DEFINIDO,,,,,,NO DEFINIDO,NO DEFINIDO,NO DEFINIDO,433226654.0,406961540.0,238237486.0
12884418,20210301,124205000,E.S.E. Hospital San Fernando - Amagá,2.4,GASTOS DE OPERACION COMERCIAL,GASTOS,GASTOS DE OPERACION COMERCIAL,No Aplica,No Aplica,No Aplica,No Aplica,No Aplica,No Aplica,No Aplica,No Aplica,CUENTAS POR PAGAR,ENTIDADES DIFERENTES A ENTIDADES TERRITORIALES - GESTION GENERAL,NO DEFINIDO,NO DEFINIDO,NO DEFINIDO,,,2021,Primer Trimestre,eje_gasto,,,,NO DEFINIDO,NO DEFINIDO,,,,,,NO DEFINIDO,,,,,,NO DEFINIDO,NO DEFINIDO,NO DEFINIDO,87422941.0,87422911.0,74937162.0
12898278,20220601,124205000,E.S.E. Hospital San Fernando - Amagá,2.1.3.07,PRESTACIONES PARA CUBRIR RIESGOS SOCIALES,GASTOS,FUNCIONAMIENTO,TRANSFERENCIAS CORRIENTES,PRESTACIONES PARA CUBRIR RIESGOS SOCIALES,No Aplica,No Aplica,No Aplica,No Aplica,No Aplica,No Aplica,VIGENCIA ACTUAL,ENTIDADES DIFERENTES A ENTIDADES TERRITORIALES - UNIDAD DE SALUD,NO DEFINIDO,NO DEFINIDO,NO DEFINIDO,,,2022,Segundo Trimestre,eje_gasto,,,,NO DEFINIDO,NO DEFINIDO,,,,,,NO DEFINIDO,,,,,,NO DEFINIDO,NO DEFINIDO,NO DEFINIDO,7039200.0,7039200.0,5028000.0
12901088,20211201,124205000,E.S.E. Hospital San Fernando - Amagá,2.1.1.01.01.001.02,"HORAS EXTRAS, DOMINICALES, FESTIVOS Y RECARGOS",GASTOS,FUNCIONAMIENTO,GASTOS DE PERSONAL,PLANTA DE PERSONAL PERMANENTE,FACTORES CONSTITUTIVOS DE SALARIO,FACTORES SALARIALES COMUNES,"HORAS EXTRAS, DOMINICALES, FESTIVOS Y RECARGOS",No Aplica,No Aplica,No Aplica,VIGENCIA ACTUAL,ENTIDADES DIFERENTES A ENTIDADES TERRITORIALES - GESTION GENERAL,NO DEFINIDO,NO DEFINIDO,SALUD Y PROTECCION SOCIAL,,,2021,Cuarto Trimestre,eje_gasto,,,,NO APLICA,OTRAS CONTRIBUCIONES CON DESTINACION ESPECIFICA LEGAL,,,,,,NO APLICA,,,,,,CON SITUACION DE FONDOS,NO APLICA,NO DEFINIDO,206978831.0,206978831.0,153071832.0
12927772,20221201,124205000,E.S.E. Hospital San Fernando - Amagá,2.1.1.02.01.001,FACTORES SALARIALES COMUNES,GASTOS,FUNCIONAMIENTO,GASTOS DE PERSONAL,PERSONAL SUPERNUMERARIO Y PLANTA TEMPORAL,FACTORES CONSTITUTIVOS DE SALARIO,FACTORES SALARIALES COMUNES,No Aplica,No Aplica,No Aplica,No Aplica,VIGENCIA ACTUAL,ENTIDADES DIFERENTES A ENTIDADES TERRITORIALES - UNIDAD DE SALUD,NO DEFINIDO,NO DEFINIDO,NO DEFINIDO,,,2022,Cuarto Trimestre,eje_gasto,,,,NO DEFINIDO,NO DEFINIDO,,,,,,NO DEFINIDO,,,,,,NO DEFINIDO,NO DEFINIDO,NO DEFINIDO,19664563.0,19664563.0,12589773.0
12933147,20230601,124205000,E.S.E. Hospital San Fernando - Amagá,2.1.2.02.02,ADQUISICION DE SERVICIOS,GASTOS,FUNCIONAMIENTO,ADQUISICION DE BIENES Y SERVICIOS,ADQUISICIONES DIFERENTES DE ACTIVOS,ADQUISICION DE SERVICIOS,No Aplica,No Aplica,No Aplica,No Aplica,No Aplica,VIGENCIA ACTUAL,ENTIDADES TERRITORIALES - SALUD,NO DEFINIDO,NO DEFINIDO,NO DEFINIDO,,,2023,Segundo Trimestre,eje_gasto,,,,NO DEFINIDO,NO DEFINIDO,,,,,,NO DEFINIDO,,,,,,NO DEFINIDO,NO DEFINIDO,NO DEFINIDO,1312862099.0,908725977.0,872379545.0
12958204,20210601,124205000,E.S.E. Hospital San Fernando - Amagá,2.1.1.01,PLANTA DE PERSONAL PERMANENTE,GASTOS,FUNCIONAMIENTO,GASTOS DE PERSONAL,PLANTA DE PERSONAL PERMANENTE,No Aplica,No Aplica,No Aplica,No Aplica,No Aplica,No Aplica,CUENTAS POR PAGAR,ENTIDADES DIFERENTES A ENTIDADES TERRITORIALES - GESTION GENERAL,NO DEFINIDO,NO DEFINIDO,NO DEFINIDO,,,2021,Segundo Trimestre,eje_gasto,,,,NO DEFINIDO,NO DEFINIDO,,,,,,NO DEFINIDO,,,,,,NO DEFINIDO,NO DEFINIDO,NO DEFINIDO,541392491.0,531029634.0,320937251.0
12967882,20220301,124205000,E.S.E. Hospital San Fernando - Amagá,2.1.8.05,"MULTAS, SANCIONES E INTERESES DE MORA",GASTOS,FUNCIONAMIENTO,"GASTOS POR TRIBUTOS, TASAS, CONTRIBUCIONES, MULTAS, SANCIONES E INTERESES DE MORA","MULTAS, SANCIONES E INTERESES DE MORA",No Aplica,No Aplica,No Aplica,No Aplica,No Aplica,No Aplica,VIGENCIA ACTUAL,ENTIDADES DIFERENTES A ENTIDADES TERRITORIALES - UNIDAD DE SALUD,NO DEFINIDO,NO DEFINIDO,NO DEFINIDO,,,2022,Primer Trimestre,eje_gasto,,,,NO DEFINIDO,NO DEFINIDO,,,,,,NO DEFINIDO,,,,,,NO DEFINIDO,NO DEFINIDO,NO DEFINIDO,4000.0,4000.0,4000.0
12970003,20220301,124205000,E.S.E. Hospital San Fernando - Amagá,2.1.2.02.02.009,"SERVICIOS PARA LA COMUNIDAD, SOCIALES Y PERSONALES",GASTOS,FUNCIONAMIENTO,ADQUISICION DE BIENES Y SERVICIOS,ADQUISICIONES DIFERENTES DE ACTIVOS,ADQUISICION DE SERVICIOS,"SERVICIOS PARA LA COMUNIDAD, SOCIALES Y PERSONALES",No Aplica,No Aplica,No Aplica,No Aplica,VIGENCIA ACTUAL,ENTIDADES DIFERENTES A ENTIDADES TERRITORIALES - UNIDAD DE SALUD,NO DEFINIDO,NO DEFINIDO,SALUD Y PROTECCION SOCIAL,,,2022,Primer Trimestre,eje_gasto,,,,SERVICIOS DE LA ADMINISTRACION PUBLICA RELACIONADOS CON LA SALUD,R.B. VENTA DE BIENES Y SERVICIOS,,,,,,NO APLICA,,,,,,SIN SITUACION DE FONDOS,NO APLICA,NO DEFINIDO,135366117.0,135366117.0,135366117.0
12970894,20220901,124205000,E.S.E. Hospital San Fernando - Amagá,2.1,FUNCIONAMIENTO,GASTOS,FUNCIONAMIENTO,No Aplica,No Aplica,No Aplica,No Aplica,No Aplica,No Aplica,No Aplica,No Aplica,VIGENCIA ACTUAL,ENTIDADES DIFERENTES A ENTIDADES TERRITORIALES - UNIDAD DE SALUD,NO DEFINIDO,NO DEFINIDO,NO DEFINIDO,,,2022,Tercer Trimestre,eje_gasto,,,,NO DEFINIDO,NO DEFINIDO,,,,,,NO DEFINIDO,,,,,,NO DEFINIDO,NO DEFINIDO,NO DEFINIDO,3749426256.0,3397159198.0,3201463844.0
12971836,20220901,124205000,E.S.E. Hospital San Fernando - Amagá,2.4.5.02.06,"COMERCIO Y DISTRIBUCION; ALOJAMIENTO; SERVICIOS DE SUMINISTRO DE COMIDAS Y BEBIDAS; SERVICIOS DE TRANSPORTE; Y SERVICIOS DE DISTRIBUCION DE ELECTRICIDAD, GAS Y AGUA",GASTOS,GASTOS DE OPERACION COMERCIAL,GASTOS DE COMERCIALIZACION Y PRODUCCION,ADQUISICION DE SERVICIOS,"COMERCIO Y DISTRIBUCION; ALOJAMIENTO; SERVICIOS DE SUMINISTRO DE COMIDAS Y BEBIDAS; SERVICIOS DE TRANSPORTE; Y SERVICIOS DE DISTRIBUCION DE ELECTRICIDAD, GAS Y AGUA",No Aplica,No Aplica,No Aplica,No Aplica,No Aplica,VIGENCIA ACTUAL,ENTIDADES DIFERENTES A ENTIDADES TERRITORIALES - UNIDAD DE SALUD,NO DEFINIDO,NO DEFINIDO,SALUD Y PROTECCION SOCIAL,,,2022,Tercer Trimestre,eje_gasto,,,,SERVICIOS DE SEGUROS SOCIALES DE SALUD,R.B. VENTA DE BIENES Y SERVICIOS,,,,,,NO APLICA,,,,,,SIN SITUACION DE FONDOS,NO APLICA,NO DEFINIDO,47707592.0,47707592.0,47390916.0
12974894,20220301,124205000,E.S.E. Hospital San Fernando - Amagá,2.1.2.02,ADQUISICIONES DIFERENTES DE ACTIVOS,GASTOS,FUNCIONAMIENTO,ADQUISICION DE BIENES Y SERVICIOS,ADQUISICIONES DIFERENTES DE ACTIVOS,No Aplica,No Aplica,No Aplica,No Aplica,No Aplica,No Aplica,VIGENCIA ACTUAL,ENTIDADES DIFERENTES A ENTIDADES TERRITORIALES - UNIDAD DE SALUD,NO DEFINIDO,NO DEFINIDO,NO DEFINIDO,,,2022,Primer Trimestre,eje_gasto,,,,NO DEFINIDO,NO DEFINIDO,,,,,,NO DEFINIDO,,,,,,NO DEFINIDO,NO DEFINIDO,NO DEFINIDO,174246249.0,174246249.0,174246249.0
12988743,20211201,124205000,E.S.E. Hospital San Fernando - Amagá,2.1.2.02,ADQUISICIONES DIFERENTES DE ACTIVOS,GASTOS,FUNCIONAMIENTO,ADQUISICION DE BIENES Y SERVICIOS,ADQUISICIONES DIFERENTES DE ACTIVOS,No Aplica,No Aplica,No Aplica,No Aplica,No Aplica,No Aplica,VIGENCIA ACTUAL,ENTIDADES DIFERENTES A ENTIDADES TERRITORIALES - GESTION GENERAL,NO DEFINIDO,NO DEFINIDO,NO DEFINIDO,,,2021,Cuarto Trimestre,eje_gasto,,,,NO DEFINIDO,NO DEFINIDO,,,,,,NO DEFINIDO,,,,,,NO DEFINIDO,NO DEFINIDO,NO DEFINIDO,1747940066.0,1747940066.0,1340910532.0
12990353,20211201,124205000,E.S.E. Hospital San Fernando - Amagá,2.1.1.01.02.004,APORTES A CAJAS DE COMPENSACION FAMILIAR,GASTOS,FUNCIONAMIENTO,GASTOS DE PERSONAL,PLANTA DE PERSONAL PERMANENTE,CONTRIBUCIONES INHERENTES A LA NOMINA,APORTES A CAJAS DE COMPENSACION FAMILIAR,No Aplica,No Aplica,No Aplica,No Aplica,VIGENCIA ACTUAL,ENTIDADES DIFERENTES A ENTIDADES TERRITORIALES - GESTION GENERAL,NO DEFINIDO,NO DEFINIDO,SALUD Y PROTECCION SOCIAL,,,2021,Cuarto Trimestre,eje_gasto,,,,NO APLICA,OTRAS CONTRIBUCIONES CON DESTINACION ESPECIFICA LEGAL,,,,,,NO APLICA,,,,,,CON SITUACION DE FONDOS,NO APLICA,NO DEFINIDO,67938200.0,67938200.0,62571100.0
12993690,20220901,124205000,E.S.E. Hospital San Fernando - Amagá,2.1.1.01.01.001.04,SUBSIDIO DE ALIMENTACION,GASTOS,FUNCIONAMIENTO,GASTOS DE PERSONAL,PLANTA DE PERSONAL PERMANENTE,FACTORES CONSTITUTIVOS DE SALARIO,FACTORES SALARIALES COMUNES,SUBSIDIO DE ALIMENTACION,No Aplica,No Aplica,No Aplica,VIGENCIA ACTUAL,ENTIDADES DIFERENTES A ENTIDADES TERRITORIALES - UNIDAD DE SALUD,NO DEFINIDO,NO DEFINIDO,SALUD Y PROTECCION SOCIAL,,,2022,Tercer Trimestre,eje_gasto,,,,NO APLICA,R.B. VENTA DE BIENES Y SERVICIOS,,,,,,NO APLICA,,,,,,SIN SITUACION DE FONDOS,NO APLICA,NO DEFINIDO,17060000.0,17060000.0,17060000.0
12994821,20210901,124205000,E.S.E. Hospital San Fernando - Amagá,2.1.1.01.02.006,APORTES AL ICBF,GASTOS,FUNCIONAMIENTO,GASTOS DE PERSONAL,PLANTA DE PERSONAL PERMANENTE,CONTRIBUCIONES INHERENTES A LA NOMINA,APORTES AL ICBF,No Aplica,No Aplica,No Aplica,No Aplica,VIGENCIA ACTUAL,ENTIDADES DIFERENTES A ENTIDADES TERRITORIALES - GESTION GENERAL,NO DEFINIDO,NO DEFINIDO,SALUD Y PROTECCION SOCIAL,,,2021,Tercer Trimestre,eje_gasto,,,,NO APLICA,1.2.3.2.09 - VENTA DE BIENES Y SERVICIOS,,,,,,NO APLICA,,,,,,CON SITUACION DE FONDOS,NO APLICA,NO DEFINIDO,38776300.0,38776300.0,34662000.0
12997285,20210301,124205000,E.S.E. Hospital San Fernando - Amagá,2.1.1.01.01.001.08.02,PRIMA DE VACACIONES,GASTOS,FUNCIONAMIENTO,GASTOS DE PERSONAL,PLANTA DE PERSONAL PERMANENTE,FACTORES CONSTITUTIVOS DE SALARIO,FACTORES SALARIALES COMUNES,PRESTACIONES SOCIALES,PRIMA DE VACACIONES,No Aplica,No Aplica,VIGENCIA ACTUAL,ENTIDADES DIFERENTES A ENTIDADES TERRITORIALES - GESTION GENERAL,NO DEFINIDO,NO DEFINIDO,SALUD Y PROTECCION SOCIAL,,,2021,Primer Trimestre,eje_gasto,,,,NO APLICA,1.2.3.2.09 - VENTA DE BIENES Y SERVICIOS,,,,,,NO APLICA,,,,,,CON SITUACION DE FONDOS,NO APLICA,NO DEFINIDO,15125364.0,15125364.0,3509889.0
12997909,20210901,124205000,E.S.E. Hospital San Fernando - Amagá,2.1.1.01,PLANTA DE PERSONAL PERMANENTE,GASTOS,FUNCIONAMIENTO,GASTOS DE PERSONAL,PLANTA DE PERSONAL PERMANENTE,No Aplica,No Aplica,No Aplica,No Aplica,No Aplica,No Aplica,VIGENCIA ACTUAL,ENTIDADES DIFERENTES A ENTIDADES TERRITORIALES - GESTION GENERAL,NO DEFINIDO,NO DEFINIDO,NO DEFINIDO,,,2021,Tercer Trimestre,eje_gasto,,,,NO DEFINIDO,NO DEFINIDO,,,,,,NO DEFINIDO,,,,,,NO DEFINIDO,NO DEFINIDO,NO DEFINIDO,1927532328.0,1927532327.0,1282346880.0
13001287,20230601,124205000,E.S.E. Hospital San Fernando - Amagá,2.1.1.01.03.001.01,VACACIONES,GASTOS,FUNCIONAMIENTO,GASTOS DE PERSONAL,PLANTA DE PERSONAL PERMANENTE,REMUNERACIONES NO CONSTITUTIVAS DE FACTOR SALARIAL,PRESTACIONES SOCIALES,VACACIONES,No Aplica,No Aplica,No Aplica,VIGENCIA ACTUAL,ENTIDADES TERRITORIALES - SALUD,NO DEFINIDO,NO DEFINIDO,SALUD Y PROTECCION SOCIAL,,,2023,Segundo Trimestre,eje_gasto,,,,NO APLICA,R.B. VENTA DE BIENES Y SERVICIOS,,,,,,NO APLICA,,,,,,SIN SITUACION DE FONDOS,NO APLICA,NO DEFINIDO,81226767.0,81226767.0,60854240.0
13013367,20220601,124205000,E.S.E. Hospital San Fernando - Amagá,2.1.1.01.01,FACTORES CONSTITUTIVOS DE SALARIO,GASTOS,FUNCIONAMIENTO,GASTOS DE PERSONAL,PLANTA DE PERSONAL PERMANENTE,FACTORES CONSTITUTIVOS DE SALARIO,No Aplica,No Aplica,No Aplica,No Aplica,No Aplica,VIGENCIA ACTUAL,ENTIDADES DIFERENTES A ENTIDADES TERRITORIALES - UNIDAD DE SALUD,NO DEFINIDO,NO DEFINIDO,NO DEFINIDO,,,2022,Segundo Trimestre,eje_gasto,,,,NO DEFINIDO,NO DEFINIDO,,,,,,NO DEFINIDO,,,,,,NO DEFINIDO,NO DEFINIDO,NO DEFINIDO,984462146.0,975359459.0,697079662.0
13019085,20211201,124205000,E.S.E. Hospital San Fernando - Amagá,2.1.1.01.03,REMUNERACIONES NO CONSTITUTIVAS DE FACTOR SALARIAL,GASTOS,FUNCIONAMIENTO,GASTOS DE PERSONAL,PLANTA DE PERSONAL PERMANENTE,REMUNERACIONES NO CONSTITUTIVAS DE FACTOR SALARIAL,No Aplica,No Aplica,No Aplica,No Aplica,No Aplica,VIGENCIA ACTUAL,ENTIDADES DIFERENTES A ENTIDADES TERRITORIALES - GESTION GENERAL,NO DEFINIDO,NO DEFINIDO,NO DEFINIDO,,,2021,Cuarto Trimestre,eje_gasto,,,,NO DEFINIDO,NO DEFINIDO,,,,,,NO DEFINIDO,,,,,,NO DEFINIDO,NO DEFINIDO,NO DEFINIDO,6402358.0,6402358.0,2797358.0
13019991,20230601,124205000,E.S.E. Hospital San Fernando - Amagá,2.1.2.02.01.003,"OTROS BIENES TRANSPORTABLES EXCEPTO PRODUCTOS METALICOS, MAQUINARIA Y EQUIPO",GASTOS,FUNCIONAMIENTO,ADQUISICION DE BIENES Y SERVICIOS,ADQUISICIONES DIFERENTES DE ACTIVOS,MATERIALES Y SUMINISTROS,"OTROS BIENES TRANSPORTABLES EXCEPTO PRODUCTOS METALICOS, MAQUINARIA Y EQUIPO",No Aplica,No Aplica,No Aplica,No Aplica,VIGENCIA ACTUAL,ENTIDADES TERRITORIALES - SALUD,NO DEFINIDO,NO DEFINIDO,SALUD Y PROTECCION SOCIAL,,,2023,Segundo Trimestre,eje_gasto,,,,SERVICIOS MEDICOS GENERALES,R.B. VENTA DE BIENES Y SERVICIOS,,,,,,NO APLICA,,,,,,SIN SITUACION DE FONDOS,NO APLICA,NO DEFINIDO,57889243.0,57889243.0,57889243.0
13022766,20220901,124205000,E.S.E. Hospital San Fernando - Amagá,2.1.1.01.01.001.07,BONIFICACION POR SERVICIOS PRESTADOS,GASTOS,FUNCIONAMIENTO,GASTOS DE PERSONAL,PLANTA DE PERSONAL PERMANENTE,FACTORES CONSTITUTIVOS DE SALARIO,FACTORES SALARIALES COMUNES,BONIFICACION POR SERVICIOS PRESTADOS,No Aplica,No Aplica,No Aplica,VIGENCIA ACTUAL,ENTIDADES DIFERENTES A ENTIDADES TERRITORIALES - UNIDAD DE SALUD,NO DEFINIDO,NO DEFINIDO,SALUD Y PROTECCION SOCIAL,,,2022,Tercer Trimestre,eje_gasto,,,,NO APLICA,R.B. VENTA DE BIENES Y SERVICIOS,,,,,,NO APLICA,,,,,,SIN SITUACION DE FONDOS,NO APLICA,NO DEFINIDO,42998638.0,42998638.0,42078937.0
13028922,20210301,124205000,E.S.E. Hospital San Fernando - Amagá,2.1.1.01.01.001.06,PRIMA DE SERVICIO,GASTOS,FUNCIONAMIENTO,GASTOS DE PERSONAL,PLANTA DE PERSONAL PERMANENTE,FACTORES CONSTITUTIVOS DE SALARIO,FACTORES SALARIALES COMUNES,PRIMA DE SERVICIO,No Aplica,No Aplica,No Aplica,VIGENCIA ACTUAL,ENTIDADES DIFERENTES A ENTIDADES TERRITORIALES - GESTION GENERAL,NO DEFINIDO,NO DEFINIDO,SALUD Y PROTECCION SOCIAL,,,2021,Primer Trimestre,eje_gasto,,,,NO APLICA,1.2.3.2.09 - VENTA DE BIENES Y SERVICIOS,,,,,,NO APLICA,,,,,,CON SITUACION DE FONDOS,NO APLICA,NO DEFINIDO,466634.0,466634.0,0.0
13032449,20221201,124205000,E.S.E. Hospital San Fernando - Amagá,2.1.1.01.01.001.08.01,PRIMA DE NAVIDAD,GASTOS,FUNCIONAMIENTO,GASTOS DE PERSONAL,PLANTA DE PERSONAL PERMANENTE,FACTORES CONSTITUTIVOS DE SALARIO,FACTORES SALARIALES COMUNES,PRESTACIONES SOCIALES,PRIMA DE NAVIDAD,No Aplica,No Aplica,VIGENCIA ACTUAL,ENTIDADES DIFERENTES A ENTIDADES TERRITORIALES - UNIDAD DE SALUD,NO DEFINIDO,NO DEFINIDO,SALUD Y PROTECCION SOCIAL,,,2022,Cuarto Trimestre,eje_gasto,,,,NO APLICA,R.B. VENTA DE BIENES Y SERVICIOS,,,,,,NO APLICA,,,,,,SIN SITUACION DE FONDOS,NO APLICA,NO DEFINIDO,146277607.0,146277607.0,119944131.0
13039084,20210901,124205000,E.S.E. Hospital San Fernando - Amagá,2.1.1.01.02.007,APORTES AL SENA,GASTOS,FUNCIONAMIENTO,GASTOS DE PERSONAL,PLANTA DE PERSONAL PERMANENTE,CONTRIBUCIONES INHERENTES A LA NOMINA,APORTES AL SENA,No Aplica,No Aplica,No Aplica,No Aplica,VIGENCIA ACTUAL,ENTIDADES DIFERENTES A ENTIDADES TERRITORIALES - GESTION GENERAL,NO DEFINIDO,NO DEFINIDO,SALUD Y PROTECCION SOCIAL,,,2021,Tercer Trimestre,eje_gasto,,,,NO APLICA,1.2.3.2.09 - VENTA DE BIENES Y SERVICIOS,,,,,,NO APLICA,,,,,,CON SITUACION DE FONDOS,NO APLICA,NO DEFINIDO,25857500.0,25857500.0,23113800.0
13046591,20220601,124205000,E.S.E. Hospital San Fernando - Amagá,2.1.8,"GASTOS POR TRIBUTOS, TASAS, CONTRIBUCIONES, MULTAS, SANCIONES E INTERESES DE MORA",GASTOS,FUNCIONAMIENTO,"GASTOS POR TRIBUTOS, TASAS, CONTRIBUCIONES, MULTAS, SANCIONES E INTERESES DE MORA",No Aplica,No Aplica,No Aplica,No Aplica,No Aplica,No Aplica,No Aplica,VIGENCIA ACTUAL,ENTIDADES DIFERENTES A ENTIDADES TERRITORIALES - UNIDAD DE SALUD,NO DEFINIDO,NO DEFINIDO,NO DEFINIDO,,,2022,Segundo Trimestre,eje_gasto,,,,NO DEFINIDO,NO DEFINIDO,,,,,,NO DEFINIDO,,,,,,NO DEFINIDO,NO DEFINIDO,NO DEFINIDO,4000.0,4000.0,4000.0
13057208,20220601,124205000,E.S.E. Hospital San Fernando - Amagá,2.1.2.02.01.002,"PRODUCTOS ALIMENTICIOS, BEBIDAS Y TABACO, TEXTILES, PRENDAS DE VESTIR Y PRODUCTOS DE CUERO",GASTOS,FUNCIONAMIENTO,ADQUISICION DE BIENES Y SERVICIOS,ADQUISICIONES DIFERENTES DE ACTIVOS,MATERIALES Y SUMINISTROS,"PRODUCTOS ALIMENTICIOS, BEBIDAS Y TABACO, TEXTILES, PRENDAS DE VESTIR Y PRODUCTOS DE CUERO",No Aplica,No Aplica,No Aplica,No Aplica,VIGENCIA ACTUAL,ENTIDADES DIFERENTES A ENTIDADES TERRITORIALES - UNIDAD DE SALUD,NO DEFINIDO,NO DEFINIDO,SALUD Y PROTECCION SOCIAL,,,2022,Segundo Trimestre,eje_gasto,,,,SERVICIOS DE SEGUROS SOCIALES DE SALUD,DISPONIBILIDAD INICIAL,,,,,,NO APLICA,,,,,,SIN SITUACION DE FONDOS,NO APLICA,NO DEFINIDO,91800.0,91800.0,91800.0
13058307,20220301,124205000,E.S.E. Hospital San Fernando - Amagá,2.1.1.01.01.001.08,PRESTACIONES SOCIALES,GASTOS,FUNCIONAMIENTO,GASTOS DE PERSONAL,PLANTA DE PERSONAL PERMANENTE,FACTORES CONSTITUTIVOS DE SALARIO,FACTORES SALARIALES COMUNES,PRESTACIONES SOCIALES,No Aplica,No Aplica,No Aplica,VIGENCIA ACTUAL,ENTIDADES DIFERENTES A ENTIDADES TERRITORIALES - UNIDAD DE SALUD,NO DEFINIDO,NO DEFINIDO,NO DEFINIDO,,,2022,Primer Trimestre,eje_gasto,,,,NO DEFINIDO,NO DEFINIDO,,,,,,NO DEFINIDO,,,,,,NO DEFINIDO,NO DEFINIDO,NO DEFINIDO,7692529.0,7692529.0,7692529.0
13063580,20211201,124205000,E.S.E. Hospital San Fernando - Amagá,2.1.1.01.02.006,APORTES AL ICBF,GASTOS,FUNCIONAMIENTO,GASTOS DE PERSONAL,PLANTA DE PERSONAL PERMANENTE,CONTRIBUCIONES INHERENTES A LA NOMINA,APORTES AL ICBF,No Aplica,No Aplica,No Aplica,No Aplica,CUENTAS POR PAGAR,ENTIDADES DIFERENTES A ENTIDADES TERRITORIALES - GESTION GENERAL,NO DEFINIDO,NO DEFINIDO,SALUD Y PROTECCION SOCIAL,,,2021,Cuarto Trimestre,eje_gasto,,,,NO APLICA,OTRAS CONTRIBUCIONES CON DESTINACION ESPECIFICA LEGAL,,,,,,NO APLICA,,,,,,CON SITUACION DE FONDOS,NO APLICA,NO DEFINIDO,6241300.0,6241300.0,6241300.0
13063621,20220601,124205000,E.S.E. Hospital San Fernando - Amagá,2.1.1.01.01.001.08,PRESTACIONES SOCIALES,GASTOS,FUNCIONAMIENTO,GASTOS DE PERSONAL,PLANTA DE PERSONAL PERMANENTE,FACTORES CONSTITUTIVOS DE SALARIO,FACTORES SALARIALES COMUNES,PRESTACIONES SOCIALES,No Aplica,No Aplica,No Aplica,VIGENCIA ACTUAL,ENTIDADES DIFERENTES A ENTIDADES TERRITORIALES - UNIDAD DE SALUD,NO DEFINIDO,NO DEFINIDO,NO DEFINIDO,,,2022,Segundo Trimestre,eje_gasto,,,,NO DEFINIDO,NO DEFINIDO,,,,,,NO DEFINIDO,,,,,,NO DEFINIDO,NO DEFINIDO,NO DEFINIDO,49737210.0,45554894.0,36614255.0
13063645,20211201,124205000,E.S.E. Hospital San Fernando - Amagá,2.1.2.02.02.007,SERVICIOS FINANCIEROS Y SERVICIOS CONEXOS; SERVICIOS INMOBILIARIOS; Y SERVICIOS DE ARRENDAMIENTO Y LEASING,GASTOS,FUNCIONAMIENTO,ADQUISICION DE BIENES Y SERVICIOS,ADQUISICIONES DIFERENTES DE ACTIVOS,ADQUISICION DE SERVICIOS,SERVICIOS FINANCIEROS Y SERVICIOS CONEXOS; SERVICIOS INMOBILIARIOS; Y SERVICIOS DE ARRENDAMIENTO Y LEASING,No Aplica,No Aplica,No Aplica,No Aplica,VIGENCIA ACTUAL,ENTIDADES DIFERENTES A ENTIDADES TERRITORIALES - GESTION GENERAL,NO DEFINIDO,NO DEFINIDO,SALUD Y PROTECCION SOCIAL,,,2021,Cuarto Trimestre,eje_gasto,,,,OTROS SERVICIOS DE SEGUROS DISTINTOS DE LOS SEGUROS DE VIDA N C P,OTRAS CONTRIBUCIONES CON DESTINACION ESPECIFICA LEGAL,,,,,,NO APLICA,,,,,,CON SITUACION DE FONDOS,NO APLICA,NO DEFINIDO,104288994.0,104288994.0,47302922.0
13064114,20220601,124205000,E.S.E. Hospital San Fernando - Amagá,2.1.1.01,PLANTA DE PERSONAL PERMANENTE,GASTOS,FUNCIONAMIENTO,GASTOS DE PERSONAL,PLANTA DE PERSONAL PERMANENTE,No Aplica,No Aplica,No Aplica,No Aplica,No Aplica,No Aplica,VIGENCIA ACTUAL,ENTIDADES DIFERENTES A ENTIDADES TERRITORIALES - UNIDAD DE SALUD,NO DEFINIDO,NO DEFINIDO,NO DEFINIDO,,,2022,Segundo Trimestre,eje_gasto,,,,NO DEFINIDO,NO DEFINIDO,,,,,,NO DEFINIDO,,,,,,NO DEFINIDO,NO DEFINIDO,NO DEFINIDO,1318697927.0,1309595240.0,990366163.0
13071670,20210901,124205000,E.S.E. Hospital San Fernando - Amagá,2.1.2.02.02.009,"SERVICIOS PARA LA COMUNIDAD, SOCIALES Y PERSONALES",GASTOS,FUNCIONAMIENTO,ADQUISICION DE BIENES Y SERVICIOS,ADQUISICIONES DIFERENTES DE ACTIVOS,ADQUISICION DE SERVICIOS,"SERVICIOS PARA LA COMUNIDAD, SOCIALES Y PERSONALES",No Aplica,No Aplica,No Aplica,No Aplica,VIGENCIA ACTUAL,ENTIDADES DIFERENTES A ENTIDADES TERRITORIALES - GESTION GENERAL,NO DEFINIDO,NO DEFINIDO,SALUD Y PROTECCION SOCIAL,,,2021,Tercer Trimestre,eje_gasto,,,,97990 - OTROS SERVICIOS DIVERSOS N.C.P.,1.2.3.2.09 - VENTA DE BIENES Y SERVICIOS,,,,,,NO APLICA,,,,,,CON SITUACION DE FONDOS,NO APLICA,NO DEFINIDO,246611178.0,126378892.0,84834652.0
13075021,20230601,124205000,E.S.E. Hospital San Fernando - Amagá,2.1.8.04.01,CUOTA DE FISCALIZACION Y AUDITAJE,GASTOS,FUNCIONAMIENTO,"GASTOS POR TRIBUTOS, TASAS, CONTRIBUCIONES, MULTAS, SANCIONES E INTERESES DE MORA",CONTRIBUCIONES,CUOTA DE FISCALIZACION Y AUDITAJE,No Aplica,No Aplica,No Aplica,No Aplica,No Aplica,VIGENCIA ACTUAL,ENTIDADES TERRITORIALES - SALUD,NO DEFINIDO,NO DEFINIDO,SALUD Y PROTECCION SOCIAL,,,2023,Segundo Trimestre,eje_gasto,,,,NO APLICA,R.B. VENTA DE BIENES Y SERVICIOS,,,,,,NO APLICA,,,,,,SIN SITUACION DE FONDOS,NO APLICA,NO DEFINIDO,5285998.0,5285998.0,0.0
13079124,20210901,124205000,E.S.E. Hospital San Fernando - Amagá,2.1.7.01.02,CESANTIAS PARCIALES,GASTOS,FUNCIONAMIENTO,DISMINUCION DE PASIVOS,CESANTIAS,CESANTIAS PARCIALES,No Aplica,No Aplica,No Aplica,No Aplica,No Aplica,VIGENCIA ACTUAL,ENTIDADES DIFERENTES A ENTIDADES TERRITORIALES - GESTION GENERAL,NO DEFINIDO,NO DEFINIDO,SALUD Y PROTECCION SOCIAL,,,2021,Tercer Trimestre,eje_gasto,,,,NO APLICA,1.2.3.2.09 - VENTA DE BIENES Y SERVICIOS,,,,,,NO APLICA,,,,,,CON SITUACION DE FONDOS,NO APLICA,NO DEFINIDO,336462.0,336462.0,104475.0
13079628,20210901,124205000,E.S.E. Hospital San Fernando - Amagá,2.4.5.02,ADQUISICION DE SERVICIOS,GASTOS,GASTOS DE OPERACION COMERCIAL,GASTOS DE COMERCIALIZACION Y PRODUCCION,ADQUISICION DE SERVICIOS,No Aplica,No Aplica,No Aplica,No Aplica,No Aplica,No Aplica,CUENTAS POR PAGAR,ENTIDADES DIFERENTES A ENTIDADES TERRITORIALES - GESTION GENERAL,NO DEFINIDO,NO DEFINIDO,NO DEFINIDO,,,2021,Tercer Trimestre,eje_gasto,,,,NO DEFINIDO,NO DEFINIDO,,,,,,NO DEFINIDO,,,,,,NO DEFINIDO,NO DEFINIDO,NO DEFINIDO,134789526.0,134789526.0,134789526.0
13080134,20221201,124205000,E.S.E. Hospital San Fernando - Amagá,2.1.2.02.02.008,SERVICIOS PRESTADOS A LAS EMPRESAS Y SERVICIOS DE PRODUCCION,GASTOS,FUNCIONAMIENTO,ADQUISICION DE BIENES Y SERVICIOS,ADQUISICIONES DIFERENTES DE ACTIVOS,ADQUISICION DE SERVICIOS,SERVICIOS PRESTADOS A LAS EMPRESAS Y SERVICIOS DE PRODUCCION,No Aplica,No Aplica,No Aplica,No Aplica,VIGENCIA ACTUAL,ENTIDADES DIFERENTES A ENTIDADES TERRITORIALES - UNIDAD DE SALUD,NO DEFINIDO,NO DEFINIDO,SALUD Y PROTECCION SOCIAL,,,2022,Cuarto Trimestre,eje_gasto,,,,SERVICIOS DE LA ADMINISTRACION PUBLICA RELACIONADOS CON LA SALUD,R.B. VENTA DE BIENES Y SERVICIOS,,,,,,NO APLICA,,,,,,SIN SITUACION DE FONDOS,NO APLICA,NO DEFINIDO,368325693.0,360327693.0,360327693.0
13084530,20210601,124205000,E.S.E. Hospital San Fernando - Amagá,2.1.1.01.02,CONTRIBUCIONES INHERENTES A LA NOMINA,GASTOS,FUNCIONAMIENTO,GASTOS DE PERSONAL,PLANTA DE PERSONAL PERMANENTE,CONTRIBUCIONES INHERENTES A LA NOMINA,No Aplica,No Aplica,No Aplica,No Aplica,No Aplica,VIGENCIA ACTUAL,ENTIDADES DIFERENTES A ENTIDADES TERRITORIALES - GESTION GENERAL,NO DEFINIDO,NO DEFINIDO,NO DEFINIDO,,,2021,Segundo Trimestre,eje_gasto,,,,NO DEFINIDO,NO DEFINIDO,,,,,,NO DEFINIDO,,,,,,NO DEFINIDO,NO DEFINIDO,NO DEFINIDO,277021081.0,277020781.0,227054569.0
13088238,20221201,124205000,E.S.E. Hospital San Fernando - Amagá,2.1.1.01.01.001.04,SUBSIDIO DE ALIMENTACION,GASTOS,FUNCIONAMIENTO,GASTOS DE PERSONAL,PLANTA DE PERSONAL PERMANENTE,FACTORES CONSTITUTIVOS DE SALARIO,FACTORES SALARIALES COMUNES,SUBSIDIO DE ALIMENTACION,No Aplica,No Aplica,No Aplica,VIGENCIA ACTUAL,ENTIDADES DIFERENTES A ENTIDADES TERRITORIALES - UNIDAD DE SALUD,NO DEFINIDO,NO DEFINIDO,SALUD Y PROTECCION SOCIAL,,,2022,Cuarto Trimestre,eje_gasto,,,,NO APLICA,R.B. VENTA DE BIENES Y SERVICIOS,,,,,,NO APLICA,,,,,,SIN SITUACION DE FONDOS,NO APLICA,NO DEFINIDO,17060000.0,17060000.0,17060000.0
13092340,20210601,124205000,E.S.E. Hospital San Fernando - Amagá,2.1.2.02.01.003,"OTROS BIENES TRANSPORTABLES EXCEPTO PRODUCTOS METALICOS, MAQUINARIA Y EQUIPO",GASTOS,FUNCIONAMIENTO,ADQUISICION DE BIENES Y SERVICIOS,ADQUISICIONES DIFERENTES DE ACTIVOS,MATERIALES Y SUMINISTROS,"OTROS BIENES TRANSPORTABLES EXCEPTO PRODUCTOS METALICOS, MAQUINARIA Y EQUIPO",No Aplica,No Aplica,No Aplica,No Aplica,VIGENCIA ACTUAL,ENTIDADES DIFERENTES A ENTIDADES TERRITORIALES - GESTION GENERAL,NO DEFINIDO,NO DEFINIDO,SALUD Y PROTECCION SOCIAL,,,2021,Segundo Trimestre,eje_gasto,,,,"62251 - COMERCIO AL POR MENOR DE LIBROS, PERIÓDICOS, REVISTAS Y ARTÍCULOS DE PAPELERÍA EN ESTABLECIMIENTOS ESPECIALIZADOS",1.2.3.2.09 - VENTA DE BIENES Y SERVICIOS,,,,,,NO APLICA,,,,,,CON SITUACION DE FONDOS,NO APLICA,NO DEFINIDO,52710724.0,52710724.0,33460433.0
13092404,20220601,124205000,E.S.E. Hospital San Fernando - Amagá,2.1.1,GASTOS DE PERSONAL,GASTOS,FUNCIONAMIENTO,GASTOS DE PERSONAL,No Aplica,No Aplica,No Aplica,No Aplica,No Aplica,No Aplica,No Aplica,VIGENCIA ACTUAL,ENTIDADES DIFERENTES A ENTIDADES TERRITORIALES - UNIDAD DE SALUD,NO DEFINIDO,NO DEFINIDO,NO DEFINIDO,,,2022,Segundo Trimestre,eje_gasto,,,,NO DEFINIDO,NO DEFINIDO,,,,,,NO DEFINIDO,,,,,,NO DEFINIDO,NO DEFINIDO,NO DEFINIDO,1319454257.0,1310351570.0,990453163.0
13100311,20220901,124205000,E.S.E. Hospital San Fernando - Amagá,2.1.8.05,"MULTAS, SANCIONES E INTERESES DE MORA",GASTOS,FUNCIONAMIENTO,"GASTOS POR TRIBUTOS, TASAS, CONTRIBUCIONES, MULTAS, SANCIONES E INTERESES DE MORA","MULTAS, SANCIONES E INTERESES DE MORA",No Aplica,No Aplica,No Aplica,No Aplica,No Aplica,No Aplica,VIGENCIA ACTUAL,ENTIDADES DIFERENTES A ENTIDADES TERRITORIALES - UNIDAD DE SALUD,NO DEFINIDO,NO DEFINIDO,NO DEFINIDO,,,2022,Tercer Trimestre,eje_gasto,,,,NO DEFINIDO,NO DEFINIDO,,,,,,NO DEFINIDO,,,,,,NO DEFINIDO,NO DEFINIDO,NO DEFINIDO,4000.0,4000.0,4000.0
13104517,20220901,124205000,E.S.E. Hospital San Fernando - Amagá,2.1.3.07.02.001.02,MESADAS PENSIONALES A CARGO DE LA ENTIDAD DE PENSIONES,GASTOS,FUNCIONAMIENTO,TRANSFERENCIAS CORRIENTES,PRESTACIONES PARA CUBRIR RIESGOS SOCIALES,PRESTACIONES SOCIALES RELACIONADAS CON EL EMPLEO,MESADAS PENSIONALES DE PENSIONES,MESADAS PENSIONALES A CARGO DE LA ENTIDAD DE PENSIONES,No Aplica,No Aplica,No Aplica,VIGENCIA ACTUAL,ENTIDADES DIFERENTES A ENTIDADES TERRITORIALES - UNIDAD DE SALUD,NO DEFINIDO,NO DEFINIDO,SALUD Y PROTECCION SOCIAL,,,2022,Tercer Trimestre,eje_gasto,,,,NO APLICA,R.B. VENTA DE BIENES Y SERVICIOS,,,,,,NO APLICA,,,,,,SIN SITUACION DE FONDOS,NO APLICA,NO DEFINIDO,10056000.0,10056000.0,10056000.0
13104844,20210901,124205000,E.S.E. Hospital San Fernando - Amagá,2.4.5.02.08,SERVICIOS PRESTADOS A LAS EMPRESAS Y SERVICIOS DE PRODUCCION,GASTOS,GASTOS DE OPERACION COMERCIAL,GASTOS DE COMERCIALIZACION Y PRODUCCION,ADQUISICION DE SERVICIOS,SERVICIOS PRESTADOS A LAS EMPRESAS Y SERVICIOS DE PRODUCCION,No Aplica,No Aplica,No Aplica,No Aplica,No Aplica,CUENTAS POR PAGAR,ENTIDADES DIFERENTES A ENTIDADES TERRITORIALES - GESTION GENERAL,NO DEFINIDO,NO DEFINIDO,SALUD Y PROTECCION SOCIAL,,,2021,Tercer Trimestre,eje_gasto,,,,97990 - OTROS SERVICIOS DIVERSOS N.C.P.,1.1.0.0.00 - DISPONIBILIDAD INICIAL,,,,,,NO APLICA,,,,,,CON SITUACION DE FONDOS,NO APLICA,NO DEFINIDO,108747715.0,108747715.0,108747715.0
13107101,20220901,124205000,E.S.E. Hospital San Fernando - Amagá,2.1.2,ADQUISICION DE BIENES Y SERVICIOS,GASTOS,FUNCIONAMIENTO,ADQUISICION DE BIENES Y SERVICIOS,No Aplica,No Aplica,No Aplica,No Aplica,No Aplica,No Aplica,No Aplica,VIGENCIA ACTUAL,ENTIDADES DIFERENTES A ENTIDADES TERRITORIALES - UNIDAD DE SALUD,NO DEFINIDO,NO DEFINIDO,NO DEFINIDO,,,2022,Tercer Trimestre,eje_gasto,,,,NO DEFINIDO,NO DEFINIDO,,,,,,NO DEFINIDO,,,,,,NO DEFINIDO,NO DEFINIDO,NO DEFINIDO,1759647255.0,1416482884.0,1408107715.0
13109880,20210601,124205000,E.S.E. Hospital San Fernando - Amagá,2.1.1.01.01.001.08.01,PRIMA DE NAVIDAD,GASTOS,FUNCIONAMIENTO,GASTOS DE PERSONAL,PLANTA DE PERSONAL PERMANENTE,FACTORES CONSTITUTIVOS DE SALARIO,FACTORES SALARIALES COMUNES,PRESTACIONES SOCIALES,PRIMA DE NAVIDAD,No Aplica,No Aplica,VIGENCIA ACTUAL,ENTIDADES DIFERENTES A ENTIDADES TERRITORIALES - GESTION GENERAL,NO DEFINIDO,NO DEFINIDO,SALUD Y PROTECCION SOCIAL,,,2021,Segundo Trimestre,eje_gasto,,,,NO APLICA,1.2.3.2.09 - VENTA DE BIENES Y SERVICIOS,,,,,,NO APLICA,,,,,,CON SITUACION DE FONDOS,NO APLICA,NO DEFINIDO,5444062.0,5444062.0,132242.0
13112713,20210601,124205000,E.S.E. Hospital San Fernando - Amagá,2.4,GASTOS DE OPERACION COMERCIAL,GASTOS,GASTOS DE OPERACION COMERCIAL,No Aplica,No Aplica,No Aplica,No Aplica,No Aplica,No Aplica,No Aplica,No Aplica,VIGENCIA ACTUAL,ENTIDADES DIFERENTES A ENTIDADES TERRITORIALES - GESTION GENERAL,NO DEFINIDO,NO DEFINIDO,NO DEFINIDO,,,2021,Segundo Trimestre,eje_gasto,,,,NO DEFINIDO,NO DEFINIDO,,,,,,NO DEFINIDO,,,,,,NO DEFINIDO,NO DEFINIDO,NO DEFINIDO,376965679.0,376965679.0,52555928.0
13129782,20220301,124205000,E.S.E. Hospital San Fernando - Amagá,2.1.1.01.02.002,APORTES A LA SEGURIDAD SOCIAL EN SALUD,GASTOS,FUNCIONAMIENTO,GASTOS DE PERSONAL,PLANTA DE PERSONAL PERMANENTE,CONTRIBUCIONES INHERENTES A LA NOMINA,APORTES A LA SEGURIDAD SOCIAL EN SALUD,No Aplica,No Aplica,No Aplica,No Aplica,VIGENCIA ACTUAL,ENTIDADES DIFERENTES A ENTIDADES TERRITORIALES - UNIDAD DE SALUD,NO DEFINIDO,NO DEFINIDO,SALUD Y PROTECCION SOCIAL,,,2022,Primer Trimestre,eje_gasto,,,,NO APLICA,R.B. VENTA DE BIENES Y SERVICIOS,,,,,,NO APLICA,,,,,,SIN SITUACION DE FONDOS,NO APLICA,NO DEFINIDO,22740906.0,22740906.0,22740906.0
13130422,20230601,124205000,E.S.E. Hospital San Fernando - Amagá,2.1.8.05.02,INTERESES DE MORA,GASTOS,FUNCIONAMIENTO,"GASTOS POR TRIBUTOS, TASAS, CONTRIBUCIONES, MULTAS, SANCIONES E INTERESES DE MORA","MULTAS, SANCIONES E INTERESES DE MORA",INTERESES DE MORA,No Aplica,No Aplica,No Aplica,No Aplica,No Aplica,VIGENCIA ACTUAL,ENTIDADES TERRITORIALES - SALUD,NO DEFINIDO,NO DEFINIDO,SALUD Y PROTECCION SOCIAL,,,2023,Segundo Trimestre,eje_gasto,,,,NO APLICA,R.B. VENTA DE BIENES Y SERVICIOS,,,,,,NO APLICA,,,,,,SIN SITUACION DE FONDOS,NO APLICA,NO DEFINIDO,1121000.0,1121000.0,1121000.0
13130811,20210301,124205000,E.S.E. Hospital San Fernando - Amagá,2.1.1.01.02,CONTRIBUCIONES INHERENTES A LA NOMINA,GASTOS,FUNCIONAMIENTO,GASTOS DE PERSONAL,PLANTA DE PERSONAL PERMANENTE,CONTRIBUCIONES INHERENTES A LA NOMINA,No Aplica,No Aplica,No Aplica,No Aplica,No Aplica,VIGENCIA ACTUAL,ENTIDADES DIFERENTES A ENTIDADES TERRITORIALES - GESTION GENERAL,NO DEFINIDO,NO DEFINIDO,NO DEFINIDO,,,2021,Primer Trimestre,eje_gasto,,,,NO DEFINIDO,NO DEFINIDO,,,,,,NO DEFINIDO,,,,,,NO DEFINIDO,NO DEFINIDO,NO DEFINIDO,136999099.0,136999099.0,92113442.0
13131952,20220601,124205000,E.S.E. Hospital San Fernando - Amagá,2.1.2.02.02.008,SERVICIOS PRESTADOS A LAS EMPRESAS Y SERVICIOS DE PRODUCCION,GASTOS,FUNCIONAMIENTO,ADQUISICION DE BIENES Y SERVICIOS,ADQUISICIONES DIFERENTES DE ACTIVOS,ADQUISICION DE SERVICIOS,SERVICIOS PRESTADOS A LAS EMPRESAS Y SERVICIOS DE PRODUCCION,No Aplica,No Aplica,No Aplica,No Aplica,VIGENCIA ACTUAL,ENTIDADES DIFERENTES A ENTIDADES TERRITORIALES - UNIDAD DE SALUD,NO DEFINIDO,NO DEFINIDO,SALUD Y PROTECCION SOCIAL,,,2022,Segundo Trimestre,eje_gasto,,,,SERVICIOS DE SEGUROS SOCIALES DE SALUD,DISPONIBILIDAD INICIAL,,,,,,NO APLICA,,,,,,SIN SITUACION DE FONDOS,NO APLICA,NO DEFINIDO,295789485.0,182839859.0,182839859.0
13139979,20210601,124205000,E.S.E. Hospital San Fernando - Amagá,2.1.1.01.02.003,APORTES DE CESANTIAS,GASTOS,FUNCIONAMIENTO,GASTOS DE PERSONAL,PLANTA DE PERSONAL PERMANENTE,CONTRIBUCIONES INHERENTES A LA NOMINA,APORTES DE CESANTIAS,No Aplica,No Aplica,No Aplica,No Aplica,VIGENCIA ACTUAL,ENTIDADES DIFERENTES A ENTIDADES TERRITORIALES - GESTION GENERAL,NO DEFINIDO,NO DEFINIDO,SALUD Y PROTECCION SOCIAL,,,2021,Segundo Trimestre,eje_gasto,,,,NO APLICA,1.2.3.2.09 - VENTA DE BIENES Y SERVICIOS,,,,,,NO APLICA,,,,,,CON SITUACION DE FONDOS,NO APLICA,NO DEFINIDO,6248116.0,6248116.0,0.0
13144061,20210301,124205000,E.S.E. Hospital San Fernando - Amagá,2.1.1,GASTOS DE PERSONAL,GASTOS,FUNCIONAMIENTO,GASTOS DE PERSONAL,No Aplica,No Aplica,No Aplica,No Aplica,No Aplica,No Aplica,No Aplica,CUENTAS POR PAGAR,ENTIDADES DIFERENTES A ENTIDADES TERRITORIALES - GESTION GENERAL,NO DEFINIDO,NO DEFINIDO,NO DEFINIDO,,,2021,Primer Trimestre,eje_gasto,,,,NO DEFINIDO,NO DEFINIDO,,,,,,NO DEFINIDO,,,,,,NO DEFINIDO,NO DEFINIDO,NO DEFINIDO,700521528.0,700521528.0,313364922.0
13150631,20211201,124205000,E.S.E. Hospital San Fernando - Amagá,2.1.2.02.02.009,"SERVICIOS PARA LA COMUNIDAD, SOCIALES Y PERSONALES",GASTOS,FUNCIONAMIENTO,ADQUISICION DE BIENES Y SERVICIOS,ADQUISICIONES DIFERENTES DE ACTIVOS,ADQUISICION DE SERVICIOS,"SERVICIOS PARA LA COMUNIDAD, SOCIALES Y PERSONALES",No Aplica,No Aplica,No Aplica,No Aplica,CUENTAS POR PAGAR,ENTIDADES DIFERENTES A ENTIDADES TERRITORIALES - GESTION GENERAL,NO DEFINIDO,NO DEFINIDO,SALUD Y PROTECCION SOCIAL,,,2021,Cuarto Trimestre,eje_gasto,,,,OTROS SERVICIOS DIVERSOS N C P,OTRAS CONTRIBUCIONES CON DESTINACION ESPECIFICA LEGAL,,,,,,NO APLICA,,,,,,CON SITUACION DE FONDOS,NO APLICA,NO DEFINIDO,209458281.0,209458281.0,204546609.0
13150887,20220301,124205000,E.S.E. Hospital San Fernando - Amagá,2.1.1.01.02.001,APORTES A LA SEGURIDAD SOCIAL EN PENSIONES,GASTOS,FUNCIONAMIENTO,GASTOS DE PERSONAL,PLANTA DE PERSONAL PERMANENTE,CONTRIBUCIONES INHERENTES A LA NOMINA,APORTES A LA SEGURIDAD SOCIAL EN PENSIONES,No Aplica,No Aplica,No Aplica,No Aplica,VIGENCIA ACTUAL,ENTIDADES DIFERENTES A ENTIDADES TERRITORIALES - UNIDAD DE SALUD,NO DEFINIDO,NO DEFINIDO,SALUD Y PROTECCION SOCIAL,,,2022,Primer Trimestre,eje_gasto,,,,NO APLICA,R.B. VENTA DE BIENES Y SERVICIOS,,,,,,NO APLICA,,,,,,SIN SITUACION DE FONDOS,NO APLICA,NO DEFINIDO,32449200.0,32449200.0,32449200.0
13151004,20220901,124205000,E.S.E. Hospital San Fernando - Amagá,2.1.1.01.01.001.05,AUXILIO DE TRANSPORTE,GASTOS,FUNCIONAMIENTO,GASTOS DE PERSONAL,PLANTA DE PERSONAL PERMANENTE,FACTORES CONSTITUTIVOS DE SALARIO,FACTORES SALARIALES COMUNES,AUXILIO DE TRANSPORTE,No Aplica,No Aplica,No Aplica,VIGENCIA ACTUAL,ENTIDADES DIFERENTES A ENTIDADES TERRITORIALES - UNIDAD DE SALUD,NO DEFINIDO,NO DEFINIDO,SALUD Y PROTECCION SOCIAL,,,2022,Tercer Trimestre,eje_gasto,,,,NO APLICA,R.B. VENTA DE BIENES Y SERVICIOS,,,,,,NO APLICA,,,,,,SIN SITUACION DE FONDOS,NO APLICA,NO DEFINIDO,13904456.0,13904456.0,11550112.0
13152335,20210601,124205000,E.S.E. Hospital San Fernando - Amagá,2.1.2.02.02,ADQUISICION DE SERVICIOS,GASTOS,FUNCIONAMIENTO,ADQUISICION DE BIENES Y SERVICIOS,ADQUISICIONES DIFERENTES DE ACTIVOS,ADQUISICION DE SERVICIOS,No Aplica,No Aplica,No Aplica,No Aplica,No Aplica,VIGENCIA ACTUAL,ENTIDADES DIFERENTES A ENTIDADES TERRITORIALES - GESTION GENERAL,NO DEFINIDO,NO DEFINIDO,NO DEFINIDO,,,2021,Segundo Trimestre,eje_gasto,,,,NO DEFINIDO,NO DEFINIDO,,,,,,NO DEFINIDO,,,,,,NO DEFINIDO,NO DEFINIDO,NO DEFINIDO,962517882.0,581403253.0,404162797.0
13157033,20210301,124205000,E.S.E. Hospital San Fernando - Amagá,2.4.5.01,MATERIALES Y SUMINISTROS,GASTOS,GASTOS DE OPERACION COMERCIAL,GASTOS DE COMERCIALIZACION Y PRODUCCION,MATERIALES Y SUMINISTROS,No Aplica,No Aplica,No Aplica,No Aplica,No Aplica,No Aplica,VIGENCIA ACTUAL,ENTIDADES DIFERENTES A ENTIDADES TERRITORIALES - GESTION GENERAL,NO DEFINIDO,NO DEFINIDO,NO DEFINIDO,,,2021,Primer Trimestre,eje_gasto,,,,NO DEFINIDO,NO DEFINIDO,,,,,,NO DEFINIDO,,,,,,NO DEFINIDO,NO DEFINIDO,NO DEFINIDO,165237052.0,165237052.0,3403778.0
13157146,20220901,124205000,E.S.E. Hospital San Fernando - Amagá,2.1.1.01.01.001.02,"HORAS EXTRAS, DOMINICALES, FESTIVOS Y RECARGOS",GASTOS,FUNCIONAMIENTO,GASTOS DE PERSONAL,PLANTA DE PERSONAL PERMANENTE,FACTORES CONSTITUTIVOS DE SALARIO,FACTORES SALARIALES COMUNES,"HORAS EXTRAS, DOMINICALES, FESTIVOS Y RECARGOS",No Aplica,No Aplica,No Aplica,VIGENCIA ACTUAL,ENTIDADES DIFERENTES A ENTIDADES TERRITORIALES - UNIDAD DE SALUD,NO DEFINIDO,NO DEFINIDO,SALUD Y PROTECCION SOCIAL,,,2022,Tercer Trimestre,eje_gasto,,,,NO APLICA,R.B. VENTA DE BIENES Y SERVICIOS,,,,,,NO APLICA,,,,,,SIN SITUACION DE FONDOS,NO APLICA,NO DEFINIDO,158974910.0,158974910.0,137339823.0
13171320,20210901,124205000,E.S.E. Hospital San Fernando - Amagá,2.1.1.01.02.003,APORTES DE CESANTIAS,GASTOS,FUNCIONAMIENTO,GASTOS DE PERSONAL,PLANTA DE PERSONAL PERMANENTE,CONTRIBUCIONES INHERENTES A LA NOMINA,APORTES DE CESANTIAS,No Aplica,No Aplica,No Aplica,No Aplica,CUENTAS POR PAGAR,ENTIDADES DIFERENTES A ENTIDADES TERRITORIALES - GESTION GENERAL,NO DEFINIDO,NO DEFINIDO,SALUD Y PROTECCION SOCIAL,,,2021,Tercer Trimestre,eje_gasto,,,,NO APLICA,1.1.0.0.00 - DISPONIBILIDAD INICIAL,,,,,,NO APLICA,,,,,,CON SITUACION DE FONDOS,NO APLICA,NO DEFINIDO,2061965.0,2061965.0,2061965.0
13176792,20230601,124205000,E.S.E. Hospital San Fernando - Amagá,2.1.3.07.02,PRESTACIONES SOCIALES RELACIONADAS CON EL EMPLEO,GASTOS,FUNCIONAMIENTO,TRANSFERENCIAS CORRIENTES,PRESTACIONES PARA CUBRIR RIESGOS SOCIALES,PRESTACIONES SOCIALES RELACIONADAS CON EL EMPLEO,No Aplica,No Aplica,No Aplica,No Aplica,No Aplica,VIGENCIA ACTUAL,ENTIDADES TERRITORIALES - SALUD,NO DEFINIDO,NO DEFINIDO,NO DEFINIDO,,,2023,Segundo Trimestre,eje_gasto,,,,NO DEFINIDO,NO DEFINIDO,,,,,,NO DEFINIDO,,,,,,NO DEFINIDO,NO DEFINIDO,NO DEFINIDO,8120000.0,8120000.0,6753283.0
13192421,20211201,124205000,E.S.E. Hospital San Fernando - Amagá,2.1.1.01.03.001.03,BONIFICACION ESPECIAL DE RECREACION,GASTOS,FUNCIONAMIENTO,GASTOS DE PERSONAL,PLANTA DE PERSONAL PERMANENTE,REMUNERACIONES NO CONSTITUTIVAS DE FACTOR SALARIAL,PRESTACIONES SOCIALES,BONIFICACION ESPECIAL DE RECREACION,No Aplica,No Aplica,No Aplica,VIGENCIA ACTUAL,ENTIDADES DIFERENTES A ENTIDADES TERRITORIALES - GESTION GENERAL,NO DEFINIDO,NO DEFINIDO,SALUD Y PROTECCION SOCIAL,,,2021,Cuarto Trimestre,eje_gasto,,,,NO APLICA,OTRAS CONTRIBUCIONES CON DESTINACION ESPECIFICA LEGAL,,,,,,NO APLICA,,,,,,CON SITUACION DE FONDOS,NO APLICA,NO DEFINIDO,6402358.0,6402358.0,2797358.0
13192663,20220901,124205000,E.S.E. Hospital San Fernando - Amagá,2.1.2.02.02.009,"SERVICIOS PARA LA COMUNIDAD, SOCIALES Y PERSONALES",GASTOS,FUNCIONAMIENTO,ADQUISICION DE BIENES Y SERVICIOS,ADQUISICIONES DIFERENTES DE ACTIVOS,ADQUISICION DE SERVICIOS,"SERVICIOS PARA LA COMUNIDAD, SOCIALES Y PERSONALES",No Aplica,No Aplica,No Aplica,No Aplica,VIGENCIA ACTUAL,ENTIDADES DIFERENTES A ENTIDADES TERRITORIALES - UNIDAD DE SALUD,NO DEFINIDO,NO DEFINIDO,SALUD Y PROTECCION SOCIAL,,,2022,Tercer Trimestre,eje_gasto,,,,SERVICIOS DE SEGUROS SOCIALES DE SALUD,R.B. VENTA DE BIENES Y SERVICIOS,,,,,,NO APLICA,,,,,,SIN SITUACION DE FONDOS,NO APLICA,NO DEFINIDO,1272090442.0,1003668015.0,1003668015.0
13193029,20221201,124205000,E.S.E. Hospital San Fernando - Amagá,2.1.2.02.02.007,SERVICIOS FINANCIEROS Y SERVICIOS CONEXOS; SERVICIOS INMOBILIARIOS; Y SERVICIOS DE ARRENDAMIENTO Y LEASING,GASTOS,FUNCIONAMIENTO,ADQUISICION DE BIENES Y SERVICIOS,ADQUISICIONES DIFERENTES DE ACTIVOS,ADQUISICION DE SERVICIOS,SERVICIOS FINANCIEROS Y SERVICIOS CONEXOS; SERVICIOS INMOBILIARIOS; Y SERVICIOS DE ARRENDAMIENTO Y LEASING,No Aplica,No Aplica,No Aplica,No Aplica,VIGENCIA ACTUAL,ENTIDADES DIFERENTES A ENTIDADES TERRITORIALES - UNIDAD DE SALUD,NO DEFINIDO,NO DEFINIDO,SALUD Y PROTECCION SOCIAL,,,2022,Cuarto Trimestre,eje_gasto,,,,SERVICIOS DE LA ADMINISTRACION PUBLICA RELACIONADOS CON LA SALUD,R.B. VENTA DE BIENES Y SERVICIOS,,,,,,NO APLICA,,,,,,SIN SITUACION DE FONDOS,NO APLICA,NO DEFINIDO,56744876.0,56744876.0,47045236.0
13197243,20210901,124205000,E.S.E. Hospital San Fernando - Amagá,2.1.2.02.02.006,"COMERCIO Y DISTRIBUCION; ALOJAMIENTO; SERVICIOS DE SUMINISTRO DE COMIDAS Y BEBIDAS; SERVICIOS DE TRANSPORTE; Y SERVICIOS DE DISTRIBUCION DE ELECTRICIDAD, GAS Y AGUA",GASTOS,FUNCIONAMIENTO,ADQUISICION DE BIENES Y SERVICIOS,ADQUISICIONES DIFERENTES DE ACTIVOS,ADQUISICION DE SERVICIOS,"COMERCIO Y DISTRIBUCION; ALOJAMIENTO; SERVICIOS DE SUMINISTRO DE COMIDAS Y BEBIDAS; SERVICIOS DE TRANSPORTE; Y SERVICIOS DE DISTRIBUCION DE ELECTRICIDAD, GAS Y AGUA",No Aplica,No Aplica,No Aplica,No Aplica,CUENTAS POR PAGAR,ENTIDADES DIFERENTES A ENTIDADES TERRITORIALES - GESTION GENERAL,NO DEFINIDO,NO DEFINIDO,SALUD Y PROTECCION SOCIAL,,,2021,Tercer Trimestre,eje_gasto,,,,65116 - SERVICIOS DE TRANSPORTE POR CARRETERA DE CORRESPONDENCIA Y PAQUETES,1.1.0.0.00 - DISPONIBILIDAD INICIAL,,,,,,NO APLICA,,,,,,CON SITUACION DE FONDOS,NO APLICA,NO DEFINIDO,34528007.0,34354757.0,27209439.0
13200119,20220601,124205000,E.S.E. Hospital San Fernando - Amagá,2.1.1.01.02.002,APORTES A LA SEGURIDAD SOCIAL EN SALUD,GASTOS,FUNCIONAMIENTO,GASTOS DE PERSONAL,PLANTA DE PERSONAL PERMANENTE,CONTRIBUCIONES INHERENTES A LA NOMINA,APORTES A LA SEGURIDAD SOCIAL EN SALUD,No Aplica,No Aplica,No Aplica,No Aplica,VIGENCIA ACTUAL,ENTIDADES DIFERENTES A ENTIDADES TERRITORIALES - UNIDAD DE SALUD,NO DEFINIDO,NO DEFINIDO,SALUD Y PROTECCION SOCIAL,,,2022,Segundo Trimestre,eje_gasto,,,,NO APLICA,R.B. VENTA DE BIENES Y SERVICIOS,,,,,,NO APLICA,,,,,,SIN SITUACION DE FONDOS,NO APLICA,NO DEFINIDO,70830505.0,70830505.0,70199639.0
13201305,20220301,124205000,E.S.E. Hospital San Fernando - Amagá,2.1.8,"GASTOS POR TRIBUTOS, TASAS, CONTRIBUCIONES, MULTAS, SANCIONES E INTERESES DE MORA",GASTOS,FUNCIONAMIENTO,"GASTOS POR TRIBUTOS, TASAS, CONTRIBUCIONES, MULTAS, SANCIONES E INTERESES DE MORA",No Aplica,No Aplica,No Aplica,No Aplica,No Aplica,No Aplica,No Aplica,VIGENCIA ACTUAL,ENTIDADES DIFERENTES A ENTIDADES TERRITORIALES - UNIDAD DE SALUD,NO DEFINIDO,NO DEFINIDO,NO DEFINIDO,,,2022,Primer Trimestre,eje_gasto,,,,NO DEFINIDO,NO DEFINIDO,,,,,,NO DEFINIDO,,,,,,NO DEFINIDO,NO DEFINIDO,NO DEFINIDO,4000.0,4000.0,4000.0
13202066,20210601,124205000,E.S.E. Hospital San Fernando - Amagá,2.1.2.02.02,ADQUISICION DE SERVICIOS,GASTOS,FUNCIONAMIENTO,ADQUISICION DE BIENES Y SERVICIOS,ADQUISICIONES DIFERENTES DE ACTIVOS,ADQUISICION DE SERVICIOS,No Aplica,No Aplica,No Aplica,No Aplica,No Aplica,CUENTAS POR PAGAR,ENTIDADES DIFERENTES A ENTIDADES TERRITORIALES - GESTION GENERAL,NO DEFINIDO,NO DEFINIDO,NO DEFINIDO,,,2021,Segundo Trimestre,eje_gasto,,,,NO DEFINIDO,NO DEFINIDO,,,,,,NO DEFINIDO,,,,,,NO DEFINIDO,NO DEFINIDO,NO DEFINIDO,97844526.0,97844526.0,90548402.0
13202871,20210901,124205000,E.S.E. Hospital San Fernando - Amagá,2.1.1.01.01.001.04,SUBSIDIO DE ALIMENTACION,GASTOS,FUNCIONAMIENTO,GASTOS DE PERSONAL,PLANTA DE PERSONAL PERMANENTE,FACTORES CONSTITUTIVOS DE SALARIO,FACTORES SALARIALES COMUNES,SUBSIDIO DE ALIMENTACION,No Aplica,No Aplica,No Aplica,VIGENCIA ACTUAL,ENTIDADES DIFERENTES A ENTIDADES TERRITORIALES - GESTION GENERAL,NO DEFINIDO,NO DEFINIDO,SALUD Y PROTECCION SOCIAL,,,2021,Tercer Trimestre,eje_gasto,,,,NO APLICA,1.2.3.2.09 - VENTA DE BIENES Y SERVICIOS,,,,,,NO APLICA,,,,,,CON SITUACION DE FONDOS,NO APLICA,NO DEFINIDO,22046755.0,22046755.0,13482501.0
13207104,20210901,124205000,E.S.E. Hospital San Fernando - Amagá,2.1.2.01.01.003,MAQUINARIA Y EQUIPO,GASTOS,FUNCIONAMIENTO,ADQUISICION DE BIENES Y SERVICIOS,ADQUISICION DE ACTIVOS NO FINANCIEROS,ACTIVOS FIJOS,MAQUINARIA Y EQUIPO,No Aplica,No Aplica,No Aplica,No Aplica,VIGENCIA ACTUAL,ENTIDADES DIFERENTES A ENTIDADES TERRITORIALES - GESTION GENERAL,NO DEFINIDO,NO DEFINIDO,NO DEFINIDO,,,2021,Tercer Trimestre,eje_gasto,,,,NO DEFINIDO,NO DEFINIDO,,,,,,NO DEFINIDO,,,,,,NO DEFINIDO,NO DEFINIDO,NO DEFINIDO,10000000.0,10000000.0,10000000.0
13211894,20211201,124205000,E.S.E. Hospital San Fernando - Amagá,2.1.2.02,ADQUISICIONES DIFERENTES DE ACTIVOS,GASTOS,FUNCIONAMIENTO,ADQUISICION DE BIENES Y SERVICIOS,ADQUISICIONES DIFERENTES DE ACTIVOS,No Aplica,No Aplica,No Aplica,No Aplica,No Aplica,No Aplica,CUENTAS POR PAGAR,ENTIDADES DIFERENTES A ENTIDADES TERRITORIALES - GESTION GENERAL,NO DEFINIDO,NO DEFINIDO,NO DEFINIDO,,,2021,Cuarto Trimestre,eje_gasto,,,,NO DEFINIDO,NO DEFINIDO,,,,,,NO DEFINIDO,,,,,,NO DEFINIDO,NO DEFINIDO,NO DEFINIDO,366451764.0,366451764.0,352395024.0
13214840,20210301,124205000,E.S.E. Hospital San Fernando - Amagá,2.1.1.01.02.007,APORTES AL SENA,GASTOS,FUNCIONAMIENTO,GASTOS DE PERSONAL,PLANTA DE PERSONAL PERMANENTE,CONTRIBUCIONES INHERENTES A LA NOMINA,APORTES AL SENA,No Aplica,No Aplica,No Aplica,No Aplica,VIGENCIA ACTUAL,ENTIDADES DIFERENTES A ENTIDADES TERRITORIALES - GESTION GENERAL,NO DEFINIDO,NO DEFINIDO,SALUD Y PROTECCION SOCIAL,,,2021,Primer Trimestre,eje_gasto,,,,NO APLICA,1.2.3.2.09 - VENTA DE BIENES Y SERVICIOS,,,,,,NO APLICA,,,,,,CON SITUACION DE FONDOS,NO APLICA,NO DEFINIDO,8572700.0,8572700.0,5781900.0
13223062,20210901,124205000,E.S.E. Hospital San Fernando - Amagá,2.1.2.02.02.007,SERVICIOS FINANCIEROS Y SERVICIOS CONEXOS; SERVICIOS INMOBILIARIOS; Y SERVICIOS DE ARRENDAMIENTO Y LEASING,GASTOS,FUNCIONAMIENTO,ADQUISICION DE BIENES Y SERVICIOS,ADQUISICIONES DIFERENTES DE ACTIVOS,ADQUISICION DE SERVICIOS,SERVICIOS FINANCIEROS Y SERVICIOS CONEXOS; SERVICIOS INMOBILIARIOS; Y SERVICIOS DE ARRENDAMIENTO Y LEASING,No Aplica,No Aplica,No Aplica,No Aplica,VIGENCIA ACTUAL,ENTIDADES DIFERENTES A ENTIDADES TERRITORIALES - GESTION GENERAL,NO DEFINIDO,NO DEFINIDO,SALUD Y PROTECCION SOCIAL,,,2021,Tercer Trimestre,eje_gasto,,,,71359 - OTROS SERVICIOS DE SEGUROS DISTINTOS DE LOS SEGUROS DE VIDA N.C.P.,1.2.3.2.09 - VENTA DE BIENES Y SERVICIOS,,,,,,NO APLICA,,,,,,CON SITUACION DE FONDOS,NO APLICA,NO DEFINIDO,58576117.0,50776117.0,23215277.0
13226492,20220601,124205000,E.S.E. Hospital San Fernando - Amagá,2.1.2.02.02.009,"SERVICIOS PARA LA COMUNIDAD, SOCIALES Y PERSONALES",GASTOS,FUNCIONAMIENTO,ADQUISICION DE BIENES Y SERVICIOS,ADQUISICIONES DIFERENTES DE ACTIVOS,ADQUISICION DE SERVICIOS,"SERVICIOS PARA LA COMUNIDAD, SOCIALES Y PERSONALES",No Aplica,No Aplica,No Aplica,No Aplica,VIGENCIA ACTUAL,ENTIDADES DIFERENTES A ENTIDADES TERRITORIALES - UNIDAD DE SALUD,NO DEFINIDO,NO DEFINIDO,SALUD Y PROTECCION SOCIAL,,,2022,Segundo Trimestre,eje_gasto,,,,SERVICIOS DE SEGUROS SOCIALES DE SALUD,DISPONIBILIDAD INICIAL,,,,,,NO APLICA,,,,,,SIN SITUACION DE FONDOS,NO APLICA,NO DEFINIDO,828262118.0,700809529.0,509797457.0
13230567,20210601,124205000,E.S.E. Hospital San Fernando - Amagá,2.1.2.02.02.009,"SERVICIOS PARA LA COMUNIDAD, SOCIALES Y PERSONALES",GASTOS,FUNCIONAMIENTO,ADQUISICION DE BIENES Y SERVICIOS,ADQUISICIONES DIFERENTES DE ACTIVOS,ADQUISICION DE SERVICIOS,"SERVICIOS PARA LA COMUNIDAD, SOCIALES Y PERSONALES",No Aplica,No Aplica,No Aplica,No Aplica,VIGENCIA ACTUAL,ENTIDADES DIFERENTES A ENTIDADES TERRITORIALES - GESTION GENERAL,NO DEFINIDO,NO DEFINIDO,SALUD Y PROTECCION SOCIAL,,,2021,Segundo Trimestre,eje_gasto,,,,97990 - OTROS SERVICIOS DIVERSOS N.C.P.,1.2.3.2.09 - VENTA DE BIENES Y SERVICIOS,,,,,,NO APLICA,,,,,,CON SITUACION DE FONDOS,NO APLICA,NO DEFINIDO,154055874.0,56698777.0,40062624.0
13244455,20220301,124205000,E.S.E. Hospital San Fernando - Amagá,2.1.1.02.02.001,APORTES A LA SEGURIDAD SOCIAL EN PENSIONES,GASTOS,FUNCIONAMIENTO,GASTOS DE PERSONAL,PERSONAL SUPERNUMERARIO Y PLANTA TEMPORAL,CONTRIBUCIONES INHERENTES A LA NOMINA,APORTES A LA SEGURIDAD SOCIAL EN PENSIONES,No Aplica,No Aplica,No Aplica,No Aplica,VIGENCIA ACTUAL,ENTIDADES DIFERENTES A ENTIDADES TERRITORIALES - UNIDAD DE SALUD,NO DEFINIDO,NO DEFINIDO,SALUD Y PROTECCION SOCIAL,,,2022,Primer Trimestre,eje_gasto,,,,NO APLICA,R.B. VENTA DE BIENES Y SERVICIOS,,,,,,NO APLICA,,,,,,SIN SITUACION DE FONDOS,NO APLICA,NO DEFINIDO,87000.0,87000.0,87000.0
13247204,20220901,124205000,E.S.E. Hospital San Fernando - Amagá,2.1.1.01.01.001,FACTORES SALARIALES COMUNES,GASTOS,FUNCIONAMIENTO,GASTOS DE PERSONAL,PLANTA DE PERSONAL PERMANENTE,FACTORES CONSTITUTIVOS DE SALARIO,FACTORES SALARIALES COMUNES,No Aplica,No Aplica,No Aplica,No Aplica,VIGENCIA ACTUAL,ENTIDADES DIFERENTES A ENTIDADES TERRITORIALES - UNIDAD DE SALUD,NO DEFINIDO,NO DEFINIDO,NO DEFINIDO,,,2022,Tercer Trimestre,eje_gasto,,,,NO DEFINIDO,NO DEFINIDO,,,,,,NO DEFINIDO,,,,,,NO DEFINIDO,NO DEFINIDO,NO DEFINIDO,1466198529.0,1457095842.0,1313791670.0
13250308,20210301,124205000,E.S.E. Hospital San Fernando - Amagá,2.1.1.01.01.001.07,BONIFICACION POR SERVICIOS PRESTADOS,GASTOS,FUNCIONAMIENTO,GASTOS DE PERSONAL,PLANTA DE PERSONAL PERMANENTE,FACTORES CONSTITUTIVOS DE SALARIO,FACTORES SALARIALES COMUNES,BONIFICACION POR SERVICIOS PRESTADOS,No Aplica,No Aplica,No Aplica,VIGENCIA ACTUAL,ENTIDADES DIFERENTES A ENTIDADES TERRITORIALES - GESTION GENERAL,NO DEFINIDO,NO DEFINIDO,SALUD Y PROTECCION SOCIAL,,,2021,Primer Trimestre,eje_gasto,,,,NO APLICA,1.2.3.2.09 - VENTA DE BIENES Y SERVICIOS,,,,,,NO APLICA,,,,,,CON SITUACION DE FONDOS,NO APLICA,NO DEFINIDO,13695131.0,13695131.0,4641444.0
13250606,20220601,124205000,E.S.E. Hospital San Fernando - Amagá,2.1.1.01.02.005,APORTES GENERALES AL SISTEMA DE RIESGOS LABORALES,GASTOS,FUNCIONAMIENTO,GASTOS DE PERSONAL,PLANTA DE PERSONAL PERMANENTE,CONTRIBUCIONES INHERENTES A LA NOMINA,APORTES GENERALES AL SISTEMA DE RIESGOS LABORALES,No Aplica,No Aplica,No Aplica,No Aplica,VIGENCIA ACTUAL,ENTIDADES DIFERENTES A ENTIDADES TERRITORIALES - UNIDAD DE SALUD,NO DEFINIDO,NO DEFINIDO,SALUD Y PROTECCION SOCIAL,,,2022,Segundo Trimestre,eje_gasto,,,,NO APLICA,R.B. VENTA DE BIENES Y SERVICIOS,,,,,,NO APLICA,,,,,,SIN SITUACION DE FONDOS,NO APLICA,NO DEFINIDO,16209400.0,16209400.0,15899500.0
13250803,20210901,124205000,E.S.E. Hospital San Fernando - Amagá,2.1.1.01.02.003,APORTES DE CESANTIAS,GASTOS,FUNCIONAMIENTO,GASTOS DE PERSONAL,PLANTA DE PERSONAL PERMANENTE,CONTRIBUCIONES INHERENTES A LA NOMINA,APORTES DE CESANTIAS,No Aplica,No Aplica,No Aplica,No Aplica,VIGENCIA ACTUAL,ENTIDADES DIFERENTES A ENTIDADES TERRITORIALES - GESTION GENERAL,NO DEFINIDO,NO DEFINIDO,SALUD Y PROTECCION SOCIAL,,,2021,Tercer Trimestre,eje_gasto,,,,NO APLICA,1.2.3.2.09 - VENTA DE BIENES Y SERVICIOS,,,,,,NO APLICA,,,,,,CON SITUACION DE FONDOS,NO APLICA,NO DEFINIDO,7204258.0,7204258.0,1997353.0
13252870,20210301,124205000,E.S.E. Hospital San Fernando - Amagá,2.1.1.01.02.004,APORTES A CAJAS DE COMPENSACION FAMILIAR,GASTOS,FUNCIONAMIENTO,GASTOS DE PERSONAL,PLANTA DE PERSONAL PERMANENTE,CONTRIBUCIONES INHERENTES A LA NOMINA,APORTES A CAJAS DE COMPENSACION FAMILIAR,No Aplica,No Aplica,No Aplica,No Aplica,VIGENCIA ACTUAL,ENTIDADES DIFERENTES A ENTIDADES TERRITORIALES - GESTION GENERAL,NO DEFINIDO,NO DEFINIDO,SALUD Y PROTECCION SOCIAL,,,2021,Primer Trimestre,eje_gasto,,,,NO APLICA,1.2.3.2.09 - VENTA DE BIENES Y SERVICIOS,,,,,,NO APLICA,,,,,,CON SITUACION DE FONDOS,NO APLICA,NO DEFINIDO,17138600.0,17138600.0,11559200.0
13261578,20211201,124205000,E.S.E. Hospital San Fernando - Amagá,2.1.1.01.01.001.04,SUBSIDIO DE ALIMENTACION,GASTOS,FUNCIONAMIENTO,GASTOS DE PERSONAL,PLANTA DE PERSONAL PERMANENTE,FACTORES CONSTITUTIVOS DE SALARIO,FACTORES SALARIALES COMUNES,SUBSIDIO DE ALIMENTACION,No Aplica,No Aplica,No Aplica,VIGENCIA ACTUAL,ENTIDADES DIFERENTES A ENTIDADES TERRITORIALES - GESTION GENERAL,NO DEFINIDO,NO DEFINIDO,SALUD Y PROTECCION SOCIAL,,,2021,Cuarto Trimestre,eje_gasto,,,,NO APLICA,OTRAS CONTRIBUCIONES CON DESTINACION ESPECIFICA LEGAL,,,,,,NO APLICA,,,,,,CON SITUACION DE FONDOS,NO APLICA,NO DEFINIDO,28581056.0,28581056.0,20973205.0
13270417,20210901,124205000,E.S.E. Hospital San Fernando - Amagá,2.1.1.01.02.004,APORTES A CAJAS DE COMPENSACION FAMILIAR,GASTOS,FUNCIONAMIENTO,GASTOS DE PERSONAL,PLANTA DE PERSONAL PERMANENTE,CONTRIBUCIONES INHERENTES A LA NOMINA,APORTES A CAJAS DE COMPENSACION FAMILIAR,No Aplica,No Aplica,No Aplica,No Aplica,VIGENCIA ACTUAL,ENTIDADES DIFERENTES A ENTIDADES TERRITORIALES - GESTION GENERAL,NO DEFINIDO,NO DEFINIDO,SALUD Y PROTECCION SOCIAL,,,2021,Tercer Trimestre,eje_gasto,,,,NO APLICA,1.2.3.2.09 - VENTA DE BIENES Y SERVICIOS,,,,,,NO APLICA,,,,,,CON SITUACION DE FONDOS,NO APLICA,NO DEFINIDO,51693600.0,51693600.0,46209600.0
13274072,20230601,124205000,E.S.E. Hospital San Fernando - Amagá,2.1.3.07,PRESTACIONES PARA CUBRIR RIESGOS SOCIALES,GASTOS,FUNCIONAMIENTO,TRANSFERENCIAS CORRIENTES,PRESTACIONES PARA CUBRIR RIESGOS SOCIALES,No Aplica,No Aplica,No Aplica,No Aplica,No Aplica,No Aplica,VIGENCIA ACTUAL,ENTIDADES TERRITORIALES - SALUD,NO DEFINIDO,NO DEFINIDO,NO DEFINIDO,,,2023,Segundo Trimestre,eje_gasto,,,,NO DEFINIDO,NO DEFINIDO,,,,,,NO DEFINIDO,,,,,,NO DEFINIDO,NO DEFINIDO,NO DEFINIDO,8120000.0,8120000.0,6753283.0
13282418,20210301,124205000,E.S.E. Hospital San Fernando - Amagá,2.1.2.02.01,MATERIALES Y SUMINISTROS,GASTOS,FUNCIONAMIENTO,ADQUISICION DE BIENES Y SERVICIOS,ADQUISICIONES DIFERENTES DE ACTIVOS,MATERIALES Y SUMINISTROS,No Aplica,No Aplica,No Aplica,No Aplica,No Aplica,VIGENCIA ACTUAL,ENTIDADES DIFERENTES A ENTIDADES TERRITORIALES - GESTION GENERAL,NO DEFINIDO,NO DEFINIDO,NO DEFINIDO,,,2021,Primer Trimestre,eje_gasto,,,,NO DEFINIDO,NO DEFINIDO,,,,,,NO DEFINIDO,,,,,,NO DEFINIDO,NO DEFINIDO,NO DEFINIDO,64309121.0,64309121.0,16987678.0
13283186,20220901,124205000,E.S.E. Hospital San Fernando - Amagá,2.1.1.01.02.003,APORTES DE CESANTIAS,GASTOS,FUNCIONAMIENTO,GASTOS DE PERSONAL,PLANTA DE PERSONAL PERMANENTE,CONTRIBUCIONES INHERENTES A LA NOMINA,APORTES DE CESANTIAS,No Aplica,No Aplica,No Aplica,No Aplica,VIGENCIA ACTUAL,ENTIDADES DIFERENTES A ENTIDADES TERRITORIALES - UNIDAD DE SALUD,NO DEFINIDO,NO DEFINIDO,SALUD Y PROTECCION SOCIAL,,,2022,Tercer Trimestre,eje_gasto,,,,NO APLICA,R.B. VENTA DE BIENES Y SERVICIOS,,,,,,NO APLICA,,,,,,SIN SITUACION DE FONDOS,NO APLICA,NO DEFINIDO,8949225.0,8949225.0,8949225.0
13285485,20230601,124205000,E.S.E. Hospital San Fernando - Amagá,2.1.2.02,ADQUISICIONES DIFERENTES DE ACTIVOS,GASTOS,FUNCIONAMIENTO,ADQUISICION DE BIENES Y SERVICIOS,ADQUISICIONES DIFERENTES DE ACTIVOS,No Aplica,No Aplica,No Aplica,No Aplica,No Aplica,No Aplica,VIGENCIA ACTUAL,ENTIDADES TERRITORIALES - SALUD,NO DEFINIDO,NO DEFINIDO,NO DEFINIDO,,,2023,Segundo Trimestre,eje_gasto,,,,NO DEFINIDO,NO DEFINIDO,,,,,,NO DEFINIDO,,,,,,NO DEFINIDO,NO DEFINIDO,NO DEFINIDO,1373783902.0,969647780.0,933301348.0
13303278,20210601,124205000,E.S.E. Hospital San Fernando - Amagá,2.1.1.01,PLANTA DE PERSONAL PERMANENTE,GASTOS,FUNCIONAMIENTO,GASTOS DE PERSONAL,PLANTA DE PERSONAL PERMANENTE,No Aplica,No Aplica,No Aplica,No Aplica,No Aplica,No Aplica,VIGENCIA ACTUAL,ENTIDADES DIFERENTES A ENTIDADES TERRITORIALES - GESTION GENERAL,NO DEFINIDO,NO DEFINIDO,NO DEFINIDO,,,2021,Segundo Trimestre,eje_gasto,,,,NO DEFINIDO,NO DEFINIDO,,,,,,NO DEFINIDO,,,,,,NO DEFINIDO,NO DEFINIDO,NO DEFINIDO,1293470817.0,1293467517.0,733894318.0
13303315,20220901,124205000,E.S.E. Hospital San Fernando - Amagá,2.1.3,TRANSFERENCIAS CORRIENTES,GASTOS,FUNCIONAMIENTO,TRANSFERENCIAS CORRIENTES,No Aplica,No Aplica,No Aplica,No Aplica,No Aplica,No Aplica,No Aplica,VIGENCIA ACTUAL,ENTIDADES DIFERENTES A ENTIDADES TERRITORIALES - UNIDAD DE SALUD,NO DEFINIDO,NO DEFINIDO,NO DEFINIDO,,,2022,Tercer Trimestre,eje_gasto,,,,NO DEFINIDO,NO DEFINIDO,,,,,,NO DEFINIDO,,,,,,NO DEFINIDO,NO DEFINIDO,NO DEFINIDO,10056000.0,10056000.0,10056000.0
13304160,20210301,124205000,E.S.E. Hospital San Fernando - Amagá,2.1.3.07,PRESTACIONES PARA CUBRIR RIESGOS SOCIALES,GASTOS,FUNCIONAMIENTO,TRANSFERENCIAS CORRIENTES,PRESTACIONES PARA CUBRIR RIESGOS SOCIALES,No Aplica,No Aplica,No Aplica,No Aplica,No Aplica,No Aplica,CUENTAS POR PAGAR,ENTIDADES DIFERENTES A ENTIDADES TERRITORIALES - GESTION GENERAL,NO DEFINIDO,NO DEFINIDO,NO DEFINIDO,,,2021,Primer Trimestre,eje_gasto,,,,NO DEFINIDO,NO DEFINIDO,,,,,,NO DEFINIDO,,,,,,NO DEFINIDO,NO DEFINIDO,NO DEFINIDO,2061965.0,2061965.0,1587607.0
13314405,20210901,124205000,E.S.E. Hospital San Fernando - Amagá,2.1.1.01.01.001.03,GASTOS DE REPRESENTACION,GASTOS,FUNCIONAMIENTO,GASTOS DE PERSONAL,PLANTA DE PERSONAL PERMANENTE,FACTORES CONSTITUTIVOS DE SALARIO,FACTORES SALARIALES COMUNES,GASTOS DE REPRESENTACION,No Aplica,No Aplica,No Aplica,VIGENCIA ACTUAL,ENTIDADES DIFERENTES A ENTIDADES TERRITORIALES - GESTION GENERAL,NO DEFINIDO,NO DEFINIDO,SALUD Y PROTECCION SOCIAL,,,2021,Tercer Trimestre,eje_gasto,,,,NO APLICA,1.2.3.2.09 - VENTA DE BIENES Y SERVICIOS,,,,,,NO APLICA,,,,,,CON SITUACION DE FONDOS,NO APLICA,NO DEFINIDO,2344564.0,2344564.0,2016626.0
13345421,20210901,124205000,E.S.E. Hospital San Fernando - Amagá,2.4.5.01.03,"OTROS BIENES TRANSPORTABLES EXCEPTO PRODUCTOS METALICOS, MAQUINARIA Y EQUIPO",GASTOS,GASTOS DE OPERACION COMERCIAL,GASTOS DE COMERCIALIZACION Y PRODUCCION,MATERIALES Y SUMINISTROS,"OTROS BIENES TRANSPORTABLES EXCEPTO PRODUCTOS METALICOS, MAQUINARIA Y EQUIPO",No Aplica,No Aplica,No Aplica,No Aplica,No Aplica,CUENTAS POR PAGAR,ENTIDADES DIFERENTES A ENTIDADES TERRITORIALES - GESTION GENERAL,NO DEFINIDO,NO DEFINIDO,SALUD Y PROTECCION SOCIAL,,,2021,Tercer Trimestre,eje_gasto,,,,61173 - COMERCIO AL POR MAYOR (EXCEPTO EL REALIZADO A CAMBIO DE UNA RETRIBUCIÓN O POR CONTRATA) DE PRODUCTOS FARMACÉUTICOS,1.1.0.0.00 - DISPONIBILIDAD INICIAL,,,,,,NO APLICA,,,,,,CON SITUACION DE FONDOS,NO APLICA,NO DEFINIDO,14746802.0,14746802.0,14746802.0
13348224,20221201,124205000,E.S.E. Hospital San Fernando - Amagá,2.1.3.07,PRESTACIONES PARA CUBRIR RIESGOS SOCIALES,GASTOS,FUNCIONAMIENTO,TRANSFERENCIAS CORRIENTES,PRESTACIONES PARA CUBRIR RIESGOS SOCIALES,No Aplica,No Aplica,No Aplica,No Aplica,No Aplica,No Aplica,VIGENCIA ACTUAL,ENTIDADES DIFERENTES A ENTIDADES TERRITORIALES - UNIDAD DE SALUD,NO DEFINIDO,NO DEFINIDO,NO DEFINIDO,,,2022,Cuarto Trimestre,eje_gasto,,,,NO DEFINIDO,NO DEFINIDO,,,,,,NO DEFINIDO,,,,,,NO DEFINIDO,NO DEFINIDO,NO DEFINIDO,14078400.0,14078400.0,13125117.0
13365018,20220301,124205000,E.S.E. Hospital San Fernando - Amagá,2,GASTOS,GASTOS,No Aplica,No Aplica,No Aplica,No Aplica,No Aplica,No Aplica,No Aplica,No Aplica,No Aplica,VIGENCIA ACTUAL,ENTIDADES DIFERENTES A ENTIDADES TERRITORIALES - UNIDAD DE SALUD,NO DEFINIDO,NO DEFINIDO,NO DEFINIDO,,,2022,Primer Trimestre,eje_gasto,,,,NO DEFINIDO,NO DEFINIDO,,,,,,NO DEFINIDO,,,,,,NO DEFINIDO,NO DEFINIDO,NO DEFINIDO,417325058.0,417325058.0,417325058.0
13371157,20210301,124205000,E.S.E. Hospital San Fernando - Amagá,2.1.1.01.03.001,PRESTACIONES SOCIALES,GASTOS,FUNCIONAMIENTO,GASTOS DE PERSONAL,PLANTA DE PERSONAL PERMANENTE,REMUNERACIONES NO CONSTITUTIVAS DE FACTOR SALARIAL,PRESTACIONES SOCIALES,No Aplica,No Aplica,No Aplica,No Aplica,VIGENCIA ACTUAL,ENTIDADES DIFERENTES A ENTIDADES TERRITORIALES - GESTION GENERAL,NO DEFINIDO,NO DEFINIDO,NO DEFINIDO,,,2021,Primer Trimestre,eje_gasto,,,,NO DEFINIDO,NO DEFINIDO,,,,,,NO DEFINIDO,,,,,,NO DEFINIDO,NO DEFINIDO,NO DEFINIDO,2683358.0,2683358.0,1462538.0
13372476,20210301,124205000,E.S.E. Hospital San Fernando - Amagá,2.1.2.02.02.007,SERVICIOS FINANCIEROS Y SERVICIOS CONEXOS; SERVICIOS INMOBILIARIOS; Y SERVICIOS DE ARRENDAMIENTO Y LEASING,GASTOS,FUNCIONAMIENTO,ADQUISICION DE BIENES Y SERVICIOS,ADQUISICIONES DIFERENTES DE ACTIVOS,ADQUISICION DE SERVICIOS,SERVICIOS FINANCIEROS Y SERVICIOS CONEXOS; SERVICIOS INMOBILIARIOS; Y SERVICIOS DE ARRENDAMIENTO Y LEASING,No Aplica,No Aplica,No Aplica,No Aplica,CUENTAS POR PAGAR,ENTIDADES DIFERENTES A ENTIDADES TERRITORIALES - GESTION GENERAL,NO DEFINIDO,NO DEFINIDO,SALUD Y PROTECCION SOCIAL,,,2021,Primer Trimestre,eje_gasto,,,,71359 - OTROS SERVICIOS DE SEGUROS DISTINTOS DE LOS SEGUROS DE VIDA N.C.P.,1.1.0.0.00 - DISPONIBILIDAD INICIAL,,,,,,NO APLICA,,,,,,CON SITUACION DE FONDOS,NO APLICA,NO DEFINIDO,10996173.0,10996173.0,10996173.0
13393462,20211201,124205000,E.S.E. Hospital San Fernando - Amagá,2.1.1.01.01.001.01,SUELDO BASICO,GASTOS,FUNCIONAMIENTO,GASTOS DE PERSONAL,PLANTA DE PERSONAL PERMANENTE,FACTORES CONSTITUTIVOS DE SALARIO,FACTORES SALARIALES COMUNES,SUELDO BASICO,No Aplica,No Aplica,No Aplica,CUENTAS POR PAGAR,ENTIDADES DIFERENTES A ENTIDADES TERRITORIALES - GESTION GENERAL,NO DEFINIDO,NO DEFINIDO,SALUD Y PROTECCION SOCIAL,,,2021,Cuarto Trimestre,eje_gasto,,,,NO APLICA,OTRAS CONTRIBUCIONES CON DESTINACION ESPECIFICA LEGAL,,,,,,NO APLICA,,,,,,CON SITUACION DE FONDOS,NO APLICA,NO DEFINIDO,549899832.0,549899832.0,352884117.0
13394901,20230601,124205000,E.S.E. Hospital San Fernando - Amagá,2,GASTOS,GASTOS,No Aplica,No Aplica,No Aplica,No Aplica,No Aplica,No Aplica,No Aplica,No Aplica,No Aplica,VIGENCIA ACTUAL,ENTIDADES TERRITORIALES - SALUD,NO DEFINIDO,NO DEFINIDO,NO DEFINIDO,,,2023,Segundo Trimestre,eje_gasto,,,,NO DEFINIDO,NO DEFINIDO,,,,,,NO DEFINIDO,,,,,,NO DEFINIDO,NO DEFINIDO,NO DEFINIDO,3408734801.0,3004588679.0,2606923261.0
13405125,20210601,124205000,E.S.E. Hospital San Fernando - Amagá,2.1.3.07,PRESTACIONES PARA CUBRIR RIESGOS SOCIALES,GASTOS,FUNCIONAMIENTO,TRANSFERENCIAS CORRIENTES,PRESTACIONES PARA CUBRIR RIESGOS SOCIALES,No Aplica,No Aplica,No Aplica,No Aplica,No Aplica,No Aplica,VIGENCIA ACTUAL,ENTIDADES DIFERENTES A ENTIDADES TERRITORIALES - GESTION GENERAL,NO DEFINIDO,NO DEFINIDO,NO DEFINIDO,,,2021,Segundo Trimestre,eje_gasto,,,,NO DEFINIDO,NO DEFINIDO,,,,,,NO DEFINIDO,,,,,,NO DEFINIDO,NO DEFINIDO,NO DEFINIDO,7496071.0,7496071.0,5591887.0
13409958,20220301,124205000,E.S.E. Hospital San Fernando - Amagá,2.1.1.01.02.004,APORTES A CAJAS DE COMPENSACION FAMILIAR,GASTOS,FUNCIONAMIENTO,GASTOS DE PERSONAL,PLANTA DE PERSONAL PERMANENTE,CONTRIBUCIONES INHERENTES A LA NOMINA,APORTES A CAJAS DE COMPENSACION FAMILIAR,No Aplica,No Aplica,No Aplica,No Aplica,VIGENCIA ACTUAL,ENTIDADES DIFERENTES A ENTIDADES TERRITORIALES - UNIDAD DE SALUD,NO DEFINIDO,NO DEFINIDO,SALUD Y PROTECCION SOCIAL,,,2022,Primer Trimestre,eje_gasto,,,,NO APLICA,R.B. VENTA DE BIENES Y SERVICIOS,,,,,,NO APLICA,,,,,,SIN SITUACION DE FONDOS,NO APLICA,NO DEFINIDO,10623800.0,10623800.0,10623800.0
13416411,20210301,124205000,E.S.E. Hospital San Fernando - Amagá,2.1.2.02.01.001,"MINERALES, ELECTRICIDAD, GAS Y AGUA",GASTOS,FUNCIONAMIENTO,ADQUISICION DE BIENES Y SERVICIOS,ADQUISICIONES DIFERENTES DE ACTIVOS,MATERIALES Y SUMINISTROS,"MINERALES, ELECTRICIDAD, GAS Y AGUA",No Aplica,No Aplica,No Aplica,No Aplica,VIGENCIA ACTUAL,ENTIDADES DIFERENTES A ENTIDADES TERRITORIALES - GESTION GENERAL,NO DEFINIDO,NO DEFINIDO,SALUD Y PROTECCION SOCIAL,,,2021,Primer Trimestre,eje_gasto,,,,"86350 - SERVICIOS DE DISTRIBUCIÓN DE AGUA, EXCEPTO A TRAVÉS DE LA RED (A COMISIÓN O POR CONTRATO)",1.2.3.2.09 - VENTA DE BIENES Y SERVICIOS,,,,,,NO APLICA,,,,,,CON SITUACION DE FONDOS,NO APLICA,NO DEFINIDO,23502130.0,23502130.0,12528413.0
13417637,20210601,124205000,E.S.E. Hospital San Fernando - Amagá,2.1.3.07.02.003,BONOS PENSIONALES DE PENSIONES,GASTOS,FUNCIONAMIENTO,TRANSFERENCIAS CORRIENTES,PRESTACIONES PARA CUBRIR RIESGOS SOCIALES,PRESTACIONES SOCIALES RELACIONADAS CON EL EMPLEO,BONOS PENSIONALES DE PENSIONES,No Aplica,No Aplica,No Aplica,No Aplica,CUENTAS POR PAGAR,ENTIDADES DIFERENTES A ENTIDADES TERRITORIALES - GESTION GENERAL,NO DEFINIDO,NO DEFINIDO,NO DEFINIDO,,,2021,Segundo Trimestre,eje_gasto,,,,NO DEFINIDO,NO DEFINIDO,,,,,,NO DEFINIDO,,,,,,NO DEFINIDO,NO DEFINIDO,NO DEFINIDO,2061965.0,2061965.0,1587607.0
13423374,20221201,124205000,E.S.E. Hospital San Fernando - Amagá,2.1.1.01.01.001.05,AUXILIO DE TRANSPORTE,GASTOS,FUNCIONAMIENTO,GASTOS DE PERSONAL,PLANTA DE PERSONAL PERMANENTE,FACTORES CONSTITUTIVOS DE SALARIO,FACTORES SALARIALES COMUNES,AUXILIO DE TRANSPORTE,No Aplica,No Aplica,No Aplica,VIGENCIA ACTUAL,ENTIDADES DIFERENTES A ENTIDADES TERRITORIALES - UNIDAD DE SALUD,NO DEFINIDO,NO DEFINIDO,SALUD Y PROTECCION SOCIAL,,,2022,Cuarto Trimestre,eje_gasto,,,,NO APLICA,R.B. VENTA DE BIENES Y SERVICIOS,,,,,,NO APLICA,,,,,,SIN SITUACION DE FONDOS,NO APLICA,NO DEFINIDO,18169536.0,18169536.0,16034271.0
13428635,20210301,124205000,E.S.E. Hospital San Fernando - Amagá,2.1.1.01.01.001.05,AUXILIO DE TRANSPORTE,GASTOS,FUNCIONAMIENTO,GASTOS DE PERSONAL,PLANTA DE PERSONAL PERMANENTE,FACTORES CONSTITUTIVOS DE SALARIO,FACTORES SALARIALES COMUNES,AUXILIO DE TRANSPORTE,No Aplica,No Aplica,No Aplica,VIGENCIA ACTUAL,ENTIDADES DIFERENTES A ENTIDADES TERRITORIALES - GESTION GENERAL,NO DEFINIDO,NO DEFINIDO,SALUD Y PROTECCION SOCIAL,,,2021,Primer Trimestre,eje_gasto,,,,NO APLICA,1.2.3.2.09 - VENTA DE BIENES Y SERVICIOS,,,,,,NO APLICA,,,,,,CON SITUACION DE FONDOS,NO APLICA,NO DEFINIDO,4549096.0,4549096.0,1577425.0
13434584,20210601,124205000,E.S.E. Hospital San Fernando - Amagá,2.4.5.02.06,"COMERCIO Y DISTRIBUCION; ALOJAMIENTO; SERVICIOS DE SUMINISTRO DE COMIDAS Y BEBIDAS; SERVICIOS DE TRANSPORTE; Y SERVICIOS DE DISTRIBUCION DE ELECTRICIDAD, GAS Y AGUA",GASTOS,GASTOS DE OPERACION COMERCIAL,GASTOS DE COMERCIALIZACION Y PRODUCCION,ADQUISICION DE SERVICIOS,"COMERCIO Y DISTRIBUCION; ALOJAMIENTO; SERVICIOS DE SUMINISTRO DE COMIDAS Y BEBIDAS; SERVICIOS DE TRANSPORTE; Y SERVICIOS DE DISTRIBUCION DE ELECTRICIDAD, GAS Y AGUA",No Aplica,No Aplica,No Aplica,No Aplica,No Aplica,VIGENCIA ACTUAL,ENTIDADES DIFERENTES A ENTIDADES TERRITORIALES - GESTION GENERAL,NO DEFINIDO,NO DEFINIDO,SALUD Y PROTECCION SOCIAL,,,2021,Segundo Trimestre,eje_gasto,,,,63393 - OTROS SERVICIOS DE COMIDAS CONTRATADAS,1.2.3.2.09 - VENTA DE BIENES Y SERVICIOS,,,,,,NO APLICA,,,,,,CON SITUACION DE FONDOS,NO APLICA,NO DEFINIDO,20015600.0,20015600.0,3143100.0
13437827,20210301,124205000,E.S.E. Hospital San Fernando - Amagá,2.1.2.02.01.003,"OTROS BIENES TRANSPORTABLES EXCEPTO PRODUCTOS METALICOS, MAQUINARIA Y EQUIPO",GASTOS,FUNCIONAMIENTO,ADQUISICION DE BIENES Y SERVICIOS,ADQUISICIONES DIFERENTES DE ACTIVOS,MATERIALES Y SUMINISTROS,"OTROS BIENES TRANSPORTABLES EXCEPTO PRODUCTOS METALICOS, MAQUINARIA Y EQUIPO",No Aplica,No Aplica,No Aplica,No Aplica,CUENTAS POR PAGAR,ENTIDADES DIFERENTES A ENTIDADES TERRITORIALES - GESTION GENERAL,NO DEFINIDO,NO DEFINIDO,SALUD Y PROTECCION SOCIAL,,,2021,Primer Trimestre,eje_gasto,,,,"62251 - COMERCIO AL POR MENOR DE LIBROS, PERIÓDICOS, REVISTAS Y ARTÍCULOS DE PAPELERÍA EN ESTABLECIMIENTOS ESPECIALIZADOS",1.1.0.0.00 - DISPONIBILIDAD INICIAL,,,,,,NO APLICA,,,,,,CON SITUACION DE FONDOS,NO APLICA,NO DEFINIDO,42141360.0,42141360.0,34082560.0
13440588,20210301,124205000,E.S.E. Hospital San Fernando - Amagá,2.1.2.02,ADQUISICIONES DIFERENTES DE ACTIVOS,GASTOS,FUNCIONAMIENTO,ADQUISICION DE BIENES Y SERVICIOS,ADQUISICIONES DIFERENTES DE ACTIVOS,No Aplica,No Aplica,No Aplica,No Aplica,No Aplica,No Aplica,VIGENCIA ACTUAL,ENTIDADES DIFERENTES A ENTIDADES TERRITORIALES - GESTION GENERAL,NO DEFINIDO,NO DEFINIDO,NO DEFINIDO,,,2021,Primer Trimestre,eje_gasto,,,,NO DEFINIDO,NO DEFINIDO,,,,,,NO DEFINIDO,,,,,,NO DEFINIDO,NO DEFINIDO,NO DEFINIDO,632767456.0,339092263.0,165978639.0
13446425,20220901,124205000,E.S.E. Hospital San Fernando - Amagá,2.1.1.01.01.001.01,SUELDO BASICO,GASTOS,FUNCIONAMIENTO,GASTOS DE PERSONAL,PLANTA DE PERSONAL PERMANENTE,FACTORES CONSTITUTIVOS DE SALARIO,FACTORES SALARIALES COMUNES,SUELDO BASICO,No Aplica,No Aplica,No Aplica,VIGENCIA ACTUAL,ENTIDADES DIFERENTES A ENTIDADES TERRITORIALES - UNIDAD DE SALUD,NO DEFINIDO,NO DEFINIDO,SALUD Y PROTECCION SOCIAL,,,2022,Tercer Trimestre,eje_gasto,,,,NO APLICA,R.B. VENTA DE BIENES Y SERVICIOS,,,,,,NO APLICA,,,,,,SIN SITUACION DE FONDOS,NO APLICA,NO DEFINIDO,1100682265.0,1095761894.0,985185486.0
13456951,20220301,124205000,E.S.E. Hospital San Fernando - Amagá,2.1.2.02.02.005,CONSTRUCCION Y SERVICIOS DE LA CONSTRUCCION,GASTOS,FUNCIONAMIENTO,ADQUISICION DE BIENES Y SERVICIOS,ADQUISICIONES DIFERENTES DE ACTIVOS,ADQUISICION DE SERVICIOS,CONSTRUCCION Y SERVICIOS DE LA CONSTRUCCION,No Aplica,No Aplica,No Aplica,No Aplica,VIGENCIA ACTUAL,ENTIDADES DIFERENTES A ENTIDADES TERRITORIALES - UNIDAD DE SALUD,NO DEFINIDO,NO DEFINIDO,SALUD Y PROTECCION SOCIAL,,,2022,Primer Trimestre,eje_gasto,,,,SERVICIOS DE LA ADMINISTRACION PUBLICA RELACIONADOS CON LA SALUD,R.B. VENTA DE BIENES Y SERVICIOS,,,,,,NO APLICA,,,,,,SIN SITUACION DE FONDOS,NO APLICA,NO DEFINIDO,802100.0,802100.0,802100.0
13457615,20210901,124205000,E.S.E. Hospital San Fernando - Amagá,2.1.2.02,ADQUISICIONES DIFERENTES DE ACTIVOS,GASTOS,FUNCIONAMIENTO,ADQUISICION DE BIENES Y SERVICIOS,ADQUISICIONES DIFERENTES DE ACTIVOS,No Aplica,No Aplica,No Aplica,No Aplica,No Aplica,No Aplica,CUENTAS POR PAGAR,ENTIDADES DIFERENTES A ENTIDADES TERRITORIALES - GESTION GENERAL,NO DEFINIDO,NO DEFINIDO,NO DEFINIDO,,,2021,Tercer Trimestre,eje_gasto,,,,NO DEFINIDO,NO DEFINIDO,,,,,,NO DEFINIDO,,,,,,NO DEFINIDO,NO DEFINIDO,NO DEFINIDO,540259112.0,540085862.0,506498052.0
13469031,20230601,124205000,E.S.E. Hospital San Fernando - Amagá,2.1.1.01.01.001.06,PRIMA DE SERVICIO,GASTOS,FUNCIONAMIENTO,GASTOS DE PERSONAL,PLANTA DE PERSONAL PERMANENTE,FACTORES CONSTITUTIVOS DE SALARIO,FACTORES SALARIALES COMUNES,PRIMA DE SERVICIO,No Aplica,No Aplica,No Aplica,VIGENCIA ACTUAL,ENTIDADES TERRITORIALES - SALUD,NO DEFINIDO,NO DEFINIDO,SALUD Y PROTECCION SOCIAL,,,2023,Segundo Trimestre,eje_gasto,,,,NO APLICA,R.B. VENTA DE BIENES Y SERVICIOS,,,,,,NO APLICA,,,,,,SIN SITUACION DE FONDOS,NO APLICA,NO DEFINIDO,84467295.0,84467295.0,12145946.0
13469403,20220301,124205000,E.S.E. Hospital San Fernando - Amagá,2.1.1.01.01.001.01,SUELDO BASICO,GASTOS,FUNCIONAMIENTO,GASTOS DE PERSONAL,PLANTA DE PERSONAL PERMANENTE,FACTORES CONSTITUTIVOS DE SALARIO,FACTORES SALARIALES COMUNES,SUELDO BASICO,No Aplica,No Aplica,No Aplica,VIGENCIA ACTUAL,ENTIDADES DIFERENTES A ENTIDADES TERRITORIALES - UNIDAD DE SALUD,NO DEFINIDO,NO DEFINIDO,SALUD Y PROTECCION SOCIAL,,,2022,Primer Trimestre,eje_gasto,,,,NO APLICA,R.B. VENTA DE BIENES Y SERVICIOS,,,,,,NO APLICA,,,,,,SIN SITUACION DE FONDOS,NO APLICA,NO DEFINIDO,90079604.0,90079604.0,90079604.0
13469876,20220901,124205000,E.S.E. Hospital San Fernando - Amagá,2.1.1.01.02.006,APORTES AL ICBF,GASTOS,FUNCIONAMIENTO,GASTOS DE PERSONAL,PLANTA DE PERSONAL PERMANENTE,CONTRIBUCIONES INHERENTES A LA NOMINA,APORTES AL ICBF,No Aplica,No Aplica,No Aplica,No Aplica,VIGENCIA ACTUAL,ENTIDADES DIFERENTES A ENTIDADES TERRITORIALES - UNIDAD DE SALUD,NO DEFINIDO,NO DEFINIDO,SALUD Y PROTECCION SOCIAL,,,2022,Tercer Trimestre,eje_gasto,,,,NO APLICA,R.B. VENTA DE BIENES Y SERVICIOS,,,,,,NO APLICA,,,,,,SIN SITUACION DE FONDOS,NO APLICA,NO DEFINIDO,38263200.0,38263200.0,33697000.0
13473112,20221201,124205000,E.S.E. Hospital San Fernando - Amagá,2.1.2.02.01.003,"OTROS BIENES TRANSPORTABLES EXCEPTO PRODUCTOS METALICOS, MAQUINARIA Y EQUIPO",GASTOS,FUNCIONAMIENTO,ADQUISICION DE BIENES Y SERVICIOS,ADQUISICIONES DIFERENTES DE ACTIVOS,MATERIALES Y SUMINISTROS,"OTROS BIENES TRANSPORTABLES EXCEPTO PRODUCTOS METALICOS, MAQUINARIA Y EQUIPO",No Aplica,No Aplica,No Aplica,No Aplica,VIGENCIA ACTUAL,ENTIDADES DIFERENTES A ENTIDADES TERRITORIALES - UNIDAD DE SALUD,NO DEFINIDO,NO DEFINIDO,SALUD Y PROTECCION SOCIAL,,,2022,Cuarto Trimestre,eje_gasto,,,,SERVICIOS DE LA ADMINISTRACION PUBLICA RELACIONADOS CON LA SALUD,R.B. VENTA DE BIENES Y SERVICIOS,,,,,,NO APLICA,,,,,,SIN SITUACION DE FONDOS,NO APLICA,NO DEFINIDO,128813971.0,128813971.0,113690369.0
13473819,20210901,124205000,E.S.E. Hospital San Fernando - Amagá,2.1,FUNCIONAMIENTO,GASTOS,FUNCIONAMIENTO,No Aplica,No Aplica,No Aplica,No Aplica,No Aplica,No Aplica,No Aplica,No Aplica,VIGENCIA ACTUAL,ENTIDADES DIFERENTES A ENTIDADES TERRITORIALES - GESTION GENERAL,NO DEFINIDO,NO DEFINIDO,NO DEFINIDO,,,2021,Tercer Trimestre,eje_gasto,,,,NO DEFINIDO,NO DEFINIDO,,,,,,NO DEFINIDO,,,,,,NO DEFINIDO,NO DEFINIDO,NO DEFINIDO,3333705224.0,3085692350.0,2204943889.0
13481919,20210601,124205000,E.S.E. Hospital San Fernando - Amagá,2.4.5.01,MATERIALES Y SUMINISTROS,GASTOS,GASTOS DE OPERACION COMERCIAL,GASTOS DE COMERCIALIZACION Y PRODUCCION,MATERIALES Y SUMINISTROS,No Aplica,No Aplica,No Aplica,No Aplica,No Aplica,No Aplica,CUENTAS POR PAGAR,ENTIDADES DIFERENTES A ENTIDADES TERRITORIALES - GESTION GENERAL,NO DEFINIDO,NO DEFINIDO,NO DEFINIDO,,,2021,Segundo Trimestre,eje_gasto,,,,NO DEFINIDO,NO DEFINIDO,,,,,,NO DEFINIDO,,,,,,NO DEFINIDO,NO DEFINIDO,NO DEFINIDO,145101831.0,145101831.0,131750418.0
13482205,20210901,124205000,E.S.E. Hospital San Fernando - Amagá,2.1.2.01.01,ACTIVOS FIJOS,GASTOS,FUNCIONAMIENTO,ADQUISICION DE BIENES Y SERVICIOS,ADQUISICION DE ACTIVOS NO FINANCIEROS,ACTIVOS FIJOS,No Aplica,No Aplica,No Aplica,No Aplica,No Aplica,VIGENCIA ACTUAL,ENTIDADES DIFERENTES A ENTIDADES TERRITORIALES - GESTION GENERAL,NO DEFINIDO,NO DEFINIDO,NO DEFINIDO,,,2021,Tercer Trimestre,eje_gasto,,,,NO DEFINIDO,NO DEFINIDO,,,,,,NO DEFINIDO,,,,,,NO DEFINIDO,NO DEFINIDO,NO DEFINIDO,10000000.0,10000000.0,10000000.0
13486488,20220901,124205000,E.S.E. Hospital San Fernando - Amagá,2.1.1.02.01.001.05,AUXILIO DE TRANSPORTE,GASTOS,FUNCIONAMIENTO,GASTOS DE PERSONAL,PERSONAL SUPERNUMERARIO Y PLANTA TEMPORAL,FACTORES CONSTITUTIVOS DE SALARIO,FACTORES SALARIALES COMUNES,AUXILIO DE TRANSPORTE,No Aplica,No Aplica,No Aplica,VIGENCIA ACTUAL,ENTIDADES DIFERENTES A ENTIDADES TERRITORIALES - UNIDAD DE SALUD,NO DEFINIDO,NO DEFINIDO,SALUD Y PROTECCION SOCIAL,,,2022,Tercer Trimestre,eje_gasto,,,,NO APLICA,R.B. VENTA DE BIENES Y SERVICIOS,,,,,,NO APLICA,,,,,,SIN SITUACION DE FONDOS,NO APLICA,NO DEFINIDO,1486330.0,1486330.0,1486330.0
13490141,20221201,124205000,E.S.E. Hospital San Fernando - Amagá,2.1.2.02.02.005,CONSTRUCCION Y SERVICIOS DE LA CONSTRUCCION,GASTOS,FUNCIONAMIENTO,ADQUISICION DE BIENES Y SERVICIOS,ADQUISICIONES DIFERENTES DE ACTIVOS,ADQUISICION DE SERVICIOS,CONSTRUCCION Y SERVICIOS DE LA CONSTRUCCION,No Aplica,No Aplica,No Aplica,No Aplica,VIGENCIA ACTUAL,ENTIDADES DIFERENTES A ENTIDADES TERRITORIALES - UNIDAD DE SALUD,NO DEFINIDO,NO DEFINIDO,SALUD Y PROTECCION SOCIAL,,,2022,Cuarto Trimestre,eje_gasto,,,,SERVICIOS DE LA ADMINISTRACION PUBLICA RELACIONADOS CON LA SALUD,R.B. VENTA DE BIENES Y SERVICIOS,,,,,,NO APLICA,,,,,,SIN SITUACION DE FONDOS,NO APLICA,NO DEFINIDO,79090417.0,78907538.0,78907538.0
13501168,20211201,124205000,E.S.E. Hospital San Fernando - Amagá,2.1.3,TRANSFERENCIAS CORRIENTES,GASTOS,FUNCIONAMIENTO,TRANSFERENCIAS CORRIENTES,No Aplica,No Aplica,No Aplica,No Aplica,No Aplica,No Aplica,No Aplica,VIGENCIA ACTUAL,ENTIDADES DIFERENTES A ENTIDADES TERRITORIALES - GESTION GENERAL,NO DEFINIDO,NO DEFINIDO,NO DEFINIDO,,,2021,Cuarto Trimestre,eje_gasto,,,,NO DEFINIDO,NO DEFINIDO,,,,,,NO DEFINIDO,,,,,,NO DEFINIDO,NO DEFINIDO,NO DEFINIDO,4425774.0,4425774.0,4425774.0
13516904,20230601,124205000,E.S.E. Hospital San Fernando - Amagá,2.1.1.01.01.001.04,SUBSIDIO DE ALIMENTACION,GASTOS,FUNCIONAMIENTO,GASTOS DE PERSONAL,PLANTA DE PERSONAL PERMANENTE,FACTORES CONSTITUTIVOS DE SALARIO,FACTORES SALARIALES COMUNES,SUBSIDIO DE ALIMENTACION,No Aplica,No Aplica,No Aplica,VIGENCIA ACTUAL,ENTIDADES TERRITORIALES - SALUD,NO DEFINIDO,NO DEFINIDO,SALUD Y PROTECCION SOCIAL,,,2023,Segundo Trimestre,eje_gasto,,,,NO APLICA,R.B. VENTA DE BIENES Y SERVICIOS,,,,,,NO APLICA,,,,,,SIN SITUACION DE FONDOS,NO APLICA,NO DEFINIDO,17490515.0,17490515.0,9083478.0
13516993,20220901,124205000,E.S.E. Hospital San Fernando - Amagá,2.1.1.01.01.001.08.02,PRIMA DE VACACIONES,GASTOS,FUNCIONAMIENTO,GASTOS DE PERSONAL,PLANTA DE PERSONAL PERMANENTE,FACTORES CONSTITUTIVOS DE SALARIO,FACTORES SALARIALES COMUNES,PRESTACIONES SOCIALES,PRIMA DE VACACIONES,No Aplica,No Aplica,VIGENCIA ACTUAL,ENTIDADES DIFERENTES A ENTIDADES TERRITORIALES - UNIDAD DE SALUD,NO DEFINIDO,NO DEFINIDO,SALUD Y PROTECCION SOCIAL,,,2022,Tercer Trimestre,eje_gasto,,,,NO APLICA,R.B. VENTA DE BIENES Y SERVICIOS,,,,,,NO APLICA,,,,,,SIN SITUACION DE FONDOS,NO APLICA,NO DEFINIDO,56310469.0,52128153.0,51646666.0
13524863,20211201,124205000,E.S.E. Hospital San Fernando - Amagá,2.1.1.01.01.001.07,BONIFICACION POR SERVICIOS PRESTADOS,GASTOS,FUNCIONAMIENTO,GASTOS DE PERSONAL,PLANTA DE PERSONAL PERMANENTE,FACTORES CONSTITUTIVOS DE SALARIO,FACTORES SALARIALES COMUNES,BONIFICACION POR SERVICIOS PRESTADOS,No Aplica,No Aplica,No Aplica,VIGENCIA ACTUAL,ENTIDADES DIFERENTES A ENTIDADES TERRITORIALES - GESTION GENERAL,NO DEFINIDO,NO DEFINIDO,SALUD Y PROTECCION SOCIAL,,,2021,Cuarto Trimestre,eje_gasto,,,,NO APLICA,OTRAS CONTRIBUCIONES CON DESTINACION ESPECIFICA LEGAL,,,,,,NO APLICA,,,,,,CON SITUACION DE FONDOS,NO APLICA,NO DEFINIDO,49862892.0,49862892.0,32939647.0
13528503,20220301,124205000,E.S.E. Hospital San Fernando - Amagá,2.1.3.07.02.001,MESADAS PENSIONALES DE PENSIONES,GASTOS,FUNCIONAMIENTO,TRANSFERENCIAS CORRIENTES,PRESTACIONES PARA CUBRIR RIESGOS SOCIALES,PRESTACIONES SOCIALES RELACIONADAS CON EL EMPLEO,MESADAS PENSIONALES DE PENSIONES,No Aplica,No Aplica,No Aplica,No Aplica,VIGENCIA ACTUAL,ENTIDADES DIFERENTES A ENTIDADES TERRITORIALES - UNIDAD DE SALUD,NO DEFINIDO,NO DEFINIDO,NO DEFINIDO,,,2022,Primer Trimestre,eje_gasto,,,,NO DEFINIDO,NO DEFINIDO,,,,,,NO DEFINIDO,,,,,,NO DEFINIDO,NO DEFINIDO,NO DEFINIDO,2011200.0,2011200.0,2011200.0
13530674,20220901,124205000,E.S.E. Hospital San Fernando - Amagá,2.1.1.01.01.001.08.01,PRIMA DE NAVIDAD,GASTOS,FUNCIONAMIENTO,GASTOS DE PERSONAL,PLANTA DE PERSONAL PERMANENTE,FACTORES CONSTITUTIVOS DE SALARIO,FACTORES SALARIALES COMUNES,PRESTACIONES SOCIALES,PRIMA DE NAVIDAD,No Aplica,No Aplica,VIGENCIA ACTUAL,ENTIDADES DIFERENTES A ENTIDADES TERRITORIALES - UNIDAD DE SALUD,NO DEFINIDO,NO DEFINIDO,SALUD Y PROTECCION SOCIAL,,,2022,Tercer Trimestre,eje_gasto,,,,NO APLICA,R.B. VENTA DE BIENES Y SERVICIOS,,,,,,NO APLICA,,,,,,SIN SITUACION DE FONDOS,NO APLICA,NO DEFINIDO,6791574.0,6791574.0,6791574.0
13533280,20210601,124205000,E.S.E. Hospital San Fernando - Amagá,2.1.1.01.01.001.08,PRESTACIONES SOCIALES,GASTOS,FUNCIONAMIENTO,GASTOS DE PERSONAL,PLANTA DE PERSONAL PERMANENTE,FACTORES CONSTITUTIVOS DE SALARIO,FACTORES SALARIALES COMUNES,PRESTACIONES SOCIALES,No Aplica,No Aplica,No Aplica,VIGENCIA ACTUAL,ENTIDADES DIFERENTES A ENTIDADES TERRITORIALES - GESTION GENERAL,NO DEFINIDO,NO DEFINIDO,NO DEFINIDO,,,2021,Segundo Trimestre,eje_gasto,,,,NO DEFINIDO,NO DEFINIDO,,,,,,NO DEFINIDO,,,,,,NO DEFINIDO,NO DEFINIDO,NO DEFINIDO,33996315.0,33996315.0,14149262.0
13540240,20220601,124205000,E.S.E. Hospital San Fernando - Amagá,2.1.2.02.02,ADQUISICION DE SERVICIOS,GASTOS,FUNCIONAMIENTO,ADQUISICION DE BIENES Y SERVICIOS,ADQUISICIONES DIFERENTES DE ACTIVOS,ADQUISICION DE SERVICIOS,No Aplica,No Aplica,No Aplica,No Aplica,No Aplica,VIGENCIA ACTUAL,ENTIDADES DIFERENTES A ENTIDADES TERRITORIALES - UNIDAD DE SALUD,NO DEFINIDO,NO DEFINIDO,NO DEFINIDO,,,2022,Segundo Trimestre,eje_gasto,,,,NO DEFINIDO,NO DEFINIDO,,,,,,NO DEFINIDO,,,,,,NO DEFINIDO,NO DEFINIDO,NO DEFINIDO,1200941379.0,935846764.0,714712532.0
13549233,20220901,124205000,E.S.E. Hospital San Fernando - Amagá,2.1.1.01.02.004,APORTES A CAJAS DE COMPENSACION FAMILIAR,GASTOS,FUNCIONAMIENTO,GASTOS DE PERSONAL,PLANTA DE PERSONAL PERMANENTE,CONTRIBUCIONES INHERENTES A LA NOMINA,APORTES A CAJAS DE COMPENSACION FAMILIAR,No Aplica,No Aplica,No Aplica,No Aplica,VIGENCIA ACTUAL,ENTIDADES DIFERENTES A ENTIDADES TERRITORIALES - UNIDAD DE SALUD,NO DEFINIDO,NO DEFINIDO,SALUD Y PROTECCION SOCIAL,,,2022,Tercer Trimestre,eje_gasto,,,,NO APLICA,R.B. VENTA DE BIENES Y SERVICIOS,,,,,,NO APLICA,,,,,,SIN SITUACION DE FONDOS,NO APLICA,NO DEFINIDO,51006300.0,51006300.0,50285600.0
13552160,20210301,124205000,E.S.E. Hospital San Fernando - Amagá,2.1.1.01.01.001,FACTORES SALARIALES COMUNES,GASTOS,FUNCIONAMIENTO,GASTOS DE PERSONAL,PLANTA DE PERSONAL PERMANENTE,FACTORES CONSTITUTIVOS DE SALARIO,FACTORES SALARIALES COMUNES,No Aplica,No Aplica,No Aplica,No Aplica,CUENTAS POR PAGAR,ENTIDADES DIFERENTES A ENTIDADES TERRITORIALES - GESTION GENERAL,NO DEFINIDO,NO DEFINIDO,NO DEFINIDO,,,2021,Primer Trimestre,eje_gasto,,,,NO DEFINIDO,NO DEFINIDO,,,,,,NO DEFINIDO,,,,,,NO DEFINIDO,NO DEFINIDO,NO DEFINIDO,524788334.0,524788334.0,137631728.0
13553971,20211201,124205000,E.S.E. Hospital San Fernando - Amagá,2.1.2.02.01.003,"OTROS BIENES TRANSPORTABLES EXCEPTO PRODUCTOS METALICOS, MAQUINARIA Y EQUIPO",GASTOS,FUNCIONAMIENTO,ADQUISICION DE BIENES Y SERVICIOS,ADQUISICIONES DIFERENTES DE ACTIVOS,MATERIALES Y SUMINISTROS,"OTROS BIENES TRANSPORTABLES EXCEPTO PRODUCTOS METALICOS, MAQUINARIA Y EQUIPO",No Aplica,No Aplica,No Aplica,No Aplica,CUENTAS POR PAGAR,ENTIDADES DIFERENTES A ENTIDADES TERRITORIALES - GESTION GENERAL,NO DEFINIDO,NO DEFINIDO,SALUD Y PROTECCION SOCIAL,,,2021,Cuarto Trimestre,eje_gasto,,,,COMERCIO AL POR MENOR DE LIBROS PERIODICOS REVISTAS Y ARTICULOS DE PAPELERIA EN ESTABLECIMIENTOS ESPECIALIZADOS,OTRAS CONTRIBUCIONES CON DESTINACION ESPECIFICA LEGAL,,,,,,NO APLICA,,,,,,CON SITUACION DE FONDOS,NO APLICA,NO DEFINIDO,25999085.0,25999085.0,25999085.0
13555394,20211201,124205000,E.S.E. Hospital San Fernando - Amagá,2.1.2.02.02.007,SERVICIOS FINANCIEROS Y SERVICIOS CONEXOS; SERVICIOS INMOBILIARIOS; Y SERVICIOS DE ARRENDAMIENTO Y LEASING,GASTOS,FUNCIONAMIENTO,ADQUISICION DE BIENES Y SERVICIOS,ADQUISICIONES DIFERENTES DE ACTIVOS,ADQUISICION DE SERVICIOS,SERVICIOS FINANCIEROS Y SERVICIOS CONEXOS; SERVICIOS INMOBILIARIOS; Y SERVICIOS DE ARRENDAMIENTO Y LEASING,No Aplica,No Aplica,No Aplica,No Aplica,CUENTAS POR PAGAR,ENTIDADES DIFERENTES A ENTIDADES TERRITORIALES - GESTION GENERAL,NO DEFINIDO,NO DEFINIDO,SALUD Y PROTECCION SOCIAL,,,2021,Cuarto Trimestre,eje_gasto,,,,OTROS SERVICIOS DE SEGUROS DISTINTOS DE LOS SEGUROS DE VIDA N C P,OTRAS CONTRIBUCIONES CON DESTINACION ESPECIFICA LEGAL,,,,,,NO APLICA,,,,,,CON SITUACION DE FONDOS,NO APLICA,NO DEFINIDO,60744179.0,60744179.0,60744179.0
13555667,20211201,124205000,E.S.E. Hospital San Fernando - Amagá,2.1,FUNCIONAMIENTO,GASTOS,FUNCIONAMIENTO,No Aplica,No Aplica,No Aplica,No Aplica,No Aplica,No Aplica,No Aplica,No Aplica,VIGENCIA ACTUAL,ENTIDADES DIFERENTES A ENTIDADES TERRITORIALES - GESTION GENERAL,NO DEFINIDO,NO DEFINIDO,NO DEFINIDO,,,2021,Cuarto Trimestre,eje_gasto,,,,NO DEFINIDO,NO DEFINIDO,,,,,,NO DEFINIDO,,,,,,NO DEFINIDO,NO DEFINIDO,NO DEFINIDO,4609015333.0,4609015333.0,3287207104.0
13556672,20210601,124205000,E.S.E. Hospital San Fernando - Amagá,2.1.3.07.02.001.02,MESADAS PENSIONALES A CARGO DE LA ENTIDAD DE PENSIONES,GASTOS,FUNCIONAMIENTO,TRANSFERENCIAS CORRIENTES,PRESTACIONES PARA CUBRIR RIESGOS SOCIALES,PRESTACIONES SOCIALES RELACIONADAS CON EL EMPLEO,MESADAS PENSIONALES DE PENSIONES,MESADAS PENSIONALES A CARGO DE LA ENTIDAD DE PENSIONES,No Aplica,No Aplica,No Aplica,VIGENCIA ACTUAL,ENTIDADES DIFERENTES A ENTIDADES TERRITORIALES - GESTION GENERAL,NO DEFINIDO,NO DEFINIDO,SALUD Y PROTECCION SOCIAL,,,2021,Segundo Trimestre,eje_gasto,,,,NO APLICA,1.2.3.2.09 - VENTA DE BIENES Y SERVICIOS,,,,,,NO APLICA,,,,,,CON SITUACION DE FONDOS,NO APLICA,NO DEFINIDO,6664644.0,6664644.0,4760460.0
13557033,20211201,124205000,E.S.E. Hospital San Fernando - Amagá,2.1.1,GASTOS DE PERSONAL,GASTOS,FUNCIONAMIENTO,GASTOS DE PERSONAL,No Aplica,No Aplica,No Aplica,No Aplica,No Aplica,No Aplica,No Aplica,VIGENCIA ACTUAL,ENTIDADES DIFERENTES A ENTIDADES TERRITORIALES - GESTION GENERAL,NO DEFINIDO,NO DEFINIDO,NO DEFINIDO,,,2021,Cuarto Trimestre,eje_gasto,,,,NO DEFINIDO,NO DEFINIDO,,,,,,NO DEFINIDO,,,,,,NO DEFINIDO,NO DEFINIDO,NO DEFINIDO,2821851105.0,2821851105.0,1925265148.0
13564361,20221201,124205000,E.S.E. Hospital San Fernando - Amagá,2.1.2.02.02.006,"COMERCIO Y DISTRIBUCION; ALOJAMIENTO; SERVICIOS DE SUMINISTRO DE COMIDAS Y BEBIDAS; SERVICIOS DE TRANSPORTE; Y SERVICIOS DE DISTRIBUCION DE ELECTRICIDAD, GAS Y AGUA",GASTOS,FUNCIONAMIENTO,ADQUISICION DE BIENES Y SERVICIOS,ADQUISICIONES DIFERENTES DE ACTIVOS,ADQUISICION DE SERVICIOS,"COMERCIO Y DISTRIBUCION; ALOJAMIENTO; SERVICIOS DE SUMINISTRO DE COMIDAS Y BEBIDAS; SERVICIOS DE TRANSPORTE; Y SERVICIOS DE DISTRIBUCION DE ELECTRICIDAD, GAS Y AGUA",No Aplica,No Aplica,No Aplica,No Aplica,VIGENCIA ACTUAL,ENTIDADES DIFERENTES A ENTIDADES TERRITORIALES - UNIDAD DE SALUD,NO DEFINIDO,NO DEFINIDO,SALUD Y PROTECCION SOCIAL,,,2022,Cuarto Trimestre,eje_gasto,,,,SERVICIOS DE LA ADMINISTRACION PUBLICA RELACIONADOS CON LA SALUD,R.B. VENTA DE BIENES Y SERVICIOS,,,,,,NO APLICA,,,,,,SIN SITUACION DE FONDOS,NO APLICA,NO DEFINIDO,3812642.0,3812642.0,3812642.0
13571544,20221201,124205000,E.S.E. Hospital San Fernando - Amagá,2.1.1.01.03.001.03,BONIFICACION ESPECIAL DE RECREACION,GASTOS,FUNCIONAMIENTO,GASTOS DE PERSONAL,PLANTA DE PERSONAL PERMANENTE,REMUNERACIONES NO CONSTITUTIVAS DE FACTOR SALARIAL,PRESTACIONES SOCIALES,BONIFICACION ESPECIAL DE RECREACION,No Aplica,No Aplica,No Aplica,VIGENCIA ACTUAL,ENTIDADES DIFERENTES A ENTIDADES TERRITORIALES - UNIDAD DE SALUD,NO DEFINIDO,NO DEFINIDO,SALUD Y PROTECCION SOCIAL,,,2022,Cuarto Trimestre,eje_gasto,,,,NO APLICA,R.B. VENTA DE BIENES Y SERVICIOS,,,,,,NO APLICA,,,,,,SIN SITUACION DE FONDOS,NO APLICA,NO DEFINIDO,10086882.0,10086882.0,8812909.0
13573319,20211201,124205000,E.S.E. Hospital San Fernando - Amagá,2.4.5,GASTOS DE COMERCIALIZACION Y PRODUCCION,GASTOS,GASTOS DE OPERACION COMERCIAL,GASTOS DE COMERCIALIZACION Y PRODUCCION,No Aplica,No Aplica,No Aplica,No Aplica,No Aplica,No Aplica,No Aplica,VIGENCIA ACTUAL,ENTIDADES DIFERENTES A ENTIDADES TERRITORIALES - GESTION GENERAL,NO DEFINIDO,NO DEFINIDO,NO DEFINIDO,,,2021,Cuarto Trimestre,eje_gasto,,,,NO DEFINIDO,NO DEFINIDO,,,,,,NO DEFINIDO,,,,,,NO DEFINIDO,NO DEFINIDO,NO DEFINIDO,815117105.0,815117105.0,271286115.0
13575422,20220301,124205000,E.S.E. Hospital San Fernando - Amagá,2.4.5.02,ADQUISICION DE SERVICIOS,GASTOS,GASTOS DE OPERACION COMERCIAL,GASTOS DE COMERCIALIZACION Y PRODUCCION,ADQUISICION DE SERVICIOS,No Aplica,No Aplica,No Aplica,No Aplica,No Aplica,No Aplica,VIGENCIA ACTUAL,ENTIDADES DIFERENTES A ENTIDADES TERRITORIALES - UNIDAD DE SALUD,NO DEFINIDO,NO DEFINIDO,NO DEFINIDO,,,2022,Primer Trimestre,eje_gasto,,,,NO DEFINIDO,NO DEFINIDO,,,,,,NO DEFINIDO,,,,,,NO DEFINIDO,NO DEFINIDO,NO DEFINIDO,11361092.0,11361092.0,11361092.0
13584763,20211201,124205000,E.S.E. Hospital San Fernando - Amagá,2.1.1.01.02,CONTRIBUCIONES INHERENTES A LA NOMINA,GASTOS,FUNCIONAMIENTO,GASTOS DE PERSONAL,PLANTA DE PERSONAL PERMANENTE,CONTRIBUCIONES INHERENTES A LA NOMINA,No Aplica,No Aplica,No Aplica,No Aplica,No Aplica,VIGENCIA ACTUAL,ENTIDADES DIFERENTES A ENTIDADES TERRITORIALES - GESTION GENERAL,NO DEFINIDO,NO DEFINIDO,NO DEFINIDO,,,2021,Cuarto Trimestre,eje_gasto,,,,NO DEFINIDO,NO DEFINIDO,,,,,,NO DEFINIDO,,,,,,NO DEFINIDO,NO DEFINIDO,NO DEFINIDO,705060383.0,705060383.0,499916543.0
13589536,20210901,124205000,E.S.E. Hospital San Fernando - Amagá,2.1.2.02.02.008,SERVICIOS PRESTADOS A LAS EMPRESAS Y SERVICIOS DE PRODUCCION,GASTOS,FUNCIONAMIENTO,ADQUISICION DE BIENES Y SERVICIOS,ADQUISICIONES DIFERENTES DE ACTIVOS,ADQUISICION DE SERVICIOS,SERVICIOS PRESTADOS A LAS EMPRESAS Y SERVICIOS DE PRODUCCION,No Aplica,No Aplica,No Aplica,No Aplica,VIGENCIA ACTUAL,ENTIDADES DIFERENTES A ENTIDADES TERRITORIALES - GESTION GENERAL,NO DEFINIDO,NO DEFINIDO,SALUD Y PROTECCION SOCIAL,,,2021,Tercer Trimestre,eje_gasto,,,,83619 - OTROS SERVICIOS DE PUBLICIDAD,1.2.3.2.09 - VENTA DE BIENES Y SERVICIOS,,,,,,NO APLICA,,,,,,CON SITUACION DE FONDOS,NO APLICA,NO DEFINIDO,926853609.0,806873022.0,670930752.0
13595112,20210301,124205000,E.S.E. Hospital San Fernando - Amagá,2.1.1.01.02.002,APORTES A LA SEGURIDAD SOCIAL EN SALUD,GASTOS,FUNCIONAMIENTO,GASTOS DE PERSONAL,PLANTA DE PERSONAL PERMANENTE,CONTRIBUCIONES INHERENTES A LA NOMINA,APORTES A LA SEGURIDAD SOCIAL EN SALUD,No Aplica,No Aplica,No Aplica,No Aplica,VIGENCIA ACTUAL,ENTIDADES DIFERENTES A ENTIDADES TERRITORIALES - GESTION GENERAL,NO DEFINIDO,NO DEFINIDO,SALUD Y PROTECCION SOCIAL,,,2021,Primer Trimestre,eje_gasto,,,,NO APLICA,1.2.3.2.09 - VENTA DE BIENES Y SERVICIOS,,,,,,NO APLICA,,,,,,CON SITUACION DE FONDOS,NO APLICA,NO DEFINIDO,36796462.0,36796462.0,24914370.0
13597995,20220301,124205000,E.S.E. Hospital San Fernando - Amagá,2.4.5,GASTOS DE COMERCIALIZACION Y PRODUCCION,GASTOS,GASTOS DE OPERACION COMERCIAL,GASTOS DE COMERCIALIZACION Y PRODUCCION,No Aplica,No Aplica,No Aplica,No Aplica,No Aplica,No Aplica,No Aplica,VIGENCIA ACTUAL,ENTIDADES DIFERENTES A ENTIDADES TERRITORIALES - UNIDAD DE SALUD,NO DEFINIDO,NO DEFINIDO,NO DEFINIDO,,,2022,Primer Trimestre,eje_gasto,,,,NO DEFINIDO,NO DEFINIDO,,,,,,NO DEFINIDO,,,,,,NO DEFINIDO,NO DEFINIDO,NO DEFINIDO,25862328.0,25862328.0,25862328.0
13602570,20220301,124205000,E.S.E. Hospital San Fernando - Amagá,2.1.1.01.03.001,PRESTACIONES SOCIALES,GASTOS,FUNCIONAMIENTO,GASTOS DE PERSONAL,PLANTA DE PERSONAL PERMANENTE,REMUNERACIONES NO CONSTITUTIVAS DE FACTOR SALARIAL,PRESTACIONES SOCIALES,No Aplica,No Aplica,No Aplica,No Aplica,VIGENCIA ACTUAL,ENTIDADES DIFERENTES A ENTIDADES TERRITORIALES - UNIDAD DE SALUD,NO DEFINIDO,NO DEFINIDO,NO DEFINIDO,,,2022,Primer Trimestre,eje_gasto,,,,NO DEFINIDO,NO DEFINIDO,,,,,,NO DEFINIDO,,,,,,NO DEFINIDO,NO DEFINIDO,NO DEFINIDO,13405243.0,13405243.0,13405243.0
13604243,20221201,124205000,E.S.E. Hospital San Fernando - Amagá,2.4.5.01.03,"OTROS BIENES TRANSPORTABLES EXCEPTO PRODUCTOS METALICOS, MAQUINARIA Y EQUIPO",GASTOS,GASTOS DE OPERACION COMERCIAL,GASTOS DE COMERCIALIZACION Y PRODUCCION,MATERIALES Y SUMINISTROS,"OTROS BIENES TRANSPORTABLES EXCEPTO PRODUCTOS METALICOS, MAQUINARIA Y EQUIPO",No Aplica,No Aplica,No Aplica,No Aplica,No Aplica,VIGENCIA ACTUAL,ENTIDADES DIFERENTES A ENTIDADES TERRITORIALES - UNIDAD DE SALUD,NO DEFINIDO,NO DEFINIDO,NO APLICA,,,2022,Cuarto Trimestre,eje_gasto,,,,SERVICIOS DE LA ADMINISTRACION PUBLICA RELACIONADOS CON LA SALUD,R.B. VENTA DE BIENES Y SERVICIOS,,,,,,NO APLICA,,,,,,SIN SITUACION DE FONDOS,NO APLICA,NO DEFINIDO,827765401.0,827458605.0,645231823.0
13615573,20210301,124205000,E.S.E. Hospital San Fernando - Amagá,2.1.3.07.02.003.02,BONOS PENSIONALES A CARGO DE LA ENTIDAD DE PENSIONES,GASTOS,FUNCIONAMIENTO,TRANSFERENCIAS CORRIENTES,PRESTACIONES PARA CUBRIR RIESGOS SOCIALES,PRESTACIONES SOCIALES RELACIONADAS CON EL EMPLEO,BONOS PENSIONALES DE PENSIONES,BONOS PENSIONALES A CARGO DE LA ENTIDAD DE PENSIONES,No Aplica,No Aplica,No Aplica,CUENTAS POR PAGAR,ENTIDADES DIFERENTES A ENTIDADES TERRITORIALES - GESTION GENERAL,NO DEFINIDO,NO DEFINIDO,SALUD Y PROTECCION SOCIAL,,,2021,Primer Trimestre,eje_gasto,,,,NO APLICA,1.1.0.0.00 - DISPONIBILIDAD INICIAL,,,,,,NO APLICA,,,,,,CON SITUACION DE FONDOS,NO APLICA,NO DEFINIDO,2061965.0,2061965.0,1587607.0
13620673,20220301,124205000,E.S.E. Hospital San Fernando - Amagá,2.1.2.02.01.002,"PRODUCTOS ALIMENTICIOS, BEBIDAS Y TABACO, TEXTILES, PRENDAS DE VESTIR Y PRODUCTOS DE CUERO",GASTOS,FUNCIONAMIENTO,ADQUISICION DE BIENES Y SERVICIOS,ADQUISICIONES DIFERENTES DE ACTIVOS,MATERIALES Y SUMINISTROS,"PRODUCTOS ALIMENTICIOS, BEBIDAS Y TABACO, TEXTILES, PRENDAS DE VESTIR Y PRODUCTOS DE CUERO",No Aplica,No Aplica,No Aplica,No Aplica,VIGENCIA ACTUAL,ENTIDADES DIFERENTES A ENTIDADES TERRITORIALES - UNIDAD DE SALUD,NO DEFINIDO,NO DEFINIDO,SALUD Y PROTECCION SOCIAL,,,2022,Primer Trimestre,eje_gasto,,,,SERVICIOS DE LA ADMINISTRACION PUBLICA RELACIONADOS CON LA SALUD,R.B. VENTA DE BIENES Y SERVICIOS,,,,,,NO APLICA,,,,,,SIN SITUACION DE FONDOS,NO APLICA,NO DEFINIDO,0.0,0.0,0.0
13622057,20210301,124205000,E.S.E. Hospital San Fernando - Amagá,2.4.5,GASTOS DE COMERCIALIZACION Y PRODUCCION,GASTOS,GASTOS DE OPERACION COMERCIAL,GASTOS DE COMERCIALIZACION Y PRODUCCION,No Aplica,No Aplica,No Aplica,No Aplica,No Aplica,No Aplica,No Aplica,CUENTAS POR PAGAR,ENTIDADES DIFERENTES A ENTIDADES TERRITORIALES - GESTION GENERAL,NO DEFINIDO,NO DEFINIDO,NO DEFINIDO,,,2021,Primer Trimestre,eje_gasto,,,,NO DEFINIDO,NO DEFINIDO,,,,,,NO DEFINIDO,,,,,,NO DEFINIDO,NO DEFINIDO,NO DEFINIDO,87422941.0,87422911.0,74937162.0
13628691,20230601,124205000,E.S.E. Hospital San Fernando - Amagá,2.1.8.04,CONTRIBUCIONES,GASTOS,FUNCIONAMIENTO,"GASTOS POR TRIBUTOS, TASAS, CONTRIBUCIONES, MULTAS, SANCIONES E INTERESES DE MORA",CONTRIBUCIONES,No Aplica,No Aplica,No Aplica,No Aplica,No Aplica,No Aplica,VIGENCIA ACTUAL,ENTIDADES TERRITORIALES - SALUD,NO DEFINIDO,NO DEFINIDO,NO DEFINIDO,,,2023,Segundo Trimestre,eje_gasto,,,,NO DEFINIDO,NO DEFINIDO,,,,,,NO DEFINIDO,,,,,,NO DEFINIDO,NO DEFINIDO,NO DEFINIDO,5285998.0,5285998.0,0.0
13633920,20210601,124205000,E.S.E. Hospital San Fernando - Amagá,2.1.1.01.01.001.01,SUELDO BASICO,GASTOS,FUNCIONAMIENTO,GASTOS DE PERSONAL,PLANTA DE PERSONAL PERMANENTE,FACTORES CONSTITUTIVOS DE SALARIO,FACTORES SALARIALES COMUNES,SUELDO BASICO,No Aplica,No Aplica,No Aplica,VIGENCIA ACTUAL,ENTIDADES DIFERENTES A ENTIDADES TERRITORIALES - GESTION GENERAL,NO DEFINIDO,NO DEFINIDO,SALUD Y PROTECCION SOCIAL,,,2021,Segundo Trimestre,eje_gasto,,,,NO APLICA,1.2.3.2.09 - VENTA DE BIENES Y SERVICIOS,,,,,,NO APLICA,,,,,,CON SITUACION DE FONDOS,NO APLICA,NO DEFINIDO,764820355.0,764820355.0,407115553.0
13634242,20211201,124205000,E.S.E. Hospital San Fernando - Amagá,2.1.2.02.02.009,"SERVICIOS PARA LA COMUNIDAD, SOCIALES Y PERSONALES",GASTOS,FUNCIONAMIENTO,ADQUISICION DE BIENES Y SERVICIOS,ADQUISICIONES DIFERENTES DE ACTIVOS,ADQUISICION DE SERVICIOS,"SERVICIOS PARA LA COMUNIDAD, SOCIALES Y PERSONALES",No Aplica,No Aplica,No Aplica,No Aplica,VIGENCIA ACTUAL,ENTIDADES DIFERENTES A ENTIDADES TERRITORIALES - GESTION GENERAL,NO DEFINIDO,NO DEFINIDO,SALUD Y PROTECCION SOCIAL,,,2021,Cuarto Trimestre,eje_gasto,,,,OTROS SERVICIOS DIVERSOS N C P,OTRAS CONTRIBUCIONES CON DESTINACION ESPECIFICA LEGAL,,,,,,NO APLICA,,,,,,CON SITUACION DE FONDOS,NO APLICA,NO DEFINIDO,275170265.0,275170265.0,150676609.0
13646338,20210901,124205000,E.S.E. Hospital San Fernando - Amagá,2.1.2.02.02,ADQUISICION DE SERVICIOS,GASTOS,FUNCIONAMIENTO,ADQUISICION DE BIENES Y SERVICIOS,ADQUISICIONES DIFERENTES DE ACTIVOS,ADQUISICION DE SERVICIOS,No Aplica,No Aplica,No Aplica,No Aplica,No Aplica,CUENTAS POR PAGAR,ENTIDADES DIFERENTES A ENTIDADES TERRITORIALES - GESTION GENERAL,NO DEFINIDO,NO DEFINIDO,NO DEFINIDO,,,2021,Tercer Trimestre,eje_gasto,,,,NO DEFINIDO,NO DEFINIDO,,,,,,NO DEFINIDO,,,,,,NO DEFINIDO,NO DEFINIDO,NO DEFINIDO,513956142.0,513782892.0,480219042.0
13649063,20210301,124205000,E.S.E. Hospital San Fernando - Amagá,2.1.2.02.02,ADQUISICION DE SERVICIOS,GASTOS,FUNCIONAMIENTO,ADQUISICION DE BIENES Y SERVICIOS,ADQUISICIONES DIFERENTES DE ACTIVOS,ADQUISICION DE SERVICIOS,No Aplica,No Aplica,No Aplica,No Aplica,No Aplica,CUENTAS POR PAGAR,ENTIDADES DIFERENTES A ENTIDADES TERRITORIALES - GESTION GENERAL,NO DEFINIDO,NO DEFINIDO,NO DEFINIDO,,,2021,Primer Trimestre,eje_gasto,,,,NO DEFINIDO,NO DEFINIDO,,,,,,NO DEFINIDO,,,,,,NO DEFINIDO,NO DEFINIDO,NO DEFINIDO,78656539.0,78656539.0,78388773.0
13651244,20230601,124205000,E.S.E. Hospital San Fernando - Amagá,2.1.1.01.03.001.03,BONIFICACION ESPECIAL DE RECREACION,GASTOS,FUNCIONAMIENTO,GASTOS DE PERSONAL,PLANTA DE PERSONAL PERMANENTE,REMUNERACIONES NO CONSTITUTIVAS DE FACTOR SALARIAL,PRESTACIONES SOCIALES,BONIFICACION ESPECIAL DE RECREACION,No Aplica,No Aplica,No Aplica,VIGENCIA ACTUAL,ENTIDADES TERRITORIALES - SALUD,NO DEFINIDO,NO DEFINIDO,SALUD Y PROTECCION SOCIAL,,,2023,Segundo Trimestre,eje_gasto,,,,NO APLICA,R.B. VENTA DE BIENES Y SERVICIOS,,,,,,NO APLICA,,,,,,SIN SITUACION DE FONDOS,NO APLICA,NO DEFINIDO,7141883.0,7141883.0,5634605.0
13654245,20211201,124205000,E.S.E. Hospital San Fernando - Amagá,2.1.3.07.02.003,BONOS PENSIONALES DE PENSIONES,GASTOS,FUNCIONAMIENTO,TRANSFERENCIAS CORRIENTES,PRESTACIONES PARA CUBRIR RIESGOS SOCIALES,PRESTACIONES SOCIALES RELACIONADAS CON EL EMPLEO,BONOS PENSIONALES DE PENSIONES,No Aplica,No Aplica,No Aplica,No Aplica,VIGENCIA ACTUAL,ENTIDADES DIFERENTES A ENTIDADES TERRITORIALES - GESTION GENERAL,NO DEFINIDO,NO DEFINIDO,NO DEFINIDO,,,2021,Cuarto Trimestre,eje_gasto,,,,NO DEFINIDO,NO DEFINIDO,,,,,,NO DEFINIDO,,,,,,NO DEFINIDO,NO DEFINIDO,NO DEFINIDO,4425774.0,4425774.0,4425774.0
13655357,20220601,124205000,E.S.E. Hospital San Fernando - Amagá,2.4.5.01,MATERIALES Y SUMINISTROS,GASTOS,GASTOS DE OPERACION COMERCIAL,GASTOS DE COMERCIALIZACION Y PRODUCCION,MATERIALES Y SUMINISTROS,No Aplica,No Aplica,No Aplica,No Aplica,No Aplica,No Aplica,VIGENCIA ACTUAL,ENTIDADES DIFERENTES A ENTIDADES TERRITORIALES - UNIDAD DE SALUD,NO DEFINIDO,NO DEFINIDO,NO DEFINIDO,,,2022,Segundo Trimestre,eje_gasto,,,,NO DEFINIDO,NO DEFINIDO,,,,,,NO DEFINIDO,,,,,,NO DEFINIDO,NO DEFINIDO,NO DEFINIDO,402853062.0,376587948.0,210525391.0
13661438,20220901,124205000,E.S.E. Hospital San Fernando - Amagá,2.1.1.01.02.007,APORTES AL SENA,GASTOS,FUNCIONAMIENTO,GASTOS DE PERSONAL,PLANTA DE PERSONAL PERMANENTE,CONTRIBUCIONES INHERENTES A LA NOMINA,APORTES AL SENA,No Aplica,No Aplica,No Aplica,No Aplica,VIGENCIA ACTUAL,ENTIDADES DIFERENTES A ENTIDADES TERRITORIALES - UNIDAD DE SALUD,NO DEFINIDO,NO DEFINIDO,SALUD Y PROTECCION SOCIAL,,,2022,Tercer Trimestre,eje_gasto,,,,NO APLICA,R.B. VENTA DE BIENES Y SERVICIOS,,,,,,NO APLICA,,,,,,SIN SITUACION DE FONDOS,NO APLICA,NO DEFINIDO,25517000.0,25517000.0,25517000.0
13664311,20220901,124205000,E.S.E. Hospital San Fernando - Amagá,2.1.1.01.03.001.01,VACACIONES,GASTOS,FUNCIONAMIENTO,GASTOS DE PERSONAL,PLANTA DE PERSONAL PERMANENTE,REMUNERACIONES NO CONSTITUTIVAS DE FACTOR SALARIAL,PRESTACIONES SOCIALES,VACACIONES,No Aplica,No Aplica,No Aplica,VIGENCIA ACTUAL,ENTIDADES DIFERENTES A ENTIDADES TERRITORIALES - UNIDAD DE SALUD,NO DEFINIDO,NO DEFINIDO,SALUD Y PROTECCION SOCIAL,,,2022,Tercer Trimestre,eje_gasto,,,,NO APLICA,R.B. VENTA DE BIENES Y SERVICIOS,,,,,,NO APLICA,,,,,,SIN SITUACION DE FONDOS,NO APLICA,NO DEFINIDO,77153881.0,77153881.0,47246620.0
13672655,20210901,124205000,E.S.E. Hospital San Fernando - Amagá,2.1.2.02.01.003,"OTROS BIENES TRANSPORTABLES EXCEPTO PRODUCTOS METALICOS, MAQUINARIA Y EQUIPO",GASTOS,FUNCIONAMIENTO,ADQUISICION DE BIENES Y SERVICIOS,ADQUISICIONES DIFERENTES DE ACTIVOS,MATERIALES Y SUMINISTROS,"OTROS BIENES TRANSPORTABLES EXCEPTO PRODUCTOS METALICOS, MAQUINARIA Y EQUIPO",No Aplica,No Aplica,No Aplica,No Aplica,CUENTAS POR PAGAR,ENTIDADES DIFERENTES A ENTIDADES TERRITORIALES - GESTION GENERAL,NO DEFINIDO,NO DEFINIDO,SALUD Y PROTECCION SOCIAL,,,2021,Tercer Trimestre,eje_gasto,,,,"62251 - COMERCIO AL POR MENOR DE LIBROS, PERIÓDICOS, REVISTAS Y ARTÍCULOS DE PAPELERÍA EN ESTABLECIMIENTOS ESPECIALIZADOS",1.1.0.0.00 - DISPONIBILIDAD INICIAL,,,,,,NO APLICA,,,,,,CON SITUACION DE FONDOS,NO APLICA,NO DEFINIDO,25330970.0,25330970.0,25330970.0
13673130,20210601,124205000,E.S.E. Hospital San Fernando - Amagá,2.1.3.07.02.003.02,BONOS PENSIONALES A CARGO DE LA ENTIDAD DE PENSIONES,GASTOS,FUNCIONAMIENTO,TRANSFERENCIAS CORRIENTES,PRESTACIONES PARA CUBRIR RIESGOS SOCIALES,PRESTACIONES SOCIALES RELACIONADAS CON EL EMPLEO,BONOS PENSIONALES DE PENSIONES,BONOS PENSIONALES A CARGO DE LA ENTIDAD DE PENSIONES,No Aplica,No Aplica,No Aplica,CUENTAS POR PAGAR,ENTIDADES DIFERENTES A ENTIDADES TERRITORIALES - GESTION GENERAL,NO DEFINIDO,NO DEFINIDO,SALUD Y PROTECCION SOCIAL,,,2021,Segundo Trimestre,eje_gasto,,,,NO APLICA,1.1.0.0.00 - DISPONIBILIDAD INICIAL,,,,,,NO APLICA,,,,,,CON SITUACION DE FONDOS,NO APLICA,NO DEFINIDO,2061965.0,2061965.0,1587607.0
13675344,20220301,124205000,E.S.E. Hospital San Fernando - Amagá,2.1.1.01.01.001.06,PRIMA DE SERVICIO,GASTOS,FUNCIONAMIENTO,GASTOS DE PERSONAL,PLANTA DE PERSONAL PERMANENTE,FACTORES CONSTITUTIVOS DE SALARIO,FACTORES SALARIALES COMUNES,PRIMA DE SERVICIO,No Aplica,No Aplica,No Aplica,VIGENCIA ACTUAL,ENTIDADES DIFERENTES A ENTIDADES TERRITORIALES - UNIDAD DE SALUD,NO DEFINIDO,NO DEFINIDO,SALUD Y PROTECCION SOCIAL,,,2022,Primer Trimestre,eje_gasto,,,,NO APLICA,R.B. VENTA DE BIENES Y SERVICIOS,,,,,,NO APLICA,,,,,,SIN SITUACION DE FONDOS,NO APLICA,NO DEFINIDO,0.0,0.0,0.0
13679321,20230601,124205000,E.S.E. Hospital San Fernando - Amagá,2.1.2.02.01.002,"PRODUCTOS ALIMENTICIOS, BEBIDAS Y TABACO, TEXTILES, PRENDAS DE VESTIR Y PRODUCTOS DE CUERO",GASTOS,FUNCIONAMIENTO,ADQUISICION DE BIENES Y SERVICIOS,ADQUISICIONES DIFERENTES DE ACTIVOS,MATERIALES Y SUMINISTROS,"PRODUCTOS ALIMENTICIOS, BEBIDAS Y TABACO, TEXTILES, PRENDAS DE VESTIR Y PRODUCTOS DE CUERO",No Aplica,No Aplica,No Aplica,No Aplica,VIGENCIA ACTUAL,ENTIDADES TERRITORIALES - SALUD,NO DEFINIDO,NO DEFINIDO,SALUD Y PROTECCION SOCIAL,,,2023,Segundo Trimestre,eje_gasto,,,,SERVICIOS MEDICOS GENERALES,R.B. VENTA DE BIENES Y SERVICIOS,,,,,,NO APLICA,,,,,,SIN SITUACION DE FONDOS,NO APLICA,NO DEFINIDO,3032560.0,3032560.0,3032560.0
13688080,20211201,124205000,E.S.E. Hospital San Fernando - Amagá,2.1.1.01.02.005,APORTES GENERALES AL SISTEMA DE RIESGOS LABORALES,GASTOS,FUNCIONAMIENTO,GASTOS DE PERSONAL,PLANTA DE PERSONAL PERMANENTE,CONTRIBUCIONES INHERENTES A LA NOMINA,APORTES GENERALES AL SISTEMA DE RIESGOS LABORALES,No Aplica,No Aplica,No Aplica,No Aplica,VIGENCIA ACTUAL,ENTIDADES DIFERENTES A ENTIDADES TERRITORIALES - GESTION GENERAL,NO DEFINIDO,NO DEFINIDO,SALUD Y PROTECCION SOCIAL,,,2021,Cuarto Trimestre,eje_gasto,,,,NO APLICA,OTRAS CONTRIBUCIONES CON DESTINACION ESPECIFICA LEGAL,,,,,,NO APLICA,,,,,,CON SITUACION DE FONDOS,NO APLICA,NO DEFINIDO,34412400.0,34412400.0,31795600.0
13691263,20210601,124205000,E.S.E. Hospital San Fernando - Amagá,2.1.2.02.01,MATERIALES Y SUMINISTROS,GASTOS,FUNCIONAMIENTO,ADQUISICION DE BIENES Y SERVICIOS,ADQUISICIONES DIFERENTES DE ACTIVOS,MATERIALES Y SUMINISTROS,No Aplica,No Aplica,No Aplica,No Aplica,No Aplica,VIGENCIA ACTUAL,ENTIDADES DIFERENTES A ENTIDADES TERRITORIALES - GESTION GENERAL,NO DEFINIDO,NO DEFINIDO,NO DEFINIDO,,,2021,Segundo Trimestre,eje_gasto,,,,NO DEFINIDO,NO DEFINIDO,,,,,,NO DEFINIDO,,,,,,NO DEFINIDO,NO DEFINIDO,NO DEFINIDO,95705252.0,95705252.0,72719528.0
13694952,20230601,124205000,E.S.E. Hospital San Fernando - Amagá,2.1.2.02.02.007,SERVICIOS FINANCIEROS Y SERVICIOS CONEXOS; SERVICIOS INMOBILIARIOS; Y SERVICIOS DE ARRENDAMIENTO Y LEASING,GASTOS,FUNCIONAMIENTO,ADQUISICION DE BIENES Y SERVICIOS,ADQUISICIONES DIFERENTES DE ACTIVOS,ADQUISICION DE SERVICIOS,SERVICIOS FINANCIEROS Y SERVICIOS CONEXOS; SERVICIOS INMOBILIARIOS; Y SERVICIOS DE ARRENDAMIENTO Y LEASING,No Aplica,No Aplica,No Aplica,No Aplica,VIGENCIA ACTUAL,ENTIDADES TERRITORIALES - SALUD,NO DEFINIDO,NO DEFINIDO,SALUD Y PROTECCION SOCIAL,,,2023,Segundo Trimestre,eje_gasto,,,,SERVICIOS MEDICOS GENERALES,R.B. VENTA DE BIENES Y SERVICIOS,,,,,,NO APLICA,,,,,,SIN SITUACION DE FONDOS,NO APLICA,NO DEFINIDO,20383413.0,20383413.0,20383413.0
13696388,20220601,124205000,E.S.E. Hospital San Fernando - Amagá,2.1.1.01.01.001.02,"HORAS EXTRAS, DOMINICALES, FESTIVOS Y RECARGOS",GASTOS,FUNCIONAMIENTO,GASTOS DE PERSONAL,PLANTA DE PERSONAL PERMANENTE,FACTORES CONSTITUTIVOS DE SALARIO,FACTORES SALARIALES COMUNES,"HORAS EXTRAS, DOMINICALES, FESTIVOS Y RECARGOS",No Aplica,No Aplica,No Aplica,VIGENCIA ACTUAL,ENTIDADES DIFERENTES A ENTIDADES TERRITORIALES - UNIDAD DE SALUD,NO DEFINIDO,NO DEFINIDO,SALUD Y PROTECCION SOCIAL,,,2022,Segundo Trimestre,eje_gasto,,,,NO APLICA,R.B. VENTA DE BIENES Y SERVICIOS,,,,,,NO APLICA,,,,,,SIN SITUACION DE FONDOS,NO APLICA,NO DEFINIDO,99290488.0,99290488.0,71816575.0
13700092,20210901,124205000,E.S.E. Hospital San Fernando - Amagá,2.1.2.02.02,ADQUISICION DE SERVICIOS,GASTOS,FUNCIONAMIENTO,ADQUISICION DE BIENES Y SERVICIOS,ADQUISICIONES DIFERENTES DE ACTIVOS,ADQUISICION DE SERVICIOS,No Aplica,No Aplica,No Aplica,No Aplica,No Aplica,VIGENCIA ACTUAL,ENTIDADES DIFERENTES A ENTIDADES TERRITORIALES - GESTION GENERAL,NO DEFINIDO,NO DEFINIDO,NO DEFINIDO,,,2021,Tercer Trimestre,eje_gasto,,,,NO DEFINIDO,NO DEFINIDO,,,,,,NO DEFINIDO,,,,,,NO DEFINIDO,NO DEFINIDO,NO DEFINIDO,1241913364.0,993900491.0,788853141.0
13702333,20230601,124205000,E.S.E. Hospital San Fernando - Amagá,2.1.1.01.02.004,APORTES A CAJAS DE COMPENSACION FAMILIAR,GASTOS,FUNCIONAMIENTO,GASTOS DE PERSONAL,PLANTA DE PERSONAL PERMANENTE,CONTRIBUCIONES INHERENTES A LA NOMINA,APORTES A CAJAS DE COMPENSACION FAMILIAR,No Aplica,No Aplica,No Aplica,No Aplica,VIGENCIA ACTUAL,ENTIDADES TERRITORIALES - SALUD,NO DEFINIDO,NO DEFINIDO,SALUD Y PROTECCION SOCIAL,,,2023,Segundo Trimestre,eje_gasto,,,,NO APLICA,R.B. VENTA DE BIENES Y SERVICIOS,,,,,,NO APLICA,,,,,,SIN SITUACION DE FONDOS,NO APLICA,NO DEFINIDO,43256000.0,43256000.0,38610700.0
13705806,20220901,124205000,E.S.E. Hospital San Fernando - Amagá,2.1.1.02,PERSONAL SUPERNUMERARIO Y PLANTA TEMPORAL,GASTOS,FUNCIONAMIENTO,GASTOS DE PERSONAL,PERSONAL SUPERNUMERARIO Y PLANTA TEMPORAL,No Aplica,No Aplica,No Aplica,No Aplica,No Aplica,No Aplica,VIGENCIA ACTUAL,ENTIDADES DIFERENTES A ENTIDADES TERRITORIALES - UNIDAD DE SALUD,NO DEFINIDO,NO DEFINIDO,NO DEFINIDO,,,2022,Tercer Trimestre,eje_gasto,,,,NO DEFINIDO,NO DEFINIDO,,,,,,NO DEFINIDO,,,,,,NO DEFINIDO,NO DEFINIDO,NO DEFINIDO,12600628.0,12600628.0,8105565.0
13706470,20210601,124205000,E.S.E. Hospital San Fernando - Amagá,2.1.1,GASTOS DE PERSONAL,GASTOS,FUNCIONAMIENTO,GASTOS DE PERSONAL,No Aplica,No Aplica,No Aplica,No Aplica,No Aplica,No Aplica,No Aplica,CUENTAS POR PAGAR,ENTIDADES DIFERENTES A ENTIDADES TERRITORIALES - GESTION GENERAL,NO DEFINIDO,NO DEFINIDO,NO DEFINIDO,,,2021,Segundo Trimestre,eje_gasto,,,,NO DEFINIDO,NO DEFINIDO,,,,,,NO DEFINIDO,,,,,,NO DEFINIDO,NO DEFINIDO,NO DEFINIDO,541392491.0,531029634.0,320937251.0
13707338,20221201,124205000,E.S.E. Hospital San Fernando - Amagá,2.1.1.02,PERSONAL SUPERNUMERARIO Y PLANTA TEMPORAL,GASTOS,FUNCIONAMIENTO,GASTOS DE PERSONAL,PERSONAL SUPERNUMERARIO Y PLANTA TEMPORAL,No Aplica,No Aplica,No Aplica,No Aplica,No Aplica,No Aplica,VIGENCIA ACTUAL,ENTIDADES DIFERENTES A ENTIDADES TERRITORIALES - UNIDAD DE SALUD,NO DEFINIDO,NO DEFINIDO,NO DEFINIDO,,,2022,Cuarto Trimestre,eje_gasto,,,,NO DEFINIDO,NO DEFINIDO,,,,,,NO DEFINIDO,,,,,,NO DEFINIDO,NO DEFINIDO,NO DEFINIDO,19664563.0,19664563.0,12589773.0
13709039,20210901,124205000,E.S.E. Hospital San Fernando - Amagá,2.1.1.01.03,REMUNERACIONES NO CONSTITUTIVAS DE FACTOR SALARIAL,GASTOS,FUNCIONAMIENTO,GASTOS DE PERSONAL,PLANTA DE PERSONAL PERMANENTE,REMUNERACIONES NO CONSTITUTIVAS DE FACTOR SALARIAL,No Aplica,No Aplica,No Aplica,No Aplica,No Aplica,VIGENCIA ACTUAL,ENTIDADES DIFERENTES A ENTIDADES TERRITORIALES - GESTION GENERAL,NO DEFINIDO,NO DEFINIDO,NO DEFINIDO,,,2021,Tercer Trimestre,eje_gasto,,,,NO DEFINIDO,NO DEFINIDO,,,,,,NO DEFINIDO,,,,,,NO DEFINIDO,NO DEFINIDO,NO DEFINIDO,3393199.0,3393199.0,1964878.0
13723379,20220301,124205000,E.S.E. Hospital San Fernando - Amagá,2.1.3,TRANSFERENCIAS CORRIENTES,GASTOS,FUNCIONAMIENTO,TRANSFERENCIAS CORRIENTES,No Aplica,No Aplica,No Aplica,No Aplica,No Aplica,No Aplica,No Aplica,VIGENCIA ACTUAL,ENTIDADES DIFERENTES A ENTIDADES TERRITORIALES - UNIDAD DE SALUD,NO DEFINIDO,NO DEFINIDO,NO DEFINIDO,,,2022,Primer Trimestre,eje_gasto,,,,NO DEFINIDO,NO DEFINIDO,,,,,,NO DEFINIDO,,,,,,NO DEFINIDO,NO DEFINIDO,NO DEFINIDO,2011200.0,2011200.0,2011200.0
13725816,20210601,124205000,E.S.E. Hospital San Fernando - Amagá,2.1.1.01.02.006,APORTES AL ICBF,GASTOS,FUNCIONAMIENTO,GASTOS DE PERSONAL,PLANTA DE PERSONAL PERMANENTE,CONTRIBUCIONES INHERENTES A LA NOMINA,APORTES AL ICBF,No Aplica,No Aplica,No Aplica,No Aplica,CUENTAS POR PAGAR,ENTIDADES DIFERENTES A ENTIDADES TERRITORIALES - GESTION GENERAL,NO DEFINIDO,NO DEFINIDO,SALUD Y PROTECCION SOCIAL,,,2021,Segundo Trimestre,eje_gasto,,,,NO APLICA,1.1.0.0.00 - DISPONIBILIDAD INICIAL,,,,,,NO APLICA,,,,,,CON SITUACION DE FONDOS,NO APLICA,NO DEFINIDO,6241300.0,6241300.0,6241300.0
13727970,20221201,124205000,E.S.E. Hospital San Fernando - Amagá,2.1.2.02.01.002,"PRODUCTOS ALIMENTICIOS, BEBIDAS Y TABACO, TEXTILES, PRENDAS DE VESTIR Y PRODUCTOS DE CUERO",GASTOS,FUNCIONAMIENTO,ADQUISICION DE BIENES Y SERVICIOS,ADQUISICIONES DIFERENTES DE ACTIVOS,MATERIALES Y SUMINISTROS,"PRODUCTOS ALIMENTICIOS, BEBIDAS Y TABACO, TEXTILES, PRENDAS DE VESTIR Y PRODUCTOS DE CUERO",No Aplica,No Aplica,No Aplica,No Aplica,VIGENCIA ACTUAL,ENTIDADES DIFERENTES A ENTIDADES TERRITORIALES - UNIDAD DE SALUD,NO DEFINIDO,NO DEFINIDO,SALUD Y PROTECCION SOCIAL,,,2022,Cuarto Trimestre,eje_gasto,,,,SERVICIOS DE LA ADMINISTRACION PUBLICA RELACIONADOS CON LA SALUD,R.B. VENTA DE BIENES Y SERVICIOS,,,,,,NO APLICA,,,,,,SIN SITUACION DE FONDOS,NO APLICA,NO DEFINIDO,3743994.0,3743994.0,3743994.0
13730116,20220601,124205000,E.S.E. Hospital San Fernando - Amagá,2.1.8.05,"MULTAS, SANCIONES E INTERESES DE MORA",GASTOS,FUNCIONAMIENTO,"GASTOS POR TRIBUTOS, TASAS, CONTRIBUCIONES, MULTAS, SANCIONES E INTERESES DE MORA","MULTAS, SANCIONES E INTERESES DE MORA",No Aplica,No Aplica,No Aplica,No Aplica,No Aplica,No Aplica,VIGENCIA ACTUAL,ENTIDADES DIFERENTES A ENTIDADES TERRITORIALES - UNIDAD DE SALUD,NO DEFINIDO,NO DEFINIDO,NO DEFINIDO,,,2022,Segundo Trimestre,eje_gasto,,,,NO DEFINIDO,NO DEFINIDO,,,,,,NO DEFINIDO,,,,,,NO DEFINIDO,NO DEFINIDO,NO DEFINIDO,4000.0,4000.0,4000.0
13735688,20210901,124205000,E.S.E. Hospital San Fernando - Amagá,2.1.1.01.02.002,APORTES A LA SEGURIDAD SOCIAL EN SALUD,GASTOS,FUNCIONAMIENTO,GASTOS DE PERSONAL,PLANTA DE PERSONAL PERMANENTE,CONTRIBUCIONES INHERENTES A LA NOMINA,APORTES A LA SEGURIDAD SOCIAL EN SALUD,No Aplica,No Aplica,No Aplica,No Aplica,VIGENCIA ACTUAL,ENTIDADES DIFERENTES A ENTIDADES TERRITORIALES - GESTION GENERAL,NO DEFINIDO,NO DEFINIDO,SALUD Y PROTECCION SOCIAL,,,2021,Tercer Trimestre,eje_gasto,,,,NO APLICA,1.2.3.2.09 - VENTA DE BIENES Y SERVICIOS,,,,,,NO APLICA,,,,,,CON SITUACION DE FONDOS,NO APLICA,NO DEFINIDO,110171451.0,110171451.0,98540507.0
13758358,20221201,124205000,E.S.E. Hospital San Fernando - Amagá,2.1.8.05,"MULTAS, SANCIONES E INTERESES DE MORA",GASTOS,FUNCIONAMIENTO,"GASTOS POR TRIBUTOS, TASAS, CONTRIBUCIONES, MULTAS, SANCIONES E INTERESES DE MORA","MULTAS, SANCIONES E INTERESES DE MORA",No Aplica,No Aplica,No Aplica,No Aplica,No Aplica,No Aplica,VIGENCIA ACTUAL,ENTIDADES DIFERENTES A ENTIDADES TERRITORIALES - UNIDAD DE SALUD,NO DEFINIDO,NO DEFINIDO,NO DEFINIDO,,,2022,Cuarto Trimestre,eje_gasto,,,,NO DEFINIDO,NO DEFINIDO,,,,,,NO DEFINIDO,,,,,,NO DEFINIDO,NO DEFINIDO,NO DEFINIDO,4000.0,4000.0,4000.0
13758404,20211201,124205000,E.S.E. Hospital San Fernando - Amagá,2.1.2.01.01,ACTIVOS FIJOS,GASTOS,FUNCIONAMIENTO,ADQUISICION DE BIENES Y SERVICIOS,ADQUISICION DE ACTIVOS NO FINANCIEROS,ACTIVOS FIJOS,No Aplica,No Aplica,No Aplica,No Aplica,No Aplica,VIGENCIA ACTUAL,ENTIDADES DIFERENTES A ENTIDADES TERRITORIALES - GESTION GENERAL,NO DEFINIDO,NO DEFINIDO,NO DEFINIDO,,,2021,Cuarto Trimestre,eje_gasto,,,,NO DEFINIDO,NO DEFINIDO,,,,,,NO DEFINIDO,,,,,,NO DEFINIDO,NO DEFINIDO,NO DEFINIDO,10000000.0,10000000.0,10000000.0
13759976,20210901,124205000,E.S.E. Hospital San Fernando - Amagá,2.1.1.01.02,CONTRIBUCIONES INHERENTES A LA NOMINA,GASTOS,FUNCIONAMIENTO,GASTOS DE PERSONAL,PLANTA DE PERSONAL PERMANENTE,CONTRIBUCIONES INHERENTES A LA NOMINA,No Aplica,No Aplica,No Aplica,No Aplica,No Aplica,CUENTAS POR PAGAR,ENTIDADES DIFERENTES A ENTIDADES TERRITORIALES - GESTION GENERAL,NO DEFINIDO,NO DEFINIDO,NO DEFINIDO,,,2021,Tercer Trimestre,eje_gasto,,,,NO DEFINIDO,NO DEFINIDO,,,,,,NO DEFINIDO,,,,,,NO DEFINIDO,NO DEFINIDO,NO DEFINIDO,8303265.0,8303265.0,8303265.0
13760953,20210901,124205000,E.S.E. Hospital San Fernando - Amagá,2.1.2.02.02.010,VIATICOS DE LOS FUNCIONARIOS EN COMISION,GASTOS,FUNCIONAMIENTO,ADQUISICION DE BIENES Y SERVICIOS,ADQUISICIONES DIFERENTES DE ACTIVOS,ADQUISICION DE SERVICIOS,VIATICOS DE LOS FUNCIONARIOS EN COMISION,No Aplica,No Aplica,No Aplica,No Aplica,VIGENCIA ACTUAL,ENTIDADES DIFERENTES A ENTIDADES TERRITORIALES - GESTION GENERAL,NO DEFINIDO,NO DEFINIDO,SALUD Y PROTECCION SOCIAL,,,2021,Tercer Trimestre,eje_gasto,,,,64119 - OTROS SERVICIOS DE TRANSPORTE TERRESTRE LOCAL DE PASAJEROS N.C.P.,1.2.3.2.09 - VENTA DE BIENES Y SERVICIOS,,,,,,NO APLICA,,,,,,CON SITUACION DE FONDOS,NO APLICA,NO DEFINIDO,8075760.0,8075760.0,8075760.0
13764126,20211201,124205000,E.S.E. Hospital San Fernando - Amagá,2.1.3.07,PRESTACIONES PARA CUBRIR RIESGOS SOCIALES,GASTOS,FUNCIONAMIENTO,TRANSFERENCIAS CORRIENTES,PRESTACIONES PARA CUBRIR RIESGOS SOCIALES,No Aplica,No Aplica,No Aplica,No Aplica,No Aplica,No Aplica,VIGENCIA ACTUAL,ENTIDADES DIFERENTES A ENTIDADES TERRITORIALES - GESTION GENERAL,NO DEFINIDO,NO DEFINIDO,NO DEFINIDO,,,2021,Cuarto Trimestre,eje_gasto,,,,NO DEFINIDO,NO DEFINIDO,,,,,,NO DEFINIDO,,,,,,NO DEFINIDO,NO DEFINIDO,NO DEFINIDO,4425774.0,4425774.0,4425774.0
13764845,20220901,124205000,E.S.E. Hospital San Fernando - Amagá,2.1.1.01.02.005,APORTES GENERALES AL SISTEMA DE RIESGOS LABORALES,GASTOS,FUNCIONAMIENTO,GASTOS DE PERSONAL,PLANTA DE PERSONAL PERMANENTE,CONTRIBUCIONES INHERENTES A LA NOMINA,APORTES GENERALES AL SISTEMA DE RIESGOS LABORALES,No Aplica,No Aplica,No Aplica,No Aplica,VIGENCIA ACTUAL,ENTIDADES DIFERENTES A ENTIDADES TERRITORIALES - UNIDAD DE SALUD,NO DEFINIDO,NO DEFINIDO,SALUD Y PROTECCION SOCIAL,,,2022,Tercer Trimestre,eje_gasto,,,,NO APLICA,R.B. VENTA DE BIENES Y SERVICIOS,,,,,,NO APLICA,,,,,,SIN SITUACION DE FONDOS,NO APLICA,NO DEFINIDO,25185100.0,25185100.0,24860100.0
13770118,20210601,124205000,E.S.E. Hospital San Fernando - Amagá,2.4.5.01,MATERIALES Y SUMINISTROS,GASTOS,GASTOS DE OPERACION COMERCIAL,GASTOS DE COMERCIALIZACION Y PRODUCCION,MATERIALES Y SUMINISTROS,No Aplica,No Aplica,No Aplica,No Aplica,No Aplica,No Aplica,VIGENCIA ACTUAL,ENTIDADES DIFERENTES A ENTIDADES TERRITORIALES - GESTION GENERAL,NO DEFINIDO,NO DEFINIDO,NO DEFINIDO,,,2021,Segundo Trimestre,eje_gasto,,,,NO DEFINIDO,NO DEFINIDO,,,,,,NO DEFINIDO,,,,,,NO DEFINIDO,NO DEFINIDO,NO DEFINIDO,353614504.0,353614504.0,47463280.0
13775498,20211201,124205000,E.S.E. Hospital San Fernando - Amagá,2.1.8.04,CONTRIBUCIONES,GASTOS,FUNCIONAMIENTO,"GASTOS POR TRIBUTOS, TASAS, CONTRIBUCIONES, MULTAS, SANCIONES E INTERESES DE MORA",CONTRIBUCIONES,No Aplica,No Aplica,No Aplica,No Aplica,No Aplica,No Aplica,VIGENCIA ACTUAL,ENTIDADES DIFERENTES A ENTIDADES TERRITORIALES - GESTION GENERAL,NO DEFINIDO,NO DEFINIDO,NO DEFINIDO,,,2021,Cuarto Trimestre,eje_gasto,,,,NO DEFINIDO,NO DEFINIDO,,,,,,NO DEFINIDO,,,,,,NO DEFINIDO,NO DEFINIDO,NO DEFINIDO,5987314.0,5987314.0,5987314.0
13779737,20221201,124205000,E.S.E. Hospital San Fernando - Amagá,2.1.1.01.03.001,PRESTACIONES SOCIALES,GASTOS,FUNCIONAMIENTO,GASTOS DE PERSONAL,PLANTA DE PERSONAL PERMANENTE,REMUNERACIONES NO CONSTITUTIVAS DE FACTOR SALARIAL,PRESTACIONES SOCIALES,No Aplica,No Aplica,No Aplica,No Aplica,VIGENCIA ACTUAL,ENTIDADES DIFERENTES A ENTIDADES TERRITORIALES - UNIDAD DE SALUD,NO DEFINIDO,NO DEFINIDO,NO DEFINIDO,,,2022,Cuarto Trimestre,eje_gasto,,,,NO DEFINIDO,NO DEFINIDO,,,,,,NO DEFINIDO,,,,,,NO DEFINIDO,NO DEFINIDO,NO DEFINIDO,119816766.0,119816766.0,77131509.0
13782174,20220601,124205000,E.S.E. Hospital San Fernando - Amagá,2.1.2.02.02.005,CONSTRUCCION Y SERVICIOS DE LA CONSTRUCCION,GASTOS,FUNCIONAMIENTO,ADQUISICION DE BIENES Y SERVICIOS,ADQUISICIONES DIFERENTES DE ACTIVOS,ADQUISICION DE SERVICIOS,CONSTRUCCION Y SERVICIOS DE LA CONSTRUCCION,No Aplica,No Aplica,No Aplica,No Aplica,VIGENCIA ACTUAL,ENTIDADES DIFERENTES A ENTIDADES TERRITORIALES - UNIDAD DE SALUD,NO DEFINIDO,NO DEFINIDO,SALUD Y PROTECCION SOCIAL,,,2022,Segundo Trimestre,eje_gasto,,,,SERVICIOS DE SEGUROS SOCIALES DE SALUD,R.B. VENTA DE BIENES Y SERVICIOS,,,,,,NO APLICA,,,,,,SIN SITUACION DE FONDOS,NO APLICA,NO DEFINIDO,32006180.0,7313780.0,7313780.0
13789768,20220601,124205000,E.S.E. Hospital San Fernando - Amagá,2.1.1.01.01.001.08.02,PRIMA DE VACACIONES,GASTOS,FUNCIONAMIENTO,GASTOS DE PERSONAL,PLANTA DE PERSONAL PERMANENTE,FACTORES CONSTITUTIVOS DE SALARIO,FACTORES SALARIALES COMUNES,PRESTACIONES SOCIALES,PRIMA DE VACACIONES,No Aplica,No Aplica,VIGENCIA ACTUAL,ENTIDADES DIFERENTES A ENTIDADES TERRITORIALES - UNIDAD DE SALUD,NO DEFINIDO,NO DEFINIDO,SALUD Y PROTECCION SOCIAL,,,2022,Segundo Trimestre,eje_gasto,,,,NO APLICA,R.B. VENTA DE BIENES Y SERVICIOS,,,,,,NO APLICA,,,,,,SIN SITUACION DE FONDOS,NO APLICA,NO DEFINIDO,44290911.0,40108595.0,31167956.0
13791606,20211201,124205000,E.S.E. Hospital San Fernando - Amagá,2.1.2.02.01,MATERIALES Y SUMINISTROS,GASTOS,FUNCIONAMIENTO,ADQUISICION DE BIENES Y SERVICIOS,ADQUISICIONES DIFERENTES DE ACTIVOS,MATERIALES Y SUMINISTROS,No Aplica,No Aplica,No Aplica,No Aplica,No Aplica,VIGENCIA ACTUAL,ENTIDADES DIFERENTES A ENTIDADES TERRITORIALES - GESTION GENERAL,NO DEFINIDO,NO DEFINIDO,NO DEFINIDO,,,2021,Cuarto Trimestre,eje_gasto,,,,NO DEFINIDO,NO DEFINIDO,,,,,,NO DEFINIDO,,,,,,NO DEFINIDO,NO DEFINIDO,NO DEFINIDO,202983969.0,202983969.0,180108883.0
13793786,20220301,124205000,E.S.E. Hospital San Fernando - Amagá,2.1.1.01.01.001.07,BONIFICACION POR SERVICIOS PRESTADOS,GASTOS,FUNCIONAMIENTO,GASTOS DE PERSONAL,PLANTA DE PERSONAL PERMANENTE,FACTORES CONSTITUTIVOS DE SALARIO,FACTORES SALARIALES COMUNES,BONIFICACION POR SERVICIOS PRESTADOS,No Aplica,No Aplica,No Aplica,VIGENCIA ACTUAL,ENTIDADES DIFERENTES A ENTIDADES TERRITORIALES - UNIDAD DE SALUD,NO DEFINIDO,NO DEFINIDO,SALUD Y PROTECCION SOCIAL,,,2022,Primer Trimestre,eje_gasto,,,,NO APLICA,R.B. VENTA DE BIENES Y SERVICIOS,,,,,,NO APLICA,,,,,,SIN SITUACION DE FONDOS,NO APLICA,NO DEFINIDO,5729356.0,5729356.0,5729356.0
13797124,20221201,124205000,E.S.E. Hospital San Fernando - Amagá,2.1.1.02.01.001.04,SUBSIDIO DE ALIMENTACION,GASTOS,FUNCIONAMIENTO,GASTOS DE PERSONAL,PERSONAL SUPERNUMERARIO Y PLANTA TEMPORAL,FACTORES CONSTITUTIVOS DE SALARIO,FACTORES SALARIALES COMUNES,SUBSIDIO DE ALIMENTACION,No Aplica,No Aplica,No Aplica,VIGENCIA ACTUAL,ENTIDADES DIFERENTES A ENTIDADES TERRITORIALES - UNIDAD DE SALUD,NO DEFINIDO,NO DEFINIDO,SALUD Y PROTECCION SOCIAL,,,2022,Cuarto Trimestre,eje_gasto,,,,NO APLICA,R.B. VENTA DE BIENES Y SERVICIOS,,,,,,NO APLICA,,,,,,SIN SITUACION DE FONDOS,NO APLICA,NO DEFINIDO,18178233.0,18178233.0,11103443.0
13801012,20210301,124205000,E.S.E. Hospital San Fernando - Amagá,2.1.1.01.01.001,FACTORES SALARIALES COMUNES,GASTOS,FUNCIONAMIENTO,GASTOS DE PERSONAL,PLANTA DE PERSONAL PERMANENTE,FACTORES CONSTITUTIVOS DE SALARIO,FACTORES SALARIALES COMUNES,No Aplica,No Aplica,No Aplica,No Aplica,VIGENCIA ACTUAL,ENTIDADES DIFERENTES A ENTIDADES TERRITORIALES - GESTION GENERAL,NO DEFINIDO,NO DEFINIDO,NO DEFINIDO,,,2021,Primer Trimestre,eje_gasto,,,,NO DEFINIDO,NO DEFINIDO,,,,,,NO DEFINIDO,,,,,,NO DEFINIDO,NO DEFINIDO,NO DEFINIDO,474634558.0,474634558.0,154493397.0
13804420,20221201,124205000,E.S.E. Hospital San Fernando - Amagá,2.4.5,GASTOS DE COMERCIALIZACION Y PRODUCCION,GASTOS,GASTOS DE OPERACION COMERCIAL,GASTOS DE COMERCIALIZACION Y PRODUCCION,No Aplica,No Aplica,No Aplica,No Aplica,No Aplica,No Aplica,No Aplica,VIGENCIA ACTUAL,ENTIDADES DIFERENTES A ENTIDADES TERRITORIALES - UNIDAD DE SALUD,NO DEFINIDO,NO DEFINIDO,NO DEFINIDO,,,2022,Cuarto Trimestre,eje_gasto,,,,NO DEFINIDO,NO DEFINIDO,,,,,,NO DEFINIDO,,,,,,NO DEFINIDO,NO DEFINIDO,NO DEFINIDO,827765401.0,827458605.0,645231823.0
13804607,20230601,124205000,E.S.E. Hospital San Fernando - Amagá,2.1.1.01.01.001.07,BONIFICACION POR SERVICIOS PRESTADOS,GASTOS,FUNCIONAMIENTO,GASTOS DE PERSONAL,PLANTA DE PERSONAL PERMANENTE,FACTORES CONSTITUTIVOS DE SALARIO,FACTORES SALARIALES COMUNES,BONIFICACION POR SERVICIOS PRESTADOS,No Aplica,No Aplica,No Aplica,VIGENCIA ACTUAL,ENTIDADES TERRITORIALES - SALUD,NO DEFINIDO,NO DEFINIDO,SALUD Y PROTECCION SOCIAL,,,2023,Segundo Trimestre,eje_gasto,,,,NO APLICA,R.B. VENTA DE BIENES Y SERVICIOS,,,,,,NO APLICA,,,,,,SIN SITUACION DE FONDOS,NO APLICA,NO DEFINIDO,33012752.0,33012752.0,29488874.0
13804676,20210301,124205000,E.S.E. Hospital San Fernando - Amagá,2.1.3.07.02.001.02,MESADAS PENSIONALES A CARGO DE LA ENTIDAD DE PENSIONES,GASTOS,FUNCIONAMIENTO,TRANSFERENCIAS CORRIENTES,PRESTACIONES PARA CUBRIR RIESGOS SOCIALES,PRESTACIONES SOCIALES RELACIONADAS CON EL EMPLEO,MESADAS PENSIONALES DE PENSIONES,MESADAS PENSIONALES A CARGO DE LA ENTIDAD DE PENSIONES,No Aplica,No Aplica,No Aplica,VIGENCIA ACTUAL,ENTIDADES DIFERENTES A ENTIDADES TERRITORIALES - GESTION GENERAL,NO DEFINIDO,NO DEFINIDO,SALUD Y PROTECCION SOCIAL,,,2021,Primer Trimestre,eje_gasto,,,,NO APLICA,1.2.3.2.09 - VENTA DE BIENES Y SERVICIOS,,,,,,NO APLICA,,,,,,CON SITUACION DE FONDOS,NO APLICA,NO DEFINIDO,2856276.0,2856276.0,1904184.0
13819635,20210601,124205000,E.S.E. Hospital San Fernando - Amagá,2.1.8.04,CONTRIBUCIONES,GASTOS,FUNCIONAMIENTO,"GASTOS POR TRIBUTOS, TASAS, CONTRIBUCIONES, MULTAS, SANCIONES E INTERESES DE MORA",CONTRIBUCIONES,No Aplica,No Aplica,No Aplica,No Aplica,No Aplica,No Aplica,VIGENCIA ACTUAL,ENTIDADES DIFERENTES A ENTIDADES TERRITORIALES - GESTION GENERAL,NO DEFINIDO,NO DEFINIDO,NO DEFINIDO,,,2021,Segundo Trimestre,eje_gasto,,,,NO DEFINIDO,NO DEFINIDO,,,,,,NO DEFINIDO,,,,,,NO DEFINIDO,NO DEFINIDO,NO DEFINIDO,5987314.0,5987314.0,5987314.0
13826891,20220601,124205000,E.S.E. Hospital San Fernando - Amagá,2.1.1.01.03,REMUNERACIONES NO CONSTITUTIVAS DE FACTOR SALARIAL,GASTOS,FUNCIONAMIENTO,GASTOS DE PERSONAL,PLANTA DE PERSONAL PERMANENTE,REMUNERACIONES NO CONSTITUTIVAS DE FACTOR SALARIAL,No Aplica,No Aplica,No Aplica,No Aplica,No Aplica,VIGENCIA ACTUAL,ENTIDADES DIFERENTES A ENTIDADES TERRITORIALES - UNIDAD DE SALUD,NO DEFINIDO,NO DEFINIDO,NO DEFINIDO,,,2022,Segundo Trimestre,eje_gasto,,,,NO DEFINIDO,NO DEFINIDO,,,,,,NO DEFINIDO,,,,,,NO DEFINIDO,NO DEFINIDO,NO DEFINIDO,64634985.0,64634985.0,30152770.0
13833899,20211201,124205000,E.S.E. Hospital San Fernando - Amagá,2.4.5.02.09,"SERVICIOS PARA LA COMUNIDAD, SOCIALES Y PERSONALES",GASTOS,GASTOS DE OPERACION COMERCIAL,GASTOS DE COMERCIALIZACION Y PRODUCCION,ADQUISICION DE SERVICIOS,"SERVICIOS PARA LA COMUNIDAD, SOCIALES Y PERSONALES",No Aplica,No Aplica,No Aplica,No Aplica,No Aplica,CUENTAS POR PAGAR,ENTIDADES DIFERENTES A ENTIDADES TERRITORIALES - GESTION GENERAL,NO DEFINIDO,NO DEFINIDO,SALUD Y PROTECCION SOCIAL,,,2021,Cuarto Trimestre,eje_gasto,,,,COMERCIO AL POR MAYOR EXCEPTO EL REALIZADO A CAMBIO DE UNA RETRIBUCION O POR CONTRATA DE PRODUCTOS FARMACEUTICOS,OTRAS CONTRIBUCIONES CON DESTINACION ESPECIFICA LEGAL,,,,,,NO APLICA,,,,,,CON SITUACION DE FONDOS,NO APLICA,NO DEFINIDO,26041811.0,26041811.0,26041811.0
13837964,20211201,124205000,E.S.E. Hospital San Fernando - Amagá,2.4.5.01,MATERIALES Y SUMINISTROS,GASTOS,GASTOS DE OPERACION COMERCIAL,GASTOS DE COMERCIALIZACION Y PRODUCCION,MATERIALES Y SUMINISTROS,No Aplica,No Aplica,No Aplica,No Aplica,No Aplica,No Aplica,CUENTAS POR PAGAR,ENTIDADES DIFERENTES A ENTIDADES TERRITORIALES - GESTION GENERAL,NO DEFINIDO,NO DEFINIDO,NO DEFINIDO,,,2021,Cuarto Trimestre,eje_gasto,,,,NO DEFINIDO,NO DEFINIDO,,,,,,NO DEFINIDO,,,,,,NO DEFINIDO,NO DEFINIDO,NO DEFINIDO,14746802.0,14746802.0,14746802.0
13843065,20210301,124205000,E.S.E. Hospital San Fernando - Amagá,2.1.3.07.02.003.02,BONOS PENSIONALES A CARGO DE LA ENTIDAD DE PENSIONES,GASTOS,FUNCIONAMIENTO,TRANSFERENCIAS CORRIENTES,PRESTACIONES PARA CUBRIR RIESGOS SOCIALES,PRESTACIONES SOCIALES RELACIONADAS CON EL EMPLEO,BONOS PENSIONALES DE PENSIONES,BONOS PENSIONALES A CARGO DE LA ENTIDAD DE PENSIONES,No Aplica,No Aplica,No Aplica,VIGENCIA ACTUAL,ENTIDADES DIFERENTES A ENTIDADES TERRITORIALES - GESTION GENERAL,NO DEFINIDO,NO DEFINIDO,SALUD Y PROTECCION SOCIAL,,,2021,Primer Trimestre,eje_gasto,,,,NO APLICA,1.2.3.2.09 - VENTA DE BIENES Y SERVICIOS,,,,,,NO APLICA,,,,,,CON SITUACION DE FONDOS,NO APLICA,NO DEFINIDO,412393.0,412393.0,412393.0
13846318,20210601,124205000,E.S.E. Hospital San Fernando - Amagá,2.1.2.02.01,MATERIALES Y SUMINISTROS,GASTOS,FUNCIONAMIENTO,ADQUISICION DE BIENES Y SERVICIOS,ADQUISICIONES DIFERENTES DE ACTIVOS,MATERIALES Y SUMINISTROS,No Aplica,No Aplica,No Aplica,No Aplica,No Aplica,CUENTAS POR PAGAR,ENTIDADES DIFERENTES A ENTIDADES TERRITORIALES - GESTION GENERAL,NO DEFINIDO,NO DEFINIDO,NO DEFINIDO,,,2021,Segundo Trimestre,eje_gasto,,,,NO DEFINIDO,NO DEFINIDO,,,,,,NO DEFINIDO,,,,,,NO DEFINIDO,NO DEFINIDO,NO DEFINIDO,42314610.0,42141360.0,39565391.0
13854100,20210301,124205000,E.S.E. Hospital San Fernando - Amagá,2.1.2.02.02.008,SERVICIOS PRESTADOS A LAS EMPRESAS Y SERVICIOS DE PRODUCCION,GASTOS,FUNCIONAMIENTO,ADQUISICION DE BIENES Y SERVICIOS,ADQUISICIONES DIFERENTES DE ACTIVOS,ADQUISICION DE SERVICIOS,SERVICIOS PRESTADOS A LAS EMPRESAS Y SERVICIOS DE PRODUCCION,No Aplica,No Aplica,No Aplica,No Aplica,CUENTAS POR PAGAR,ENTIDADES DIFERENTES A ENTIDADES TERRITORIALES - GESTION GENERAL,NO DEFINIDO,NO DEFINIDO,SALUD Y PROTECCION SOCIAL,,,2021,Primer Trimestre,eje_gasto,,,,83619 - OTROS SERVICIOS DE PUBLICIDAD,1.1.0.0.00 - DISPONIBILIDAD INICIAL,,,,,,NO APLICA,,,,,,CON SITUACION DE FONDOS,NO APLICA,NO DEFINIDO,67660366.0,67660366.0,67392600.0
13855739,20210601,124205000,E.S.E. Hospital San Fernando - Amagá,2.1.3.07,PRESTACIONES PARA CUBRIR RIESGOS SOCIALES,GASTOS,FUNCIONAMIENTO,TRANSFERENCIAS CORRIENTES,PRESTACIONES PARA CUBRIR RIESGOS SOCIALES,No Aplica,No Aplica,No Aplica,No Aplica,No Aplica,No Aplica,CUENTAS POR PAGAR,ENTIDADES DIFERENTES A ENTIDADES TERRITORIALES - GESTION GENERAL,NO DEFINIDO,NO DEFINIDO,NO DEFINIDO,,,2021,Segundo Trimestre,eje_gasto,,,,NO DEFINIDO,NO DEFINIDO,,,,,,NO DEFINIDO,,,,,,NO DEFINIDO,NO DEFINIDO,NO DEFINIDO,2061965.0,2061965.0,1587607.0
13859932,20230601,124205000,E.S.E. Hospital San Fernando - Amagá,2.1.1,GASTOS DE PERSONAL,GASTOS,FUNCIONAMIENTO,GASTOS DE PERSONAL,No Aplica,No Aplica,No Aplica,No Aplica,No Aplica,No Aplica,No Aplica,VIGENCIA ACTUAL,ENTIDADES TERRITORIALES - SALUD,NO DEFINIDO,NO DEFINIDO,NO DEFINIDO,,,2023,Segundo Trimestre,eje_gasto,,,,NO DEFINIDO,NO DEFINIDO,,,,,,NO DEFINIDO,,,,,,NO DEFINIDO,NO DEFINIDO,NO DEFINIDO,1630347396.0,1630347396.0,1332699127.0
13861219,20220601,124205000,E.S.E. Hospital San Fernando - Amagá,2.1.1.02.01.001.04,SUBSIDIO DE ALIMENTACION,GASTOS,FUNCIONAMIENTO,GASTOS DE PERSONAL,PERSONAL SUPERNUMERARIO Y PLANTA TEMPORAL,FACTORES CONSTITUTIVOS DE SALARIO,FACTORES SALARIALES COMUNES,SUBSIDIO DE ALIMENTACION,No Aplica,No Aplica,No Aplica,VIGENCIA ACTUAL,ENTIDADES DIFERENTES A ENTIDADES TERRITORIALES - UNIDAD DE SALUD,NO DEFINIDO,NO DEFINIDO,SALUD Y PROTECCION SOCIAL,,,2022,Segundo Trimestre,eje_gasto,,,,NO APLICA,R.B. VENTA DE BIENES Y SERVICIOS,,,,,,NO APLICA,,,,,,SIN SITUACION DE FONDOS,NO APLICA,NO DEFINIDO,0.0,0.0,0.0
13862241,20210601,124205000,E.S.E. Hospital San Fernando - Amagá,2.1.1.01.01.001.04,SUBSIDIO DE ALIMENTACION,GASTOS,FUNCIONAMIENTO,GASTOS DE PERSONAL,PLANTA DE PERSONAL PERMANENTE,FACTORES CONSTITUTIVOS DE SALARIO,FACTORES SALARIALES COMUNES,SUBSIDIO DE ALIMENTACION,No Aplica,No Aplica,No Aplica,VIGENCIA ACTUAL,ENTIDADES DIFERENTES A ENTIDADES TERRITORIALES - GESTION GENERAL,NO DEFINIDO,NO DEFINIDO,SALUD Y PROTECCION SOCIAL,,,2021,Segundo Trimestre,eje_gasto,,,,NO APLICA,1.2.3.2.09 - VENTA DE BIENES Y SERVICIOS,,,,,,NO APLICA,,,,,,CON SITUACION DE FONDOS,NO APLICA,NO DEFINIDO,14313286.0,14313286.0,7572373.0
13863279,20211201,124205000,E.S.E. Hospital San Fernando - Amagá,2.4.5.02.06,"COMERCIO Y DISTRIBUCION; ALOJAMIENTO; SERVICIOS DE SUMINISTRO DE COMIDAS Y BEBIDAS; SERVICIOS DE TRANSPORTE; Y SERVICIOS DE DISTRIBUCION DE ELECTRICIDAD, GAS Y AGUA",GASTOS,GASTOS DE OPERACION COMERCIAL,GASTOS DE COMERCIALIZACION Y PRODUCCION,ADQUISICION DE SERVICIOS,"COMERCIO Y DISTRIBUCION; ALOJAMIENTO; SERVICIOS DE SUMINISTRO DE COMIDAS Y BEBIDAS; SERVICIOS DE TRANSPORTE; Y SERVICIOS DE DISTRIBUCION DE ELECTRICIDAD, GAS Y AGUA",No Aplica,No Aplica,No Aplica,No Aplica,No Aplica,CUENTAS POR PAGAR,ENTIDADES DIFERENTES A ENTIDADES TERRITORIALES - GESTION GENERAL,NO DEFINIDO,NO DEFINIDO,SALUD Y PROTECCION SOCIAL,,,2021,Cuarto Trimestre,eje_gasto,,,,OTROS SERVICIOS DE COMIDAS CONTRATADAS,OTRAS CONTRIBUCIONES CON DESTINACION ESPECIFICA LEGAL,,,,,,NO APLICA,,,,,,CON SITUACION DE FONDOS,NO APLICA,NO DEFINIDO,198727072.0,198727072.0,180310358.0
13867530,20210901,124205000,E.S.E. Hospital San Fernando - Amagá,2.1.3.07.02.003,BONOS PENSIONALES DE PENSIONES,GASTOS,FUNCIONAMIENTO,TRANSFERENCIAS CORRIENTES,PRESTACIONES PARA CUBRIR RIESGOS SOCIALES,PRESTACIONES SOCIALES RELACIONADAS CON EL EMPLEO,BONOS PENSIONALES DE PENSIONES,No Aplica,No Aplica,No Aplica,No Aplica,VIGENCIA ACTUAL,ENTIDADES DIFERENTES A ENTIDADES TERRITORIALES - GESTION GENERAL,NO DEFINIDO,NO DEFINIDO,NO DEFINIDO,,,2021,Tercer Trimestre,eje_gasto,,,,NO DEFINIDO,NO DEFINIDO,,,,,,NO DEFINIDO,,,,,,NO DEFINIDO,NO DEFINIDO,NO DEFINIDO,2929232.0,2929232.0,2749638.0
13871194,20221201,124205000,E.S.E. Hospital San Fernando - Amagá,2.1.1.01.02.004,APORTES A CAJAS DE COMPENSACION FAMILIAR,GASTOS,FUNCIONAMIENTO,GASTOS DE PERSONAL,PLANTA DE PERSONAL PERMANENTE,CONTRIBUCIONES INHERENTES A LA NOMINA,APORTES A CAJAS DE COMPENSACION FAMILIAR,No Aplica,No Aplica,No Aplica,No Aplica,VIGENCIA ACTUAL,ENTIDADES DIFERENTES A ENTIDADES TERRITORIALES - UNIDAD DE SALUD,NO DEFINIDO,NO DEFINIDO,SALUD Y PROTECCION SOCIAL,,,2022,Cuarto Trimestre,eje_gasto,,,,NO APLICA,R.B. VENTA DE BIENES Y SERVICIOS,,,,,,NO APLICA,,,,,,SIN SITUACION DE FONDOS,NO APLICA,NO DEFINIDO,69911500.0,69911500.0,68817500.0
13871514,20210301,124205000,E.S.E. Hospital San Fernando - Amagá,2.1.1.01.01.001.03,GASTOS DE REPRESENTACION,GASTOS,FUNCIONAMIENTO,GASTOS DE PERSONAL,PLANTA DE PERSONAL PERMANENTE,FACTORES CONSTITUTIVOS DE SALARIO,FACTORES SALARIALES COMUNES,GASTOS DE REPRESENTACION,No Aplica,No Aplica,No Aplica,VIGENCIA ACTUAL,ENTIDADES DIFERENTES A ENTIDADES TERRITORIALES - GESTION GENERAL,NO DEFINIDO,NO DEFINIDO,SALUD Y PROTECCION SOCIAL,,,2021,Primer Trimestre,eje_gasto,,,,NO APLICA,1.2.3.2.09 - VENTA DE BIENES Y SERVICIOS,,,,,,NO APLICA,,,,,,CON SITUACION DE FONDOS,NO APLICA,NO DEFINIDO,492248.0,492248.0,164336.0
13877852,20220601,124205000,E.S.E. Hospital San Fernando - Amagá,2.1.1.01.03.001,PRESTACIONES SOCIALES,GASTOS,FUNCIONAMIENTO,GASTOS DE PERSONAL,PLANTA DE PERSONAL PERMANENTE,REMUNERACIONES NO CONSTITUTIVAS DE FACTOR SALARIAL,PRESTACIONES SOCIALES,No Aplica,No Aplica,No Aplica,No Aplica,VIGENCIA ACTUAL,ENTIDADES DIFERENTES A ENTIDADES TERRITORIALES - UNIDAD DE SALUD,NO DEFINIDO,NO DEFINIDO,NO DEFINIDO,,,2022,Segundo Trimestre,eje_gasto,,,,NO DEFINIDO,NO DEFINIDO,,,,,,NO DEFINIDO,,,,,,NO DEFINIDO,NO DEFINIDO,NO DEFINIDO,64634985.0,64634985.0,30152770.0
13909699,20210901,124205000,E.S.E. Hospital San Fernando - Amagá,2.1.2.01.01.003.02,MAQUINARIA PARA USOS ESPECIALES,GASTOS,FUNCIONAMIENTO,ADQUISICION DE BIENES Y SERVICIOS,ADQUISICION DE ACTIVOS NO FINANCIEROS,ACTIVOS FIJOS,MAQUINARIA Y EQUIPO,MAQUINARIA PARA USOS ESPECIALES,No Aplica,No Aplica,No Aplica,VIGENCIA ACTUAL,ENTIDADES DIFERENTES A ENTIDADES TERRITORIALES - GESTION GENERAL,NO DEFINIDO,NO DEFINIDO,NO DEFINIDO,,,2021,Tercer Trimestre,eje_gasto,,,,NO DEFINIDO,NO DEFINIDO,,,,,,NO DEFINIDO,,,,,,NO DEFINIDO,NO DEFINIDO,NO DEFINIDO,10000000.0,10000000.0,10000000.0
13915271,20210901,124205000,E.S.E. Hospital San Fernando - Amagá,2.1.1.01.03.001.03,BONIFICACION ESPECIAL DE RECREACION,GASTOS,FUNCIONAMIENTO,GASTOS DE PERSONAL,PLANTA DE PERSONAL PERMANENTE,REMUNERACIONES NO CONSTITUTIVAS DE FACTOR SALARIAL,PRESTACIONES SOCIALES,BONIFICACION ESPECIAL DE RECREACION,No Aplica,No Aplica,No Aplica,VIGENCIA ACTUAL,ENTIDADES DIFERENTES A ENTIDADES TERRITORIALES - GESTION GENERAL,NO DEFINIDO,NO DEFINIDO,SALUD Y PROTECCION SOCIAL,,,2021,Tercer Trimestre,eje_gasto,,,,NO APLICA,1.2.3.2.09 - VENTA DE BIENES Y SERVICIOS,,,,,,NO APLICA,,,,,,CON SITUACION DE FONDOS,NO APLICA,NO DEFINIDO,3393199.0,3393199.0,1964878.0
13924598,20211201,124205000,E.S.E. Hospital San Fernando - Amagá,2.1.1.01.01.001.01,SUELDO BASICO,GASTOS,FUNCIONAMIENTO,GASTOS DE PERSONAL,PLANTA DE PERSONAL PERMANENTE,FACTORES CONSTITUTIVOS DE SALARIO,FACTORES SALARIALES COMUNES,SUELDO BASICO,No Aplica,No Aplica,No Aplica,VIGENCIA ACTUAL,ENTIDADES DIFERENTES A ENTIDADES TERRITORIALES - GESTION GENERAL,NO DEFINIDO,NO DEFINIDO,SALUD Y PROTECCION SOCIAL,,,2021,Cuarto Trimestre,eje_gasto,,,,NO APLICA,OTRAS CONTRIBUCIONES CON DESTINACION ESPECIFICA LEGAL,,,,,,NO APLICA,,,,,,CON SITUACION DE FONDOS,NO APLICA,NO DEFINIDO,1540740962.0,1540740962.0,1089071975.0
13927567,20220901,124205000,E.S.E. Hospital San Fernando - Amagá,2.1.1.01.03.001.03,BONIFICACION ESPECIAL DE RECREACION,GASTOS,FUNCIONAMIENTO,GASTOS DE PERSONAL,PLANTA DE PERSONAL PERMANENTE,REMUNERACIONES NO CONSTITUTIVAS DE FACTOR SALARIAL,PRESTACIONES SOCIALES,BONIFICACION ESPECIAL DE RECREACION,No Aplica,No Aplica,No Aplica,VIGENCIA ACTUAL,ENTIDADES DIFERENTES A ENTIDADES TERRITORIALES - UNIDAD DE SALUD,NO DEFINIDO,NO DEFINIDO,SALUD Y PROTECCION SOCIAL,,,2022,Tercer Trimestre,eje_gasto,,,,NO APLICA,R.B. VENTA DE BIENES Y SERVICIOS,,,,,,NO APLICA,,,,,,SIN SITUACION DE FONDOS,NO APLICA,NO DEFINIDO,6945433.0,6945433.0,6806141.0
13929192,20210601,124205000,E.S.E. Hospital San Fernando - Amagá,2.1.1.01.01.001.08.02,PRIMA DE VACACIONES,GASTOS,FUNCIONAMIENTO,GASTOS DE PERSONAL,PLANTA DE PERSONAL PERMANENTE,FACTORES CONSTITUTIVOS DE SALARIO,FACTORES SALARIALES COMUNES,PRESTACIONES SOCIALES,PRIMA DE VACACIONES,No Aplica,No Aplica,VIGENCIA ACTUAL,ENTIDADES DIFERENTES A ENTIDADES TERRITORIALES - GESTION GENERAL,NO DEFINIDO,NO DEFINIDO,SALUD Y PROTECCION SOCIAL,,,2021,Segundo Trimestre,eje_gasto,,,,NO APLICA,1.2.3.2.09 - VENTA DE BIENES Y SERVICIOS,,,,,,NO APLICA,,,,,,CON SITUACION DE FONDOS,NO APLICA,NO DEFINIDO,28552253.0,28552253.0,14017020.0
13932305,20220601,124205000,E.S.E. Hospital San Fernando - Amagá,2.1.1.01.01.001.01,SUELDO BASICO,GASTOS,FUNCIONAMIENTO,GASTOS DE PERSONAL,PLANTA DE PERSONAL PERMANENTE,FACTORES CONSTITUTIVOS DE SALARIO,FACTORES SALARIALES COMUNES,SUELDO BASICO,No Aplica,No Aplica,No Aplica,VIGENCIA ACTUAL,ENTIDADES DIFERENTES A ENTIDADES TERRITORIALES - UNIDAD DE SALUD,NO DEFINIDO,NO DEFINIDO,SALUD Y PROTECCION SOCIAL,,,2022,Segundo Trimestre,eje_gasto,,,,NO APLICA,R.B. VENTA DE BIENES Y SERVICIOS,,,,,,NO APLICA,,,,,,SIN SITUACION DE FONDOS,NO APLICA,NO DEFINIDO,710730427.0,705810056.0,539306263.0
13945415,20220601,124205000,E.S.E. Hospital San Fernando - Amagá,2.1.1.02.01.001,FACTORES SALARIALES COMUNES,GASTOS,FUNCIONAMIENTO,GASTOS DE PERSONAL,PERSONAL SUPERNUMERARIO Y PLANTA TEMPORAL,FACTORES CONSTITUTIVOS DE SALARIO,FACTORES SALARIALES COMUNES,No Aplica,No Aplica,No Aplica,No Aplica,VIGENCIA ACTUAL,ENTIDADES DIFERENTES A ENTIDADES TERRITORIALES - UNIDAD DE SALUD,NO DEFINIDO,NO DEFINIDO,NO DEFINIDO,,,2022,Segundo Trimestre,eje_gasto,,,,NO DEFINIDO,NO DEFINIDO,,,,,,NO DEFINIDO,,,,,,NO DEFINIDO,NO DEFINIDO,NO DEFINIDO,756330.0,756330.0,87000.0
13948991,20210601,124205000,E.S.E. Hospital San Fernando - Amagá,2.1.1.01.01.001,FACTORES SALARIALES COMUNES,GASTOS,FUNCIONAMIENTO,GASTOS DE PERSONAL,PLANTA DE PERSONAL PERMANENTE,FACTORES CONSTITUTIVOS DE SALARIO,FACTORES SALARIALES COMUNES,No Aplica,No Aplica,No Aplica,No Aplica,CUENTAS POR PAGAR,ENTIDADES DIFERENTES A ENTIDADES TERRITORIALES - GESTION GENERAL,NO DEFINIDO,NO DEFINIDO,NO DEFINIDO,,,2021,Segundo Trimestre,eje_gasto,,,,NO DEFINIDO,NO DEFINIDO,,,,,,NO DEFINIDO,,,,,,NO DEFINIDO,NO DEFINIDO,NO DEFINIDO,535151191.0,524788334.0,314695951.0
13949533,20220301,124205000,E.S.E. Hospital San Fernando - Amagá,2.1.1.01.02.005,APORTES GENERALES AL SISTEMA DE RIESGOS LABORALES,GASTOS,FUNCIONAMIENTO,GASTOS DE PERSONAL,PLANTA DE PERSONAL PERMANENTE,CONTRIBUCIONES INHERENTES A LA NOMINA,APORTES GENERALES AL SISTEMA DE RIESGOS LABORALES,No Aplica,No Aplica,No Aplica,No Aplica,VIGENCIA ACTUAL,ENTIDADES DIFERENTES A ENTIDADES TERRITORIALES - UNIDAD DE SALUD,NO DEFINIDO,NO DEFINIDO,SALUD Y PROTECCION SOCIAL,,,2022,Primer Trimestre,eje_gasto,,,,NO APLICA,R.B. VENTA DE BIENES Y SERVICIOS,,,,,,NO APLICA,,,,,,SIN SITUACION DE FONDOS,NO APLICA,NO DEFINIDO,5202800.0,5202800.0,5202800.0
13955478,20210601,124205000,E.S.E. Hospital San Fernando - Amagá,2.1.3.07.02.003,BONOS PENSIONALES DE PENSIONES,GASTOS,FUNCIONAMIENTO,TRANSFERENCIAS CORRIENTES,PRESTACIONES PARA CUBRIR RIESGOS SOCIALES,PRESTACIONES SOCIALES RELACIONADAS CON EL EMPLEO,BONOS PENSIONALES DE PENSIONES,No Aplica,No Aplica,No Aplica,No Aplica,VIGENCIA ACTUAL,ENTIDADES DIFERENTES A ENTIDADES TERRITORIALES - GESTION GENERAL,NO DEFINIDO,NO DEFINIDO,NO DEFINIDO,,,2021,Segundo Trimestre,eje_gasto,,,,NO DEFINIDO,NO DEFINIDO,,,,,,NO DEFINIDO,,,,,,NO DEFINIDO,NO DEFINIDO,NO DEFINIDO,831427.0,831427.0,831427.0
13956235,20220601,124205000,E.S.E. Hospital San Fernando - Amagá,2.1.2.02.02.006,"COMERCIO Y DISTRIBUCION; ALOJAMIENTO; SERVICIOS DE SUMINISTRO DE COMIDAS Y BEBIDAS; SERVICIOS DE TRANSPORTE; Y SERVICIOS DE DISTRIBUCION DE ELECTRICIDAD, GAS Y AGUA",GASTOS,FUNCIONAMIENTO,ADQUISICION DE BIENES Y SERVICIOS,ADQUISICIONES DIFERENTES DE ACTIVOS,ADQUISICION DE SERVICIOS,"COMERCIO Y DISTRIBUCION; ALOJAMIENTO; SERVICIOS DE SUMINISTRO DE COMIDAS Y BEBIDAS; SERVICIOS DE TRANSPORTE; Y SERVICIOS DE DISTRIBUCION DE ELECTRICIDAD, GAS Y AGUA",No Aplica,No Aplica,No Aplica,No Aplica,VIGENCIA ACTUAL,ENTIDADES DIFERENTES A ENTIDADES TERRITORIALES - UNIDAD DE SALUD,NO DEFINIDO,NO DEFINIDO,SALUD Y PROTECCION SOCIAL,,,2022,Segundo Trimestre,eje_gasto,,,,SERVICIOS DE SEGUROS SOCIALES DE SALUD,DISPONIBILIDAD INICIAL,,,,,,NO APLICA,,,,,,SIN SITUACION DE FONDOS,NO APLICA,NO DEFINIDO,1705988.0,1705988.0,1705988.0
13969494,20221201,124205000,E.S.E. Hospital San Fernando - Amagá,2,GASTOS,GASTOS,No Aplica,No Aplica,No Aplica,No Aplica,No Aplica,No Aplica,No Aplica,No Aplica,No Aplica,VIGENCIA ACTUAL,ENTIDADES DIFERENTES A ENTIDADES TERRITORIALES - UNIDAD DE SALUD,NO DEFINIDO,NO DEFINIDO,NO DEFINIDO,,,2022,Cuarto Trimestre,eje_gasto,,,,NO DEFINIDO,NO DEFINIDO,,,,,,NO DEFINIDO,,,,,,NO DEFINIDO,NO DEFINIDO,NO DEFINIDO,5895354571.0,5836839735.0,5174040301.0
13995574,20210301,124205000,E.S.E. Hospital San Fernando - Amagá,2.1.1.01.02.005,APORTES GENERALES AL SISTEMA DE RIESGOS LABORALES,GASTOS,FUNCIONAMIENTO,GASTOS DE PERSONAL,PLANTA DE PERSONAL PERMANENTE,CONTRIBUCIONES INHERENTES A LA NOMINA,APORTES GENERALES AL SISTEMA DE RIESGOS LABORALES,No Aplica,No Aplica,No Aplica,No Aplica,VIGENCIA ACTUAL,ENTIDADES DIFERENTES A ENTIDADES TERRITORIALES - GESTION GENERAL,NO DEFINIDO,NO DEFINIDO,SALUD Y PROTECCION SOCIAL,,,2021,Primer Trimestre,eje_gasto,,,,NO APLICA,1.2.3.2.09 - VENTA DE BIENES Y SERVICIOS,,,,,,NO APLICA,,,,,,CON SITUACION DE FONDOS,NO APLICA,NO DEFINIDO,8655400.0,8655400.0,5837600.0
14004927,20210901,124205000,E.S.E. Hospital San Fernando - Amagá,2.1.3,TRANSFERENCIAS CORRIENTES,GASTOS,FUNCIONAMIENTO,TRANSFERENCIAS CORRIENTES,No Aplica,No Aplica,No Aplica,No Aplica,No Aplica,No Aplica,No Aplica,VIGENCIA ACTUAL,ENTIDADES DIFERENTES A ENTIDADES TERRITORIALES - GESTION GENERAL,NO DEFINIDO,NO DEFINIDO,NO DEFINIDO,,,2021,Tercer Trimestre,eje_gasto,,,,NO DEFINIDO,NO DEFINIDO,,,,,,NO DEFINIDO,,,,,,NO DEFINIDO,NO DEFINIDO,NO DEFINIDO,2929232.0,2929232.0,2749638.0
14006308,20221201,124205000,E.S.E. Hospital San Fernando - Amagá,2.1.1.01.02.003,APORTES DE CESANTIAS,GASTOS,FUNCIONAMIENTO,GASTOS DE PERSONAL,PLANTA DE PERSONAL PERMANENTE,CONTRIBUCIONES INHERENTES A LA NOMINA,APORTES DE CESANTIAS,No Aplica,No Aplica,No Aplica,No Aplica,VIGENCIA ACTUAL,ENTIDADES DIFERENTES A ENTIDADES TERRITORIALES - UNIDAD DE SALUD,NO DEFINIDO,NO DEFINIDO,SALUD Y PROTECCION SOCIAL,,,2022,Cuarto Trimestre,eje_gasto,,,,NO APLICA,R.B. VENTA DE BIENES Y SERVICIOS,,,,,,NO APLICA,,,,,,SIN SITUACION DE FONDOS,NO APLICA,NO DEFINIDO,187651510.0,187651510.0,172032829.0
14006662,20211201,124205000,E.S.E. Hospital San Fernando - Amagá,2.1.1.01.01.001.03,GASTOS DE REPRESENTACION,GASTOS,FUNCIONAMIENTO,GASTOS DE PERSONAL,PLANTA DE PERSONAL PERMANENTE,FACTORES CONSTITUTIVOS DE SALARIO,FACTORES SALARIALES COMUNES,GASTOS DE REPRESENTACION,No Aplica,No Aplica,No Aplica,VIGENCIA ACTUAL,ENTIDADES DIFERENTES A ENTIDADES TERRITORIALES - GESTION GENERAL,NO DEFINIDO,NO DEFINIDO,SALUD Y PROTECCION SOCIAL,,,2021,Cuarto Trimestre,eje_gasto,,,,NO APLICA,OTRAS CONTRIBUCIONES CON DESTINACION ESPECIFICA LEGAL,,,,,,NO APLICA,,,,,,CON SITUACION DE FONDOS,NO APLICA,NO DEFINIDO,3441980.0,3441980.0,2848738.0
14029452,20210901,124205000,E.S.E. Hospital San Fernando - Amagá,2.1.2.01.01.003.02.08,OTRA MAQUINARIA PARA USOS ESPECIALES Y SUS PARTES Y PIEZAS,GASTOS,FUNCIONAMIENTO,ADQUISICION DE BIENES Y SERVICIOS,ADQUISICION DE ACTIVOS NO FINANCIEROS,ACTIVOS FIJOS,MAQUINARIA Y EQUIPO,MAQUINARIA PARA USOS ESPECIALES,OTRA MAQUINARIA PARA USOS ESPECIALES Y SUS PARTES Y PIEZAS,No Aplica,No Aplica,VIGENCIA ACTUAL,ENTIDADES DIFERENTES A ENTIDADES TERRITORIALES - GESTION GENERAL,NO DEFINIDO,NO DEFINIDO,SALUD Y PROTECCION SOCIAL,,,2021,Tercer Trimestre,eje_gasto,,,,"62184 - COMERCIO AL POR MENOR DE COMPUTADORES Y PROGRAMAS DE INFORMÁTICA INTEGRADOS, EN ESTABLECIMIENTOS NO ESPECIALIZADOS",1.2.3.2.09 - VENTA DE BIENES Y SERVICIOS,,,,,,NO APLICA,,,,,,CON SITUACION DE FONDOS,NO APLICA,NO DEFINIDO,10000000.0,10000000.0,10000000.0
14037754,20221201,124205000,E.S.E. Hospital San Fernando - Amagá,2.1.1.01.02.005,APORTES GENERALES AL SISTEMA DE RIESGOS LABORALES,GASTOS,FUNCIONAMIENTO,GASTOS DE PERSONAL,PLANTA DE PERSONAL PERMANENTE,CONTRIBUCIONES INHERENTES A LA NOMINA,APORTES GENERALES AL SISTEMA DE RIESGOS LABORALES,No Aplica,No Aplica,No Aplica,No Aplica,VIGENCIA ACTUAL,ENTIDADES DIFERENTES A ENTIDADES TERRITORIALES - UNIDAD DE SALUD,NO DEFINIDO,NO DEFINIDO,SALUD Y PROTECCION SOCIAL,,,2022,Cuarto Trimestre,eje_gasto,,,,NO APLICA,R.B. VENTA DE BIENES Y SERVICIOS,,,,,,NO APLICA,,,,,,SIN SITUACION DE FONDOS,NO APLICA,NO DEFINIDO,34725200.0,34725200.0,34204700.0
14040060,20210901,124205000,E.S.E. Hospital San Fernando - Amagá,2.1.1.01.01.001.02,"HORAS EXTRAS, DOMINICALES, FESTIVOS Y RECARGOS",GASTOS,FUNCIONAMIENTO,GASTOS DE PERSONAL,PLANTA DE PERSONAL PERMANENTE,FACTORES CONSTITUTIVOS DE SALARIO,FACTORES SALARIALES COMUNES,"HORAS EXTRAS, DOMINICALES, FESTIVOS Y RECARGOS",No Aplica,No Aplica,No Aplica,VIGENCIA ACTUAL,ENTIDADES DIFERENTES A ENTIDADES TERRITORIALES - GESTION GENERAL,NO DEFINIDO,NO DEFINIDO,SALUD Y PROTECCION SOCIAL,,,2021,Tercer Trimestre,eje_gasto,,,,NO APLICA,1.2.3.3.05 - SUBVENCIONES,,,,,,NO APLICA,,,,,,CON SITUACION DE FONDOS,NO APLICA,NO DEFINIDO,153577574.0,153577573.0,100188670.0
14049576,20210601,124205000,E.S.E. Hospital San Fernando - Amagá,2.1.1.01.02.002,APORTES A LA SEGURIDAD SOCIAL EN SALUD,GASTOS,FUNCIONAMIENTO,GASTOS DE PERSONAL,PLANTA DE PERSONAL PERMANENTE,CONTRIBUCIONES INHERENTES A LA NOMINA,APORTES A LA SEGURIDAD SOCIAL EN SALUD,No Aplica,No Aplica,No Aplica,No Aplica,VIGENCIA ACTUAL,ENTIDADES DIFERENTES A ENTIDADES TERRITORIALES - GESTION GENERAL,NO DEFINIDO,NO DEFINIDO,SALUD Y PROTECCION SOCIAL,,,2021,Segundo Trimestre,eje_gasto,,,,NO APLICA,1.2.3.2.09 - VENTA DE BIENES Y SERVICIOS,,,,,,NO APLICA,,,,,,CON SITUACION DE FONDOS,NO APLICA,NO DEFINIDO,72897543.0,72897543.0,61190981.0
14051247,20210601,124205000,E.S.E. Hospital San Fernando - Amagá,2.1.1.01.02.004,APORTES A CAJAS DE COMPENSACION FAMILIAR,GASTOS,FUNCIONAMIENTO,GASTOS DE PERSONAL,PLANTA DE PERSONAL PERMANENTE,CONTRIBUCIONES INHERENTES A LA NOMINA,APORTES A CAJAS DE COMPENSACION FAMILIAR,No Aplica,No Aplica,No Aplica,No Aplica,VIGENCIA ACTUAL,ENTIDADES DIFERENTES A ENTIDADES TERRITORIALES - GESTION GENERAL,NO DEFINIDO,NO DEFINIDO,SALUD Y PROTECCION SOCIAL,,,2021,Segundo Trimestre,eje_gasto,,,,NO APLICA,1.2.3.2.09 - VENTA DE BIENES Y SERVICIOS,,,,,,NO APLICA,,,,,,CON SITUACION DE FONDOS,NO APLICA,NO DEFINIDO,34094600.0,34094300.0,28573800.0
14059390,20230601,124205000,E.S.E. Hospital San Fernando - Amagá,2.1.1.01.01,FACTORES CONSTITUTIVOS DE SALARIO,GASTOS,FUNCIONAMIENTO,GASTOS DE PERSONAL,PLANTA DE PERSONAL PERMANENTE,FACTORES CONSTITUTIVOS DE SALARIO,No Aplica,No Aplica,No Aplica,No Aplica,No Aplica,VIGENCIA ACTUAL,ENTIDADES TERRITORIALES - SALUD,NO DEFINIDO,NO DEFINIDO,NO DEFINIDO,,,2023,Segundo Trimestre,eje_gasto,,,,NO DEFINIDO,NO DEFINIDO,,,,,,NO DEFINIDO,,,,,,NO DEFINIDO,NO DEFINIDO,NO DEFINIDO,1192904148.0,1192904148.0,952114226.0
14064057,20210601,124205000,E.S.E. Hospital San Fernando - Amagá,2.1.2.02.02.008,SERVICIOS PRESTADOS A LAS EMPRESAS Y SERVICIOS DE PRODUCCION,GASTOS,FUNCIONAMIENTO,ADQUISICION DE BIENES Y SERVICIOS,ADQUISICIONES DIFERENTES DE ACTIVOS,ADQUISICION DE SERVICIOS,SERVICIOS PRESTADOS A LAS EMPRESAS Y SERVICIOS DE PRODUCCION,No Aplica,No Aplica,No Aplica,No Aplica,VIGENCIA ACTUAL,ENTIDADES DIFERENTES A ENTIDADES TERRITORIALES - GESTION GENERAL,NO DEFINIDO,NO DEFINIDO,SALUD Y PROTECCION SOCIAL,,,2021,Segundo Trimestre,eje_gasto,,,,83619 - OTROS SERVICIOS DE PUBLICIDAD,1.2.3.2.09 - VENTA DE BIENES Y SERVICIOS,,,,,,NO APLICA,,,,,,CON SITUACION DE FONDOS,NO APLICA,NO DEFINIDO,728037509.0,510946416.0,351484113.0
14076815,20210901,124205000,E.S.E. Hospital San Fernando - Amagá,2,GASTOS,GASTOS,No Aplica,No Aplica,No Aplica,No Aplica,No Aplica,No Aplica,No Aplica,No Aplica,No Aplica,CUENTAS POR PAGAR,ENTIDADES DIFERENTES A ENTIDADES TERRITORIALES - GESTION GENERAL,NO DEFINIDO,NO DEFINIDO,NO DEFINIDO,,,2021,Tercer Trimestre,eje_gasto,,,,NO DEFINIDO,NO DEFINIDO,,,,,,NO DEFINIDO,,,,,,NO DEFINIDO,NO DEFINIDO,NO DEFINIDO,1238311410.0,1238138160.0,1007255108.0
14078009,20210901,124205000,E.S.E. Hospital San Fernando - Amagá,2.4,GASTOS DE OPERACION COMERCIAL,GASTOS,GASTOS DE OPERACION COMERCIAL,No Aplica,No Aplica,No Aplica,No Aplica,No Aplica,No Aplica,No Aplica,No Aplica,CUENTAS POR PAGAR,ENTIDADES DIFERENTES A ENTIDADES TERRITORIALES - GESTION GENERAL,NO DEFINIDO,NO DEFINIDO,NO DEFINIDO,,,2021,Tercer Trimestre,eje_gasto,,,,NO DEFINIDO,NO DEFINIDO,,,,,,NO DEFINIDO,,,,,,NO DEFINIDO,NO DEFINIDO,NO DEFINIDO,149536328.0,149536328.0,149536328.0
14086752,20210901,124205000,E.S.E. Hospital San Fernando - Amagá,2.1.1.01.01.001.05,AUXILIO DE TRANSPORTE,GASTOS,FUNCIONAMIENTO,GASTOS DE PERSONAL,PLANTA DE PERSONAL PERMANENTE,FACTORES CONSTITUTIVOS DE SALARIO,FACTORES SALARIALES COMUNES,AUXILIO DE TRANSPORTE,No Aplica,No Aplica,No Aplica,VIGENCIA ACTUAL,ENTIDADES DIFERENTES A ENTIDADES TERRITORIALES - GESTION GENERAL,NO DEFINIDO,NO DEFINIDO,SALUD Y PROTECCION SOCIAL,,,2021,Tercer Trimestre,eje_gasto,,,,NO APLICA,1.2.3.2.09 - VENTA DE BIENES Y SERVICIOS,,,,,,NO APLICA,,,,,,CON SITUACION DE FONDOS,NO APLICA,NO DEFINIDO,13601150.0,13601150.0,8380755.0
14105184,20220301,124205000,E.S.E. Hospital San Fernando - Amagá,2.1.1.01.01.001.02,"HORAS EXTRAS, DOMINICALES, FESTIVOS Y RECARGOS",GASTOS,FUNCIONAMIENTO,GASTOS DE PERSONAL,PLANTA DE PERSONAL PERMANENTE,FACTORES CONSTITUTIVOS DE SALARIO,FACTORES SALARIALES COMUNES,"HORAS EXTRAS, DOMINICALES, FESTIVOS Y RECARGOS",No Aplica,No Aplica,No Aplica,VIGENCIA ACTUAL,ENTIDADES DIFERENTES A ENTIDADES TERRITORIALES - UNIDAD DE SALUD,NO DEFINIDO,NO DEFINIDO,SALUD Y PROTECCION SOCIAL,,,2022,Primer Trimestre,eje_gasto,,,,NO APLICA,R.B. VENTA DE BIENES Y SERVICIOS,,,,,,NO APLICA,,,,,,SIN SITUACION DE FONDOS,NO APLICA,NO DEFINIDO,11107306.0,11107306.0,11107306.0
14105347,20220301,124205000,E.S.E. Hospital San Fernando - Amagá,2.1,FUNCIONAMIENTO,GASTOS,FUNCIONAMIENTO,No Aplica,No Aplica,No Aplica,No Aplica,No Aplica,No Aplica,No Aplica,No Aplica,VIGENCIA ACTUAL,ENTIDADES DIFERENTES A ENTIDADES TERRITORIALES - UNIDAD DE SALUD,NO DEFINIDO,NO DEFINIDO,NO DEFINIDO,,,2022,Primer Trimestre,eje_gasto,,,,NO DEFINIDO,NO DEFINIDO,,,,,,NO DEFINIDO,,,,,,NO DEFINIDO,NO DEFINIDO,NO DEFINIDO,391462730.0,391462730.0,391462730.0
14120845,20221201,124205000,E.S.E. Hospital San Fernando - Amagá,2.1.1.01.01.001.06,PRIMA DE SERVICIO,GASTOS,FUNCIONAMIENTO,GASTOS DE PERSONAL,PLANTA DE PERSONAL PERMANENTE,FACTORES CONSTITUTIVOS DE SALARIO,FACTORES SALARIALES COMUNES,PRIMA DE SERVICIO,No Aplica,No Aplica,No Aplica,VIGENCIA ACTUAL,ENTIDADES DIFERENTES A ENTIDADES TERRITORIALES - UNIDAD DE SALUD,NO DEFINIDO,NO DEFINIDO,SALUD Y PROTECCION SOCIAL,,,2022,Cuarto Trimestre,eje_gasto,,,,NO APLICA,R.B. VENTA DE BIENES Y SERVICIOS,,,,,,NO APLICA,,,,,,SIN SITUACION DE FONDOS,NO APLICA,NO DEFINIDO,70371823.0,70371823.0,70371823.0
14121559,20220601,124205000,E.S.E. Hospital San Fernando - Amagá,2.1.1.01.02.001,APORTES A LA SEGURIDAD SOCIAL EN PENSIONES,GASTOS,FUNCIONAMIENTO,GASTOS DE PERSONAL,PLANTA DE PERSONAL PERMANENTE,CONTRIBUCIONES INHERENTES A LA NOMINA,APORTES A LA SEGURIDAD SOCIAL EN PENSIONES,No Aplica,No Aplica,No Aplica,No Aplica,VIGENCIA ACTUAL,ENTIDADES DIFERENTES A ENTIDADES TERRITORIALES - UNIDAD DE SALUD,NO DEFINIDO,NO DEFINIDO,SALUD Y PROTECCION SOCIAL,,,2022,Segundo Trimestre,eje_gasto,,,,NO APLICA,R.B. VENTA DE BIENES Y SERVICIOS,,,,,,NO APLICA,,,,,,SIN SITUACION DE FONDOS,NO APLICA,NO DEFINIDO,101043761.0,101043761.0,100177462.0
14124724,20230601,124205000,E.S.E. Hospital San Fernando - Amagá,2.1.1.01.02.001,APORTES A LA SEGURIDAD SOCIAL EN PENSIONES,GASTOS,FUNCIONAMIENTO,GASTOS DE PERSONAL,PLANTA DE PERSONAL PERMANENTE,CONTRIBUCIONES INHERENTES A LA NOMINA,APORTES A LA SEGURIDAD SOCIAL EN PENSIONES,No Aplica,No Aplica,No Aplica,No Aplica,VIGENCIA ACTUAL,ENTIDADES TERRITORIALES - SALUD,NO DEFINIDO,NO DEFINIDO,SALUD Y PROTECCION SOCIAL,,,2023,Segundo Trimestre,eje_gasto,,,,NO APLICA,R.B. VENTA DE BIENES Y SERVICIOS,,,,,,NO APLICA,,,,,,SIN SITUACION DE FONDOS,NO APLICA,NO DEFINIDO,130727166.0,130727166.0,117327472.0
14125311,20211201,124205000,E.S.E. Hospital San Fernando - Amagá,2.1,FUNCIONAMIENTO,GASTOS,FUNCIONAMIENTO,No Aplica,No Aplica,No Aplica,No Aplica,No Aplica,No Aplica,No Aplica,No Aplica,CUENTAS POR PAGAR,ENTIDADES DIFERENTES A ENTIDADES TERRITORIALES - GESTION GENERAL,NO DEFINIDO,NO DEFINIDO,NO DEFINIDO,,,2021,Cuarto Trimestre,eje_gasto,,,,NO DEFINIDO,NO DEFINIDO,,,,,,NO DEFINIDO,,,,,,NO DEFINIDO,NO DEFINIDO,NO DEFINIDO,924654861.0,924654861.0,713582406.0
14129814,20210601,124205000,E.S.E. Hospital San Fernando - Amagá,2.1.1.01.03.001.03,BONIFICACION ESPECIAL DE RECREACION,GASTOS,FUNCIONAMIENTO,GASTOS DE PERSONAL,PLANTA DE PERSONAL PERMANENTE,REMUNERACIONES NO CONSTITUTIVAS DE FACTOR SALARIAL,PRESTACIONES SOCIALES,BONIFICACION ESPECIAL DE RECREACION,No Aplica,No Aplica,No Aplica,VIGENCIA ACTUAL,ENTIDADES DIFERENTES A ENTIDADES TERRITORIALES - GESTION GENERAL,NO DEFINIDO,NO DEFINIDO,SALUD Y PROTECCION SOCIAL,,,2021,Segundo Trimestre,eje_gasto,,,,NO APLICA,1.2.3.2.09 - VENTA DE BIENES Y SERVICIOS,,,,,,NO APLICA,,,,,,CON SITUACION DE FONDOS,NO APLICA,NO DEFINIDO,2682624.0,2682624.0,1297865.0
14135619,20210601,124205000,E.S.E. Hospital San Fernando - Amagá,2.1.7.01,CESANTIAS,GASTOS,FUNCIONAMIENTO,DISMINUCION DE PASIVOS,CESANTIAS,No Aplica,No Aplica,No Aplica,No Aplica,No Aplica,No Aplica,VIGENCIA ACTUAL,ENTIDADES DIFERENTES A ENTIDADES TERRITORIALES - GESTION GENERAL,NO DEFINIDO,NO DEFINIDO,NO DEFINIDO,,,2021,Segundo Trimestre,eje_gasto,,,,NO DEFINIDO,NO DEFINIDO,,,,,,NO DEFINIDO,,,,,,NO DEFINIDO,NO DEFINIDO,NO DEFINIDO,259971.0,259971.0,0.0
14136800,20210601,124205000,E.S.E. Hospital San Fernando - Amagá,2.1.3.07.02,PRESTACIONES SOCIALES RELACIONADAS CON EL EMPLEO,GASTOS,FUNCIONAMIENTO,TRANSFERENCIAS CORRIENTES,PRESTACIONES PARA CUBRIR RIESGOS SOCIALES,PRESTACIONES SOCIALES RELACIONADAS CON EL EMPLEO,No Aplica,No Aplica,No Aplica,No Aplica,No Aplica,VIGENCIA ACTUAL,ENTIDADES DIFERENTES A ENTIDADES TERRITORIALES - GESTION GENERAL,NO DEFINIDO,NO DEFINIDO,NO DEFINIDO,,,2021,Segundo Trimestre,eje_gasto,,,,NO DEFINIDO,NO DEFINIDO,,,,,,NO DEFINIDO,,,,,,NO DEFINIDO,NO DEFINIDO,NO DEFINIDO,7496071.0,7496071.0,5591887.0
14139828,20220301,124205000,E.S.E. Hospital San Fernando - Amagá,2.1.1.01.02.007,APORTES AL SENA,GASTOS,FUNCIONAMIENTO,GASTOS DE PERSONAL,PLANTA DE PERSONAL PERMANENTE,CONTRIBUCIONES INHERENTES A LA NOMINA,APORTES AL SENA,No Aplica,No Aplica,No Aplica,No Aplica,VIGENCIA ACTUAL,ENTIDADES DIFERENTES A ENTIDADES TERRITORIALES - UNIDAD DE SALUD,NO DEFINIDO,NO DEFINIDO,SALUD Y PROTECCION SOCIAL,,,2022,Primer Trimestre,eje_gasto,,,,NO APLICA,R.B. VENTA DE BIENES Y SERVICIOS,,,,,,NO APLICA,,,,,,SIN SITUACION DE FONDOS,NO APLICA,NO DEFINIDO,5315000.0,5315000.0,5315000.0
14143307,20211201,124205000,E.S.E. Hospital San Fernando - Amagá,2.4,GASTOS DE OPERACION COMERCIAL,GASTOS,GASTOS DE OPERACION COMERCIAL,No Aplica,No Aplica,No Aplica,No Aplica,No Aplica,No Aplica,No Aplica,No Aplica,VIGENCIA ACTUAL,ENTIDADES DIFERENTES A ENTIDADES TERRITORIALES - GESTION GENERAL,NO DEFINIDO,NO DEFINIDO,NO DEFINIDO,,,2021,Cuarto Trimestre,eje_gasto,,,,NO DEFINIDO,NO DEFINIDO,,,,,,NO DEFINIDO,,,,,,NO DEFINIDO,NO DEFINIDO,NO DEFINIDO,815117105.0,815117105.0,271286115.0
14153346,20210601,124205000,E.S.E. Hospital San Fernando - Amagá,2.1.1.01.01.001.02,"HORAS EXTRAS, DOMINICALES, FESTIVOS Y RECARGOS",GASTOS,FUNCIONAMIENTO,GASTOS DE PERSONAL,PLANTA DE PERSONAL PERMANENTE,FACTORES CONSTITUTIVOS DE SALARIO,FACTORES SALARIALES COMUNES,"HORAS EXTRAS, DOMINICALES, FESTIVOS Y RECARGOS",No Aplica,No Aplica,No Aplica,VIGENCIA ACTUAL,ENTIDADES DIFERENTES A ENTIDADES TERRITORIALES - GESTION GENERAL,NO DEFINIDO,NO DEFINIDO,SALUD Y PROTECCION SOCIAL,,,2021,Segundo Trimestre,eje_gasto,,,,NO APLICA,1.2.3.3.05 - SUBVENCIONES,,,,,,NO APLICA,,,,,,CON SITUACION DE FONDOS,NO APLICA,NO DEFINIDO,101302985.0,101299985.0,57588360.0
14156518,20210301,124205000,E.S.E. Hospital San Fernando - Amagá,2.1.1.01.01.001.02,"HORAS EXTRAS, DOMINICALES, FESTIVOS Y RECARGOS",GASTOS,FUNCIONAMIENTO,GASTOS DE PERSONAL,PLANTA DE PERSONAL PERMANENTE,FACTORES CONSTITUTIVOS DE SALARIO,FACTORES SALARIALES COMUNES,"HORAS EXTRAS, DOMINICALES, FESTIVOS Y RECARGOS",No Aplica,No Aplica,No Aplica,VIGENCIA ACTUAL,ENTIDADES DIFERENTES A ENTIDADES TERRITORIALES - GESTION GENERAL,NO DEFINIDO,NO DEFINIDO,SALUD Y PROTECCION SOCIAL,,,2021,Primer Trimestre,eje_gasto,,,,NO APLICA,1.2.3.3.05 - SUBVENCIONES,,,,,,NO APLICA,,,,,,CON SITUACION DE FONDOS,NO APLICA,NO DEFINIDO,46502549.0,46502549.0,24247940.0
14158549,20211201,124205000,E.S.E. Hospital San Fernando - Amagá,2.1.8.04.07,CONTRIBUCION DE VIGILANCIA - SUPERINTENDENCIA NACIONAL DE SALUD,GASTOS,FUNCIONAMIENTO,"GASTOS POR TRIBUTOS, TASAS, CONTRIBUCIONES, MULTAS, SANCIONES E INTERESES DE MORA",CONTRIBUCIONES,CONTRIBUCION DE VIGILANCIA - SUPERINTENDENCIA NACIONAL DE SALUD,No Aplica,No Aplica,No Aplica,No Aplica,No Aplica,VIGENCIA ACTUAL,ENTIDADES DIFERENTES A ENTIDADES TERRITORIALES - GESTION GENERAL,NO DEFINIDO,NO DEFINIDO,SALUD Y PROTECCION SOCIAL,,,2021,Cuarto Trimestre,eje_gasto,,,,NO APLICA,OTRAS CONTRIBUCIONES CON DESTINACION ESPECIFICA LEGAL,,,,,,NO APLICA,,,,,,CON SITUACION DE FONDOS,NO APLICA,NO DEFINIDO,5987314.0,5987314.0,5987314.0
14161619,20210301,124205000,E.S.E. Hospital San Fernando - Amagá,2.1.1.01.02.003,APORTES DE CESANTIAS,GASTOS,FUNCIONAMIENTO,GASTOS DE PERSONAL,PLANTA DE PERSONAL PERMANENTE,CONTRIBUCIONES INHERENTES A LA NOMINA,APORTES DE CESANTIAS,No Aplica,No Aplica,No Aplica,No Aplica,VIGENCIA ACTUAL,ENTIDADES DIFERENTES A ENTIDADES TERRITORIALES - GESTION GENERAL,NO DEFINIDO,NO DEFINIDO,SALUD Y PROTECCION SOCIAL,,,2021,Primer Trimestre,eje_gasto,,,,NO APLICA,1.2.3.2.09 - VENTA DE BIENES Y SERVICIOS,,,,,,NO APLICA,,,,,,CON SITUACION DE FONDOS,NO APLICA,NO DEFINIDO,689356.0,689356.0,0.0
14165172,20210601,124205000,E.S.E. Hospital San Fernando - Amagá,2.1.1.01.01,FACTORES CONSTITUTIVOS DE SALARIO,GASTOS,FUNCIONAMIENTO,GASTOS DE PERSONAL,PLANTA DE PERSONAL PERMANENTE,FACTORES CONSTITUTIVOS DE SALARIO,No Aplica,No Aplica,No Aplica,No Aplica,No Aplica,CUENTAS POR PAGAR,ENTIDADES DIFERENTES A ENTIDADES TERRITORIALES - GESTION GENERAL,NO DEFINIDO,NO DEFINIDO,NO DEFINIDO,,,2021,Segundo Trimestre,eje_gasto,,,,NO DEFINIDO,NO DEFINIDO,,,,,,NO DEFINIDO,,,,,,NO DEFINIDO,NO DEFINIDO,NO DEFINIDO,535151191.0,524788334.0,314695951.0
14165436,20211201,124205000,E.S.E. Hospital San Fernando - Amagá,2.4.5.02,ADQUISICION DE SERVICIOS,GASTOS,GASTOS DE OPERACION COMERCIAL,GASTOS DE COMERCIALIZACION Y PRODUCCION,ADQUISICION DE SERVICIOS,No Aplica,No Aplica,No Aplica,No Aplica,No Aplica,No Aplica,CUENTAS POR PAGAR,ENTIDADES DIFERENTES A ENTIDADES TERRITORIALES - GESTION GENERAL,NO DEFINIDO,NO DEFINIDO,NO DEFINIDO,,,2021,Cuarto Trimestre,eje_gasto,,,,NO DEFINIDO,NO DEFINIDO,,,,,,NO DEFINIDO,,,,,,NO DEFINIDO,NO DEFINIDO,NO DEFINIDO,333516598.0,333516598.0,315099884.0
14165898,20210301,124205000,E.S.E. Hospital San Fernando - Amagá,2.1.1.01.01,FACTORES CONSTITUTIVOS DE SALARIO,GASTOS,FUNCIONAMIENTO,GASTOS DE PERSONAL,PLANTA DE PERSONAL PERMANENTE,FACTORES CONSTITUTIVOS DE SALARIO,No Aplica,No Aplica,No Aplica,No Aplica,No Aplica,VIGENCIA ACTUAL,ENTIDADES DIFERENTES A ENTIDADES TERRITORIALES - GESTION GENERAL,NO DEFINIDO,NO DEFINIDO,NO DEFINIDO,,,2021,Primer Trimestre,eje_gasto,,,,NO DEFINIDO,NO DEFINIDO,,,,,,NO DEFINIDO,,,,,,NO DEFINIDO,NO DEFINIDO,NO DEFINIDO,474634558.0,474634558.0,154493397.0
14175580,20210901,124205000,E.S.E. Hospital San Fernando - Amagá,2.1.2.02,ADQUISICIONES DIFERENTES DE ACTIVOS,GASTOS,FUNCIONAMIENTO,ADQUISICION DE BIENES Y SERVICIOS,ADQUISICIONES DIFERENTES DE ACTIVOS,No Aplica,No Aplica,No Aplica,No Aplica,No Aplica,No Aplica,VIGENCIA ACTUAL,ENTIDADES DIFERENTES A ENTIDADES TERRITORIALES - GESTION GENERAL,NO DEFINIDO,NO DEFINIDO,NO DEFINIDO,,,2021,Tercer Trimestre,eje_gasto,,,,NO DEFINIDO,NO DEFINIDO,,,,,,NO DEFINIDO,,,,,,NO DEFINIDO,NO DEFINIDO,NO DEFINIDO,1386919888.0,1138907015.0,903755582.0
14177030,20210901,124205000,E.S.E. Hospital San Fernando - Amagá,2.1.1.01.01,FACTORES CONSTITUTIVOS DE SALARIO,GASTOS,FUNCIONAMIENTO,GASTOS DE PERSONAL,PLANTA DE PERSONAL PERMANENTE,FACTORES CONSTITUTIVOS DE SALARIO,No Aplica,No Aplica,No Aplica,No Aplica,No Aplica,CUENTAS POR PAGAR,ENTIDADES DIFERENTES A ENTIDADES TERRITORIALES - GESTION GENERAL,NO DEFINIDO,NO DEFINIDO,NO DEFINIDO,,,2021,Tercer Trimestre,eje_gasto,,,,NO DEFINIDO,NO DEFINIDO,,,,,,NO DEFINIDO,,,,,,NO DEFINIDO,NO DEFINIDO,NO DEFINIDO,540212705.0,540212705.0,342917463.0
14195197,20210601,124205000,E.S.E. Hospital San Fernando - Amagá,2.4.5.02.08,SERVICIOS PRESTADOS A LAS EMPRESAS Y SERVICIOS DE PRODUCCION,GASTOS,GASTOS DE OPERACION COMERCIAL,GASTOS DE COMERCIALIZACION Y PRODUCCION,ADQUISICION DE SERVICIOS,SERVICIOS PRESTADOS A LAS EMPRESAS Y SERVICIOS DE PRODUCCION,No Aplica,No Aplica,No Aplica,No Aplica,No Aplica,VIGENCIA ACTUAL,ENTIDADES DIFERENTES A ENTIDADES TERRITORIALES - GESTION GENERAL,NO DEFINIDO,NO DEFINIDO,SALUD Y PROTECCION SOCIAL,,,2021,Segundo Trimestre,eje_gasto,,,,97990 - OTROS SERVICIOS DIVERSOS N.C.P.,1.2.3.2.09 - VENTA DE BIENES Y SERVICIOS,,,,,,NO APLICA,,,,,,CON SITUACION DE FONDOS,NO APLICA,NO DEFINIDO,3335575.0,3335575.0,1949548.0
14196383,20210601,124205000,E.S.E. Hospital San Fernando - Amagá,2.4.5.02,ADQUISICION DE SERVICIOS,GASTOS,GASTOS DE OPERACION COMERCIAL,GASTOS DE COMERCIALIZACION Y PRODUCCION,ADQUISICION DE SERVICIOS,No Aplica,No Aplica,No Aplica,No Aplica,No Aplica,No Aplica,VIGENCIA ACTUAL,ENTIDADES DIFERENTES A ENTIDADES TERRITORIALES - GESTION GENERAL,NO DEFINIDO,NO DEFINIDO,NO DEFINIDO,,,2021,Segundo Trimestre,eje_gasto,,,,NO DEFINIDO,NO DEFINIDO,,,,,,NO DEFINIDO,,,,,,NO DEFINIDO,NO DEFINIDO,NO DEFINIDO,23351175.0,23351175.0,5092648.0
14196820,20211201,124205000,E.S.E. Hospital San Fernando - Amagá,2.1.3.07.02,PRESTACIONES SOCIALES RELACIONADAS CON EL EMPLEO,GASTOS,FUNCIONAMIENTO,TRANSFERENCIAS CORRIENTES,PRESTACIONES PARA CUBRIR RIESGOS SOCIALES,PRESTACIONES SOCIALES RELACIONADAS CON EL EMPLEO,No Aplica,No Aplica,No Aplica,No Aplica,No Aplica,VIGENCIA ACTUAL,ENTIDADES DIFERENTES A ENTIDADES TERRITORIALES - GESTION GENERAL,NO DEFINIDO,NO DEFINIDO,NO DEFINIDO,,,2021,Cuarto Trimestre,eje_gasto,,,,NO DEFINIDO,NO DEFINIDO,,,,,,NO DEFINIDO,,,,,,NO DEFINIDO,NO DEFINIDO,NO DEFINIDO,4425774.0,4425774.0,4425774.0
14197085,20211201,124205000,E.S.E. Hospital San Fernando - Amagá,2.1.1.01.01,FACTORES CONSTITUTIVOS DE SALARIO,GASTOS,FUNCIONAMIENTO,GASTOS DE PERSONAL,PLANTA DE PERSONAL PERMANENTE,FACTORES CONSTITUTIVOS DE SALARIO,No Aplica,No Aplica,No Aplica,No Aplica,No Aplica,VIGENCIA ACTUAL,ENTIDADES DIFERENTES A ENTIDADES TERRITORIALES - GESTION GENERAL,NO DEFINIDO,NO DEFINIDO,NO DEFINIDO,,,2021,Cuarto Trimestre,eje_gasto,,,,NO DEFINIDO,NO DEFINIDO,,,,,,NO DEFINIDO,,,,,,NO DEFINIDO,NO DEFINIDO,NO DEFINIDO,2110388364.0,2110388364.0,1422551247.0
14202335,20220301,124205000,E.S.E. Hospital San Fernando - Amagá,2.1.1,GASTOS DE PERSONAL,GASTOS,FUNCIONAMIENTO,GASTOS DE PERSONAL,No Aplica,No Aplica,No Aplica,No Aplica,No Aplica,No Aplica,No Aplica,VIGENCIA ACTUAL,ENTIDADES DIFERENTES A ENTIDADES TERRITORIALES - UNIDAD DE SALUD,NO DEFINIDO,NO DEFINIDO,NO DEFINIDO,,,2022,Primer Trimestre,eje_gasto,,,,NO DEFINIDO,NO DEFINIDO,,,,,,NO DEFINIDO,,,,,,NO DEFINIDO,NO DEFINIDO,NO DEFINIDO,215201281.0,215201281.0,215201281.0
14205161,20211201,124205000,E.S.E. Hospital San Fernando - Amagá,2.1.2.02.01.001,"MINERALES, ELECTRICIDAD, GAS Y AGUA",GASTOS,FUNCIONAMIENTO,ADQUISICION DE BIENES Y SERVICIOS,ADQUISICIONES DIFERENTES DE ACTIVOS,MATERIALES Y SUMINISTROS,"MINERALES, ELECTRICIDAD, GAS Y AGUA",No Aplica,No Aplica,No Aplica,No Aplica,VIGENCIA ACTUAL,ENTIDADES DIFERENTES A ENTIDADES TERRITORIALES - GESTION GENERAL,NO DEFINIDO,NO DEFINIDO,SALUD Y PROTECCION SOCIAL,,,2021,Cuarto Trimestre,eje_gasto,,,,SERVICIOS DE DISTRIBUCION DE AGUA EXCEPTO A TRAVES DE LA RED A COMISION O POR CONTRATO,OTRAS CONTRIBUCIONES CON DESTINACION ESPECIFICA LEGAL,,,,,,NO APLICA,,,,,,CON SITUACION DE FONDOS,NO APLICA,NO DEFINIDO,90805134.0,90805134.0,86300101.0
14215257,20220901,124205000,E.S.E. Hospital San Fernando - Amagá,2.1.2.02.02.006,"COMERCIO Y DISTRIBUCION; ALOJAMIENTO; SERVICIOS DE SUMINISTRO DE COMIDAS Y BEBIDAS; SERVICIOS DE TRANSPORTE; Y SERVICIOS DE DISTRIBUCION DE ELECTRICIDAD, GAS Y AGUA",GASTOS,FUNCIONAMIENTO,ADQUISICION DE BIENES Y SERVICIOS,ADQUISICIONES DIFERENTES DE ACTIVOS,ADQUISICION DE SERVICIOS,"COMERCIO Y DISTRIBUCION; ALOJAMIENTO; SERVICIOS DE SUMINISTRO DE COMIDAS Y BEBIDAS; SERVICIOS DE TRANSPORTE; Y SERVICIOS DE DISTRIBUCION DE ELECTRICIDAD, GAS Y AGUA",No Aplica,No Aplica,No Aplica,No Aplica,VIGENCIA ACTUAL,ENTIDADES DIFERENTES A ENTIDADES TERRITORIALES - UNIDAD DE SALUD,NO DEFINIDO,NO DEFINIDO,SALUD Y PROTECCION SOCIAL,,,2022,Tercer Trimestre,eje_gasto,,,,SERVICIOS DE SEGUROS SOCIALES DE SALUD,R.B. VENTA DE BIENES Y SERVICIOS,,,,,,NO APLICA,,,,,,SIN SITUACION DE FONDOS,NO APLICA,NO DEFINIDO,1705988.0,1705988.0,1705988.0
14217992,20230601,124205000,E.S.E. Hospital San Fernando - Amagá,2.1.1.01.02.006,APORTES AL ICBF,GASTOS,FUNCIONAMIENTO,GASTOS DE PERSONAL,PLANTA DE PERSONAL PERMANENTE,CONTRIBUCIONES INHERENTES A LA NOMINA,APORTES AL ICBF,No Aplica,No Aplica,No Aplica,No Aplica,VIGENCIA ACTUAL,ENTIDADES TERRITORIALES - SALUD,NO DEFINIDO,NO DEFINIDO,SALUD Y PROTECCION SOCIAL,,,2023,Segundo Trimestre,eje_gasto,,,,NO APLICA,R.B. VENTA DE BIENES Y SERVICIOS,,,,,,NO APLICA,,,,,,SIN SITUACION DE FONDOS,NO APLICA,NO DEFINIDO,32444500.0,32444500.0,28959900.0
14243268,20230601,124205000,E.S.E. Hospital San Fernando - Amagá,2.4,GASTOS DE OPERACION COMERCIAL,GASTOS,GASTOS DE OPERACION COMERCIAL,No Aplica,No Aplica,No Aplica,No Aplica,No Aplica,No Aplica,No Aplica,No Aplica,VIGENCIA ACTUAL,ENTIDADES TERRITORIALES - SALUD,NO DEFINIDO,NO DEFINIDO,NO DEFINIDO,,,2023,Segundo Trimestre,eje_gasto,,,,NO DEFINIDO,NO DEFINIDO,,,,,,NO DEFINIDO,,,,,,NO DEFINIDO,NO DEFINIDO,NO DEFINIDO,390076505.0,390066505.0,333048503.0
14248256,20210301,124205000,E.S.E. Hospital San Fernando - Amagá,2,GASTOS,GASTOS,No Aplica,No Aplica,No Aplica,No Aplica,No Aplica,No Aplica,No Aplica,No Aplica,No Aplica,VIGENCIA ACTUAL,ENTIDADES DIFERENTES A ENTIDADES TERRITORIALES - GESTION GENERAL,NO DEFINIDO,NO DEFINIDO,NO DEFINIDO,,,2021,Primer Trimestre,eje_gasto,,,,NO DEFINIDO,NO DEFINIDO,,,,,,NO DEFINIDO,,,,,,NO DEFINIDO,NO DEFINIDO,NO DEFINIDO,1426690436.0,1133015243.0,421717919.0
14249328,20220601,124205000,E.S.E. Hospital San Fernando - Amagá,2.4.5.01.03,"OTROS BIENES TRANSPORTABLES EXCEPTO PRODUCTOS METALICOS, MAQUINARIA Y EQUIPO",GASTOS,GASTOS DE OPERACION COMERCIAL,GASTOS DE COMERCIALIZACION Y PRODUCCION,MATERIALES Y SUMINISTROS,"OTROS BIENES TRANSPORTABLES EXCEPTO PRODUCTOS METALICOS, MAQUINARIA Y EQUIPO",No Aplica,No Aplica,No Aplica,No Aplica,No Aplica,VIGENCIA ACTUAL,ENTIDADES DIFERENTES A ENTIDADES TERRITORIALES - UNIDAD DE SALUD,NO DEFINIDO,NO DEFINIDO,SALUD Y PROTECCION SOCIAL,,,2022,Segundo Trimestre,eje_gasto,,,,SERVICIOS DE SEGUROS SOCIALES DE SALUD,R.B. VENTA DE BIENES Y SERVICIOS,,,,,,NO APLICA,,,,,,SIN SITUACION DE FONDOS,NO APLICA,NO DEFINIDO,402853062.0,376587948.0,210525391.0
14251525,20220301,124205000,E.S.E. Hospital San Fernando - Amagá,2.1.1.01.02.006,APORTES AL ICBF,GASTOS,FUNCIONAMIENTO,GASTOS DE PERSONAL,PLANTA DE PERSONAL PERMANENTE,CONTRIBUCIONES INHERENTES A LA NOMINA,APORTES AL ICBF,No Aplica,No Aplica,No Aplica,No Aplica,VIGENCIA ACTUAL,ENTIDADES DIFERENTES A ENTIDADES TERRITORIALES - UNIDAD DE SALUD,NO DEFINIDO,NO DEFINIDO,SALUD Y PROTECCION SOCIAL,,,2022,Primer Trimestre,eje_gasto,,,,NO APLICA,R.B. VENTA DE BIENES Y SERVICIOS,,,,,,NO APLICA,,,,,,SIN SITUACION DE FONDOS,NO APLICA,NO DEFINIDO,7970900.0,7970900.0,7970900.0
14256468,20210301,124205000,E.S.E. Hospital San Fernando - Amagá,2.1,FUNCIONAMIENTO,GASTOS,FUNCIONAMIENTO,No Aplica,No Aplica,No Aplica,No Aplica,No Aplica,No Aplica,No Aplica,No Aplica,CUENTAS POR PAGAR,ENTIDADES DIFERENTES A ENTIDADES TERRITORIALES - GESTION GENERAL,NO DEFINIDO,NO DEFINIDO,NO DEFINIDO,,,2021,Primer Trimestre,eje_gasto,,,,NO DEFINIDO,NO DEFINIDO,,,,,,NO DEFINIDO,,,,,,NO DEFINIDO,NO DEFINIDO,NO DEFINIDO,823381392.0,823381392.0,427423862.0
14256561,20220301,124205000,E.S.E. Hospital San Fernando - Amagá,2.1.1.01.01.001.08.01,PRIMA DE NAVIDAD,GASTOS,FUNCIONAMIENTO,GASTOS DE PERSONAL,PLANTA DE PERSONAL PERMANENTE,FACTORES CONSTITUTIVOS DE SALARIO,FACTORES SALARIALES COMUNES,PRESTACIONES SOCIALES,PRIMA DE NAVIDAD,No Aplica,No Aplica,VIGENCIA ACTUAL,ENTIDADES DIFERENTES A ENTIDADES TERRITORIALES - UNIDAD DE SALUD,NO DEFINIDO,NO DEFINIDO,SALUD Y PROTECCION SOCIAL,,,2022,Primer Trimestre,eje_gasto,,,,NO APLICA,R.B. VENTA DE BIENES Y SERVICIOS,,,,,,NO APLICA,,,,,,SIN SITUACION DE FONDOS,NO APLICA,NO DEFINIDO,7692529.0,7692529.0,7692529.0
14271534,20210901,124205000,E.S.E. Hospital San Fernando - Amagá,2.1.2.02.01.003,"OTROS BIENES TRANSPORTABLES EXCEPTO PRODUCTOS METALICOS, MAQUINARIA Y EQUIPO",GASTOS,FUNCIONAMIENTO,ADQUISICION DE BIENES Y SERVICIOS,ADQUISICIONES DIFERENTES DE ACTIVOS,MATERIALES Y SUMINISTROS,"OTROS BIENES TRANSPORTABLES EXCEPTO PRODUCTOS METALICOS, MAQUINARIA Y EQUIPO",No Aplica,No Aplica,No Aplica,No Aplica,VIGENCIA ACTUAL,ENTIDADES DIFERENTES A ENTIDADES TERRITORIALES - GESTION GENERAL,NO DEFINIDO,NO DEFINIDO,SALUD Y PROTECCION SOCIAL,,,2021,Tercer Trimestre,eje_gasto,,,,"62251 - COMERCIO AL POR MENOR DE LIBROS, PERIÓDICOS, REVISTAS Y ARTÍCULOS DE PAPELERÍA EN ESTABLECIMIENTOS ESPECIALIZADOS",1.2.3.2.09 - VENTA DE BIENES Y SERVICIOS,,,,,,NO APLICA,,,,,,CON SITUACION DE FONDOS,NO APLICA,NO DEFINIDO,75036817.0,75036817.0,54083835.0
14273295,20220301,124205000,E.S.E. Hospital San Fernando - Amagá,2.1.1.01.01.001.04,SUBSIDIO DE ALIMENTACION,GASTOS,FUNCIONAMIENTO,GASTOS DE PERSONAL,PLANTA DE PERSONAL PERMANENTE,FACTORES CONSTITUTIVOS DE SALARIO,FACTORES SALARIALES COMUNES,SUBSIDIO DE ALIMENTACION,No Aplica,No Aplica,No Aplica,VIGENCIA ACTUAL,ENTIDADES DIFERENTES A ENTIDADES TERRITORIALES - UNIDAD DE SALUD,NO DEFINIDO,NO DEFINIDO,SALUD Y PROTECCION SOCIAL,,,2022,Primer Trimestre,eje_gasto,,,,NO APLICA,R.B. VENTA DE BIENES Y SERVICIOS,,,,,,NO APLICA,,,,,,SIN SITUACION DE FONDOS,NO APLICA,NO DEFINIDO,1707762.0,1707762.0,1707762.0
14276276,20210601,124205000,E.S.E. Hospital San Fernando - Amagá,2,GASTOS,GASTOS,No Aplica,No Aplica,No Aplica,No Aplica,No Aplica,No Aplica,No Aplica,No Aplica,No Aplica,CUENTAS POR PAGAR,ENTIDADES DIFERENTES A ENTIDADES TERRITORIALES - GESTION GENERAL,NO DEFINIDO,NO DEFINIDO,NO DEFINIDO,,,2021,Segundo Trimestre,eje_gasto,,,,NO DEFINIDO,NO DEFINIDO,,,,,,NO DEFINIDO,,,,,,NO DEFINIDO,NO DEFINIDO,NO DEFINIDO,828715423.0,818179316.0,584389069.0
14276900,20211201,124205000,E.S.E. Hospital San Fernando - Amagá,2.4,GASTOS DE OPERACION COMERCIAL,GASTOS,GASTOS DE OPERACION COMERCIAL,No Aplica,No Aplica,No Aplica,No Aplica,No Aplica,No Aplica,No Aplica,No Aplica,CUENTAS POR PAGAR,ENTIDADES DIFERENTES A ENTIDADES TERRITORIALES - GESTION GENERAL,NO DEFINIDO,NO DEFINIDO,NO DEFINIDO,,,2021,Cuarto Trimestre,eje_gasto,,,,NO DEFINIDO,NO DEFINIDO,,,,,,NO DEFINIDO,,,,,,NO DEFINIDO,NO DEFINIDO,NO DEFINIDO,348263400.0,348263400.0,329846686.0
14281594,20210301,124205000,E.S.E. Hospital San Fernando - Amagá,2.1.7.01.02,CESANTIAS PARCIALES,GASTOS,FUNCIONAMIENTO,DISMINUCION DE PASIVOS,CESANTIAS,CESANTIAS PARCIALES,No Aplica,No Aplica,No Aplica,No Aplica,No Aplica,VIGENCIA ACTUAL,ENTIDADES DIFERENTES A ENTIDADES TERRITORIALES - GESTION GENERAL,NO DEFINIDO,NO DEFINIDO,SALUD Y PROTECCION SOCIAL,,,2021,Primer Trimestre,eje_gasto,,,,NO APLICA,1.2.3.2.09 - VENTA DE BIENES Y SERVICIOS,,,,,,NO APLICA,,,,,,CON SITUACION DE FONDOS,NO APLICA,NO DEFINIDO,11949.0,11949.0,0.0
14281636,20220301,124205000,E.S.E. Hospital San Fernando - Amagá,2.1.2.02.01.003,"OTROS BIENES TRANSPORTABLES EXCEPTO PRODUCTOS METALICOS, MAQUINARIA Y EQUIPO",GASTOS,FUNCIONAMIENTO,ADQUISICION DE BIENES Y SERVICIOS,ADQUISICIONES DIFERENTES DE ACTIVOS,MATERIALES Y SUMINISTROS,"OTROS BIENES TRANSPORTABLES EXCEPTO PRODUCTOS METALICOS, MAQUINARIA Y EQUIPO",No Aplica,No Aplica,No Aplica,No Aplica,VIGENCIA ACTUAL,ENTIDADES DIFERENTES A ENTIDADES TERRITORIALES - UNIDAD DE SALUD,NO DEFINIDO,NO DEFINIDO,SALUD Y PROTECCION SOCIAL,,,2022,Primer Trimestre,eje_gasto,,,,SERVICIOS DE LA ADMINISTRACION PUBLICA RELACIONADOS CON LA SALUD,R.B. VENTA DE BIENES Y SERVICIOS,,,,,,NO APLICA,,,,,,SIN SITUACION DE FONDOS,NO APLICA,NO DEFINIDO,5266080.0,5266080.0,5266080.0
14309961,20220601,124205000,E.S.E. Hospital San Fernando - Amagá,2.1.3.07.02.001,MESADAS PENSIONALES DE PENSIONES,GASTOS,FUNCIONAMIENTO,TRANSFERENCIAS CORRIENTES,PRESTACIONES PARA CUBRIR RIESGOS SOCIALES,PRESTACIONES SOCIALES RELACIONADAS CON EL EMPLEO,MESADAS PENSIONALES DE PENSIONES,No Aplica,No Aplica,No Aplica,No Aplica,VIGENCIA ACTUAL,ENTIDADES DIFERENTES A ENTIDADES TERRITORIALES - UNIDAD DE SALUD,NO DEFINIDO,NO DEFINIDO,NO DEFINIDO,,,2022,Segundo Trimestre,eje_gasto,,,,NO DEFINIDO,NO DEFINIDO,,,,,,NO DEFINIDO,,,,,,NO DEFINIDO,NO DEFINIDO,NO DEFINIDO,7039200.0,7039200.0,5028000.0
14312559,20211201,124205000,E.S.E. Hospital San Fernando - Amagá,2.1.2.02.02.006,"COMERCIO Y DISTRIBUCION; ALOJAMIENTO; SERVICIOS DE SUMINISTRO DE COMIDAS Y BEBIDAS; SERVICIOS DE TRANSPORTE; Y SERVICIOS DE DISTRIBUCION DE ELECTRICIDAD, GAS Y AGUA",GASTOS,FUNCIONAMIENTO,ADQUISICION DE BIENES Y SERVICIOS,ADQUISICIONES DIFERENTES DE ACTIVOS,ADQUISICION DE SERVICIOS,"COMERCIO Y DISTRIBUCION; ALOJAMIENTO; SERVICIOS DE SUMINISTRO DE COMIDAS Y BEBIDAS; SERVICIOS DE TRANSPORTE; Y SERVICIOS DE DISTRIBUCION DE ELECTRICIDAD, GAS Y AGUA",No Aplica,No Aplica,No Aplica,No Aplica,CUENTAS POR PAGAR,ENTIDADES DIFERENTES A ENTIDADES TERRITORIALES - GESTION GENERAL,NO DEFINIDO,NO DEFINIDO,SALUD Y PROTECCION SOCIAL,,,2021,Cuarto Trimestre,eje_gasto,,,,SERVICIOS DE TRANSPORTE POR CARRETERA DE CORRESPONDENCIA Y PAQUETES,OTRAS CONTRIBUCIONES CON DESTINACION ESPECIFICA LEGAL,,,,,,NO APLICA,,,,,,CON SITUACION DE FONDOS,NO APLICA,NO DEFINIDO,37737781.0,37737781.0,34887219.0
14321621,20210901,124205000,E.S.E. Hospital San Fernando - Amagá,2.1.1.01.01.001.06,PRIMA DE SERVICIO,GASTOS,FUNCIONAMIENTO,GASTOS DE PERSONAL,PLANTA DE PERSONAL PERMANENTE,FACTORES CONSTITUTIVOS DE SALARIO,FACTORES SALARIALES COMUNES,PRIMA DE SERVICIO,No Aplica,No Aplica,No Aplica,VIGENCIA ACTUAL,ENTIDADES DIFERENTES A ENTIDADES TERRITORIALES - GESTION GENERAL,NO DEFINIDO,NO DEFINIDO,SALUD Y PROTECCION SOCIAL,,,2021,Tercer Trimestre,eje_gasto,,,,NO APLICA,1.2.3.2.09 - VENTA DE BIENES Y SERVICIOS,,,,,,NO APLICA,,,,,,CON SITUACION DE FONDOS,NO APLICA,NO DEFINIDO,65700749.0,65700749.0,41241206.0
14321705,20221201,124205000,E.S.E. Hospital San Fernando - Amagá,2.1.2.02,ADQUISICIONES DIFERENTES DE ACTIVOS,GASTOS,FUNCIONAMIENTO,ADQUISICION DE BIENES Y SERVICIOS,ADQUISICIONES DIFERENTES DE ACTIVOS,No Aplica,No Aplica,No Aplica,No Aplica,No Aplica,No Aplica,VIGENCIA ACTUAL,ENTIDADES DIFERENTES A ENTIDADES TERRITORIALES - UNIDAD DE SALUD,NO DEFINIDO,NO DEFINIDO,NO DEFINIDO,,,2022,Cuarto Trimestre,eje_gasto,,,,NO DEFINIDO,NO DEFINIDO,,,,,,NO DEFINIDO,,,,,,NO DEFINIDO,NO DEFINIDO,NO DEFINIDO,2059231941.0,2010126588.0,1810213432.0
14321874,20211201,124205000,E.S.E. Hospital San Fernando - Amagá,2.1.1.01.02.002,APORTES A LA SEGURIDAD SOCIAL EN SALUD,GASTOS,FUNCIONAMIENTO,GASTOS DE PERSONAL,PLANTA DE PERSONAL PERMANENTE,CONTRIBUCIONES INHERENTES A LA NOMINA,APORTES A LA SEGURIDAD SOCIAL EN SALUD,No Aplica,No Aplica,No Aplica,No Aplica,VIGENCIA ACTUAL,ENTIDADES DIFERENTES A ENTIDADES TERRITORIALES - GESTION GENERAL,NO DEFINIDO,NO DEFINIDO,SALUD Y PROTECCION SOCIAL,,,2021,Cuarto Trimestre,eje_gasto,,,,NO APLICA,OTRAS CONTRIBUCIONES CON DESTINACION ESPECIFICA LEGAL,,,,,,NO APLICA,,,,,,CON SITUACION DE FONDOS,NO APLICA,NO DEFINIDO,145637237.0,145637237.0,133745657.0
14324703,20220901,124205000,E.S.E. Hospital San Fernando - Amagá,2.1.1.01.02,CONTRIBUCIONES INHERENTES A LA NOMINA,GASTOS,FUNCIONAMIENTO,GASTOS DE PERSONAL,PLANTA DE PERSONAL PERMANENTE,CONTRIBUCIONES INHERENTES A LA NOMINA,No Aplica,No Aplica,No Aplica,No Aplica,No Aplica,VIGENCIA ACTUAL,ENTIDADES DIFERENTES A ENTIDADES TERRITORIALES - UNIDAD DE SALUD,NO DEFINIDO,NO DEFINIDO,NO DEFINIDO,,,2022,Tercer Trimestre,eje_gasto,,,,NO DEFINIDO,NO DEFINIDO,,,,,,NO DEFINIDO,,,,,,NO DEFINIDO,NO DEFINIDO,NO DEFINIDO,416820530.0,416820530.0,407346133.0
14324816,20210901,124205000,E.S.E. Hospital San Fernando - Amagá,2.1.3.07.02,PRESTACIONES SOCIALES RELACIONADAS CON EL EMPLEO,GASTOS,FUNCIONAMIENTO,TRANSFERENCIAS CORRIENTES,PRESTACIONES PARA CUBRIR RIESGOS SOCIALES,PRESTACIONES SOCIALES RELACIONADAS CON EL EMPLEO,No Aplica,No Aplica,No Aplica,No Aplica,No Aplica,VIGENCIA ACTUAL,ENTIDADES DIFERENTES A ENTIDADES TERRITORIALES - GESTION GENERAL,NO DEFINIDO,NO DEFINIDO,NO DEFINIDO,,,2021,Tercer Trimestre,eje_gasto,,,,NO DEFINIDO,NO DEFINIDO,,,,,,NO DEFINIDO,,,,,,NO DEFINIDO,NO DEFINIDO,NO DEFINIDO,2929232.0,2929232.0,2749638.0
14331758,20220901,124205000,E.S.E. Hospital San Fernando - Amagá,2.4.5,GASTOS DE COMERCIALIZACION Y PRODUCCION,GASTOS,GASTOS DE OPERACION COMERCIAL,GASTOS DE COMERCIALIZACION Y PRODUCCION,No Aplica,No Aplica,No Aplica,No Aplica,No Aplica,No Aplica,No Aplica,VIGENCIA ACTUAL,ENTIDADES DIFERENTES A ENTIDADES TERRITORIALES - UNIDAD DE SALUD,NO DEFINIDO,NO DEFINIDO,NO DEFINIDO,,,2022,Tercer Trimestre,eje_gasto,,,,NO DEFINIDO,NO DEFINIDO,,,,,,NO DEFINIDO,,,,,,NO DEFINIDO,NO DEFINIDO,NO DEFINIDO,654619313.0,628354199.0,526231047.0
14334467,20211201,124205000,E.S.E. Hospital San Fernando - Amagá,2.1.2.01.01.003.02,MAQUINARIA PARA USOS ESPECIALES,GASTOS,FUNCIONAMIENTO,ADQUISICION DE BIENES Y SERVICIOS,ADQUISICION DE ACTIVOS NO FINANCIEROS,ACTIVOS FIJOS,MAQUINARIA Y EQUIPO,MAQUINARIA PARA USOS ESPECIALES,No Aplica,No Aplica,No Aplica,VIGENCIA ACTUAL,ENTIDADES DIFERENTES A ENTIDADES TERRITORIALES - GESTION GENERAL,NO DEFINIDO,NO DEFINIDO,NO DEFINIDO,,,2021,Cuarto Trimestre,eje_gasto,,,,NO DEFINIDO,NO DEFINIDO,,,,,,NO DEFINIDO,,,,,,NO DEFINIDO,NO DEFINIDO,NO DEFINIDO,10000000.0,10000000.0,10000000.0
14337299,20210301,124205000,E.S.E. Hospital San Fernando - Amagá,2.1.1.01.02,CONTRIBUCIONES INHERENTES A LA NOMINA,GASTOS,FUNCIONAMIENTO,GASTOS DE PERSONAL,PLANTA DE PERSONAL PERMANENTE,CONTRIBUCIONES INHERENTES A LA NOMINA,No Aplica,No Aplica,No Aplica,No Aplica,No Aplica,CUENTAS POR PAGAR,ENTIDADES DIFERENTES A ENTIDADES TERRITORIALES - GESTION GENERAL,NO DEFINIDO,NO DEFINIDO,NO DEFINIDO,,,2021,Primer Trimestre,eje_gasto,,,,NO DEFINIDO,NO DEFINIDO,,,,,,NO DEFINIDO,,,,,,NO DEFINIDO,NO DEFINIDO,NO DEFINIDO,175733194.0,175733194.0,175733194.0
14343366,20220301,124205000,E.S.E. Hospital San Fernando - Amagá,2.1.2.02.01,MATERIALES Y SUMINISTROS,GASTOS,FUNCIONAMIENTO,ADQUISICION DE BIENES Y SERVICIOS,ADQUISICIONES DIFERENTES DE ACTIVOS,MATERIALES Y SUMINISTROS,No Aplica,No Aplica,No Aplica,No Aplica,No Aplica,VIGENCIA ACTUAL,ENTIDADES DIFERENTES A ENTIDADES TERRITORIALES - UNIDAD DE SALUD,NO DEFINIDO,NO DEFINIDO,NO DEFINIDO,,,2022,Primer Trimestre,eje_gasto,,,,NO DEFINIDO,NO DEFINIDO,,,,,,NO DEFINIDO,,,,,,NO DEFINIDO,NO DEFINIDO,NO DEFINIDO,5266080.0,5266080.0,5266080.0
14343733,20230301,124205000,E.S.E. Hospital San Fernando - Amagá,2,GASTOS,GASTOS,No Aplica,No Aplica,No Aplica,No Aplica,No Aplica,No Aplica,No Aplica,No Aplica,No Aplica,VIGENCIA ACTUAL,ENTIDADES DIFERENTES A ENTIDADES TERRITORIALES - UNIDAD DE SALUD,NO DEFINIDO,NO DEFINIDO,NO DEFINIDO,,,2023,Primer Trimestre,eje_gasto,,,,NO DEFINIDO,NO DEFINIDO,,,,,,NO DEFINIDO,,,,,,NO DEFINIDO,NO DEFINIDO,NO DEFINIDO,120328114.0,120328114.0,120328114.0
14361981,20220901,124205000,E.S.E. Hospital San Fernando - Amagá,2.1.8,"GASTOS POR TRIBUTOS, TASAS, CONTRIBUCIONES, MULTAS, SANCIONES E INTERESES DE MORA",GASTOS,FUNCIONAMIENTO,"GASTOS POR TRIBUTOS, TASAS, CONTRIBUCIONES, MULTAS, SANCIONES E INTERESES DE MORA",No Aplica,No Aplica,No Aplica,No Aplica,No Aplica,No Aplica,No Aplica,VIGENCIA ACTUAL,ENTIDADES DIFERENTES A ENTIDADES TERRITORIALES - UNIDAD DE SALUD,NO DEFINIDO,NO DEFINIDO,NO DEFINIDO,,,2022,Tercer Trimestre,eje_gasto,,,,NO DEFINIDO,NO DEFINIDO,,,,,,NO DEFINIDO,,,,,,NO DEFINIDO,NO DEFINIDO,NO DEFINIDO,4000.0,4000.0,4000.0
14375464,20221201,124205000,E.S.E. Hospital San Fernando - Amagá,2.1.1,GASTOS DE PERSONAL,GASTOS,FUNCIONAMIENTO,GASTOS DE PERSONAL,No Aplica,No Aplica,No Aplica,No Aplica,No Aplica,No Aplica,No Aplica,VIGENCIA ACTUAL,ENTIDADES DIFERENTES A ENTIDADES TERRITORIALES - UNIDAD DE SALUD,NO DEFINIDO,NO DEFINIDO,NO DEFINIDO,,,2022,Cuarto Trimestre,eje_gasto,,,,NO DEFINIDO,NO DEFINIDO,,,,,,NO DEFINIDO,,,,,,NO DEFINIDO,NO DEFINIDO,NO DEFINIDO,2994274829.0,2985172142.0,2705465929.0
14378158,20211201,124205000,E.S.E. Hospital San Fernando - Amagá,2.1.1.01.01.001.08.02,PRIMA DE VACACIONES,GASTOS,FUNCIONAMIENTO,GASTOS DE PERSONAL,PLANTA DE PERSONAL PERMANENTE,FACTORES CONSTITUTIVOS DE SALARIO,FACTORES SALARIALES COMUNES,PRESTACIONES SOCIALES,PRIMA DE VACACIONES,No Aplica,No Aplica,VIGENCIA ACTUAL,ENTIDADES DIFERENTES A ENTIDADES TERRITORIALES - GESTION GENERAL,NO DEFINIDO,NO DEFINIDO,SALUD Y PROTECCION SOCIAL,,,2021,Cuarto Trimestre,eje_gasto,,,,NO APLICA,OTRAS CONTRIBUCIONES CON DESTINACION ESPECIFICA LEGAL,,,,,,NO APLICA,,,,,,CON SITUACION DE FONDOS,NO APLICA,NO DEFINIDO,56701048.0,56701048.0,34730776.0
14382332,20220301,124205000,E.S.E. Hospital San Fernando - Amagá,2.1.3.07,PRESTACIONES PARA CUBRIR RIESGOS SOCIALES,GASTOS,FUNCIONAMIENTO,TRANSFERENCIAS CORRIENTES,PRESTACIONES PARA CUBRIR RIESGOS SOCIALES,No Aplica,No Aplica,No Aplica,No Aplica,No Aplica,No Aplica,VIGENCIA ACTUAL,ENTIDADES DIFERENTES A ENTIDADES TERRITORIALES - UNIDAD DE SALUD,NO DEFINIDO,NO DEFINIDO,NO DEFINIDO,,,2022,Primer Trimestre,eje_gasto,,,,NO DEFINIDO,NO DEFINIDO,,,,,,NO DEFINIDO,,,,,,NO DEFINIDO,NO DEFINIDO,NO DEFINIDO,2011200.0,2011200.0,2011200.0
14384355,20210901,124205000,E.S.E. Hospital San Fernando - Amagá,2.1.1.01.01.001.01,SUELDO BASICO,GASTOS,FUNCIONAMIENTO,GASTOS DE PERSONAL,PLANTA DE PERSONAL PERMANENTE,FACTORES CONSTITUTIVOS DE SALARIO,FACTORES SALARIALES COMUNES,SUELDO BASICO,No Aplica,No Aplica,No Aplica,VIGENCIA ACTUAL,ENTIDADES DIFERENTES A ENTIDADES TERRITORIALES - GESTION GENERAL,NO DEFINIDO,NO DEFINIDO,SALUD Y PROTECCION SOCIAL,,,2021,Tercer Trimestre,eje_gasto,,,,NO APLICA,1.2.3.2.09 - VENTA DE BIENES Y SERVICIOS,,,,,,NO APLICA,,,,,,CON SITUACION DE FONDOS,NO APLICA,NO DEFINIDO,1168623025.0,1168623025.0,701683974.0
14389922,20211201,124205000,E.S.E. Hospital San Fernando - Amagá,2.1.1.01.02.007,APORTES AL SENA,GASTOS,FUNCIONAMIENTO,GASTOS DE PERSONAL,PLANTA DE PERSONAL PERMANENTE,CONTRIBUCIONES INHERENTES A LA NOMINA,APORTES AL SENA,No Aplica,No Aplica,No Aplica,No Aplica,VIGENCIA ACTUAL,ENTIDADES DIFERENTES A ENTIDADES TERRITORIALES - GESTION GENERAL,NO DEFINIDO,NO DEFINIDO,SALUD Y PROTECCION SOCIAL,,,2021,Cuarto Trimestre,eje_gasto,,,,NO APLICA,OTRAS CONTRIBUCIONES CON DESTINACION ESPECIFICA LEGAL,,,,,,NO APLICA,,,,,,CON SITUACION DE FONDOS,NO APLICA,NO DEFINIDO,35192840.0,35192840.0,31299500.0
14392659,20220301,124205000,E.S.E. Hospital San Fernando - Amagá,2.1.2.02.02.007,SERVICIOS FINANCIEROS Y SERVICIOS CONEXOS; SERVICIOS INMOBILIARIOS; Y SERVICIOS DE ARRENDAMIENTO Y LEASING,GASTOS,FUNCIONAMIENTO,ADQUISICION DE BIENES Y SERVICIOS,ADQUISICIONES DIFERENTES DE ACTIVOS,ADQUISICION DE SERVICIOS,SERVICIOS FINANCIEROS Y SERVICIOS CONEXOS; SERVICIOS INMOBILIARIOS; Y SERVICIOS DE ARRENDAMIENTO Y LEASING,No Aplica,No Aplica,No Aplica,No Aplica,VIGENCIA ACTUAL,ENTIDADES DIFERENTES A ENTIDADES TERRITORIALES - UNIDAD DE SALUD,NO DEFINIDO,NO DEFINIDO,SALUD Y PROTECCION SOCIAL,,,2022,Primer Trimestre,eje_gasto,,,,SERVICIOS DE LA ADMINISTRACION PUBLICA RELACIONADOS CON LA SALUD,R.B. VENTA DE BIENES Y SERVICIOS,,,,,,NO APLICA,,,,,,SIN SITUACION DE FONDOS,NO APLICA,NO DEFINIDO,1900142.0,1900142.0,1900142.0
14396825,20230601,124205000,E.S.E. Hospital San Fernando - Amagá,2.1.1.01.02.003,APORTES DE CESANTIAS,GASTOS,FUNCIONAMIENTO,GASTOS DE PERSONAL,PLANTA DE PERSONAL PERMANENTE,CONTRIBUCIONES INHERENTES A LA NOMINA,APORTES DE CESANTIAS,No Aplica,No Aplica,No Aplica,No Aplica,VIGENCIA ACTUAL,ENTIDADES TERRITORIALES - SALUD,NO DEFINIDO,NO DEFINIDO,SALUD Y PROTECCION SOCIAL,,,2023,Segundo Trimestre,eje_gasto,,,,NO APLICA,R.B. VENTA DE BIENES Y SERVICIOS,,,,,,NO APLICA,,,,,,SIN SITUACION DE FONDOS,NO APLICA,NO DEFINIDO,7391036.0,7391036.0,7391036.0
14397724,20210601,124205000,E.S.E. Hospital San Fernando - Amagá,2.1.2.02.01.001,"MINERALES, ELECTRICIDAD, GAS Y AGUA",GASTOS,FUNCIONAMIENTO,ADQUISICION DE BIENES Y SERVICIOS,ADQUISICIONES DIFERENTES DE ACTIVOS,MATERIALES Y SUMINISTROS,"MINERALES, ELECTRICIDAD, GAS Y AGUA",No Aplica,No Aplica,No Aplica,No Aplica,VIGENCIA ACTUAL,ENTIDADES DIFERENTES A ENTIDADES TERRITORIALES - GESTION GENERAL,NO DEFINIDO,NO DEFINIDO,SALUD Y PROTECCION SOCIAL,,,2021,Segundo Trimestre,eje_gasto,,,,"86350 - SERVICIOS DE DISTRIBUCIÓN DE AGUA, EXCEPTO A TRAVÉS DE LA RED (A COMISIÓN O POR CONTRATO)",1.2.3.2.09 - VENTA DE BIENES Y SERVICIOS,,,,,,NO APLICA,,,,,,CON SITUACION DE FONDOS,NO APLICA,NO DEFINIDO,42994528.0,42994528.0,39259095.0
14399653,20210301,124205000,E.S.E. Hospital San Fernando - Amagá,2.1.2.02.02.007,SERVICIOS FINANCIEROS Y SERVICIOS CONEXOS; SERVICIOS INMOBILIARIOS; Y SERVICIOS DE ARRENDAMIENTO Y LEASING,GASTOS,FUNCIONAMIENTO,ADQUISICION DE BIENES Y SERVICIOS,ADQUISICIONES DIFERENTES DE ACTIVOS,ADQUISICION DE SERVICIOS,SERVICIOS FINANCIEROS Y SERVICIOS CONEXOS; SERVICIOS INMOBILIARIOS; Y SERVICIOS DE ARRENDAMIENTO Y LEASING,No Aplica,No Aplica,No Aplica,No Aplica,VIGENCIA ACTUAL,ENTIDADES DIFERENTES A ENTIDADES TERRITORIALES - GESTION GENERAL,NO DEFINIDO,NO DEFINIDO,SALUD Y PROTECCION SOCIAL,,,2021,Primer Trimestre,eje_gasto,,,,71359 - OTROS SERVICIOS DE SEGUROS DISTINTOS DE LOS SEGUROS DE VIDA N.C.P.,1.2.3.2.09 - VENTA DE BIENES Y SERVICIOS,,,,,,NO APLICA,,,,,,CON SITUACION DE FONDOS,NO APLICA,NO DEFINIDO,7021270.0,7021270.0,6892895.0
14400991,20230601,124205000,E.S.E. Hospital San Fernando - Amagá,2.1.1.01.02.005,APORTES GENERALES AL SISTEMA DE RIESGOS LABORALES,GASTOS,FUNCIONAMIENTO,GASTOS DE PERSONAL,PLANTA DE PERSONAL PERMANENTE,CONTRIBUCIONES INHERENTES A LA NOMINA,APORTES GENERALES AL SISTEMA DE RIESGOS LABORALES,No Aplica,No Aplica,No Aplica,No Aplica,VIGENCIA ACTUAL,ENTIDADES TERRITORIALES - SALUD,NO DEFINIDO,NO DEFINIDO,SALUD Y PROTECCION SOCIAL,,,2023,Segundo Trimestre,eje_gasto,,,,NO APLICA,R.B. VENTA DE BIENES Y SERVICIOS,,,,,,NO APLICA,,,,,,SIN SITUACION DE FONDOS,NO APLICA,NO DEFINIDO,22242700.0,22242700.0,19567800.0
14401273,20210601,124205000,E.S.E. Hospital San Fernando - Amagá,2.4.5.01.03,"OTROS BIENES TRANSPORTABLES EXCEPTO PRODUCTOS METALICOS, MAQUINARIA Y EQUIPO",GASTOS,GASTOS DE OPERACION COMERCIAL,GASTOS DE COMERCIALIZACION Y PRODUCCION,MATERIALES Y SUMINISTROS,"OTROS BIENES TRANSPORTABLES EXCEPTO PRODUCTOS METALICOS, MAQUINARIA Y EQUIPO",No Aplica,No Aplica,No Aplica,No Aplica,No Aplica,CUENTAS POR PAGAR,ENTIDADES DIFERENTES A ENTIDADES TERRITORIALES - GESTION GENERAL,NO DEFINIDO,NO DEFINIDO,SALUD Y PROTECCION SOCIAL,,,2021,Segundo Trimestre,eje_gasto,,,,61173 - COMERCIO AL POR MAYOR (EXCEPTO EL REALIZADO A CAMBIO DE UNA RETRIBUCIÓN O POR CONTRATA) DE PRODUCTOS FARMACÉUTICOS,1.1.0.0.00 - DISPONIBILIDAD INICIAL,,,,,,NO APLICA,,,,,,CON SITUACION DE FONDOS,NO APLICA,NO DEFINIDO,145101831.0,145101831.0,131750418.0
14401870,20210901,124205000,E.S.E. Hospital San Fernando - Amagá,2.1.8,"GASTOS POR TRIBUTOS, TASAS, CONTRIBUCIONES, MULTAS, SANCIONES E INTERESES DE MORA",GASTOS,FUNCIONAMIENTO,"GASTOS POR TRIBUTOS, TASAS, CONTRIBUCIONES, MULTAS, SANCIONES E INTERESES DE MORA",No Aplica,No Aplica,No Aplica,No Aplica,No Aplica,No Aplica,No Aplica,VIGENCIA ACTUAL,ENTIDADES DIFERENTES A ENTIDADES TERRITORIALES - GESTION GENERAL,NO DEFINIDO,NO DEFINIDO,NO DEFINIDO,,,2021,Tercer Trimestre,eje_gasto,,,,NO DEFINIDO,NO DEFINIDO,,,,,,NO DEFINIDO,,,,,,NO DEFINIDO,NO DEFINIDO,NO DEFINIDO,5987314.0,5987314.0,5987314.0
14402000,20210901,124205000,E.S.E. Hospital San Fernando - Amagá,2.1.2.02.01,MATERIALES Y SUMINISTROS,GASTOS,FUNCIONAMIENTO,ADQUISICION DE BIENES Y SERVICIOS,ADQUISICIONES DIFERENTES DE ACTIVOS,MATERIALES Y SUMINISTROS,No Aplica,No Aplica,No Aplica,No Aplica,No Aplica,VIGENCIA ACTUAL,ENTIDADES DIFERENTES A ENTIDADES TERRITORIALES - GESTION GENERAL,NO DEFINIDO,NO DEFINIDO,NO DEFINIDO,,,2021,Tercer Trimestre,eje_gasto,,,,NO DEFINIDO,NO DEFINIDO,,,,,,NO DEFINIDO,,,,,,NO DEFINIDO,NO DEFINIDO,NO DEFINIDO,145006524.0,145006524.0,114902441.0
14403720,20210901,124205000,E.S.E. Hospital San Fernando - Amagá,2.1.2.02.01.001,"MINERALES, ELECTRICIDAD, GAS Y AGUA",GASTOS,FUNCIONAMIENTO,ADQUISICION DE BIENES Y SERVICIOS,ADQUISICIONES DIFERENTES DE ACTIVOS,MATERIALES Y SUMINISTROS,"MINERALES, ELECTRICIDAD, GAS Y AGUA",No Aplica,No Aplica,No Aplica,No Aplica,CUENTAS POR PAGAR,ENTIDADES DIFERENTES A ENTIDADES TERRITORIALES - GESTION GENERAL,NO DEFINIDO,NO DEFINIDO,SALUD Y PROTECCION SOCIAL,,,2021,Tercer Trimestre,eje_gasto,,,,"86350 - SERVICIOS DE DISTRIBUCIÓN DE AGUA, EXCEPTO A TRAVÉS DE LA RED (A COMISIÓN O POR CONTRATO)",1.1.0.0.00 - DISPONIBILIDAD INICIAL,,,,,,NO APLICA,,,,,,CON SITUACION DE FONDOS,NO APLICA,NO DEFINIDO,972000.0,972000.0,948040.0
14416855,20221201,124205000,E.S.E. Hospital San Fernando - Amagá,2.1.1.01.01.001.08,PRESTACIONES SOCIALES,GASTOS,FUNCIONAMIENTO,GASTOS DE PERSONAL,PLANTA DE PERSONAL PERMANENTE,FACTORES CONSTITUTIVOS DE SALARIO,FACTORES SALARIALES COMUNES,PRESTACIONES SOCIALES,No Aplica,No Aplica,No Aplica,VIGENCIA ACTUAL,ENTIDADES DIFERENTES A ENTIDADES TERRITORIALES - UNIDAD DE SALUD,NO DEFINIDO,NO DEFINIDO,NO DEFINIDO,,,2022,Cuarto Trimestre,eje_gasto,,,,NO DEFINIDO,NO DEFINIDO,,,,,,NO DEFINIDO,,,,,,NO DEFINIDO,NO DEFINIDO,NO DEFINIDO,226294897.0,222112581.0,186664799.0
14421914,20220301,124205000,E.S.E. Hospital San Fernando - Amagá,2.1.2,ADQUISICION DE BIENES Y SERVICIOS,GASTOS,FUNCIONAMIENTO,ADQUISICION DE BIENES Y SERVICIOS,No Aplica,No Aplica,No Aplica,No Aplica,No Aplica,No Aplica,No Aplica,VIGENCIA ACTUAL,ENTIDADES DIFERENTES A ENTIDADES TERRITORIALES - UNIDAD DE SALUD,NO DEFINIDO,NO DEFINIDO,NO DEFINIDO,,,2022,Primer Trimestre,eje_gasto,,,,NO DEFINIDO,NO DEFINIDO,,,,,,NO DEFINIDO,,,,,,NO DEFINIDO,NO DEFINIDO,NO DEFINIDO,174246249.0,174246249.0,174246249.0
14425461,20210901,124205000,E.S.E. Hospital San Fernando - Amagá,2.1.2.02.01.001,"MINERALES, ELECTRICIDAD, GAS Y AGUA",GASTOS,FUNCIONAMIENTO,ADQUISICION DE BIENES Y SERVICIOS,ADQUISICIONES DIFERENTES DE ACTIVOS,MATERIALES Y SUMINISTROS,"MINERALES, ELECTRICIDAD, GAS Y AGUA",No Aplica,No Aplica,No Aplica,No Aplica,VIGENCIA ACTUAL,ENTIDADES DIFERENTES A ENTIDADES TERRITORIALES - GESTION GENERAL,NO DEFINIDO,NO DEFINIDO,SALUD Y PROTECCION SOCIAL,,,2021,Tercer Trimestre,eje_gasto,,,,"86350 - SERVICIOS DE DISTRIBUCIÓN DE AGUA, EXCEPTO A TRAVÉS DE LA RED (A COMISIÓN O POR CONTRATO)",1.2.3.2.09 - VENTA DE BIENES Y SERVICIOS,,,,,,NO APLICA,,,,,,CON SITUACION DE FONDOS,NO APLICA,NO DEFINIDO,69969707.0,69969707.0,60818606.0
14430646,20210301,124205000,E.S.E. Hospital San Fernando - Amagá,2.4.5.02.08,SERVICIOS PRESTADOS A LAS EMPRESAS Y SERVICIOS DE PRODUCCION,GASTOS,GASTOS DE OPERACION COMERCIAL,GASTOS DE COMERCIALIZACION Y PRODUCCION,ADQUISICION DE SERVICIOS,SERVICIOS PRESTADOS A LAS EMPRESAS Y SERVICIOS DE PRODUCCION,No Aplica,No Aplica,No Aplica,No Aplica,No Aplica,VIGENCIA ACTUAL,ENTIDADES DIFERENTES A ENTIDADES TERRITORIALES - GESTION GENERAL,NO DEFINIDO,NO DEFINIDO,SALUD Y PROTECCION SOCIAL,,,2021,Primer Trimestre,eje_gasto,,,,97990 - OTROS SERVICIOS DIVERSOS N.C.P.,1.2.3.2.09 - VENTA DE BIENES Y SERVICIOS,,,,,,NO APLICA,,,,,,CON SITUACION DE FONDOS,NO APLICA,NO DEFINIDO,2892295.0,2892295.0,1949548.0
14431260,20230601,124205000,E.S.E. Hospital San Fernando - Amagá,2.1.1.01.02,CONTRIBUCIONES INHERENTES A LA NOMINA,GASTOS,FUNCIONAMIENTO,GASTOS DE PERSONAL,PLANTA DE PERSONAL PERMANENTE,CONTRIBUCIONES INHERENTES A LA NOMINA,No Aplica,No Aplica,No Aplica,No Aplica,No Aplica,VIGENCIA ACTUAL,ENTIDADES TERRITORIALES - SALUD,NO DEFINIDO,NO DEFINIDO,NO DEFINIDO,,,2023,Segundo Trimestre,eje_gasto,,,,NO DEFINIDO,NO DEFINIDO,,,,,,NO DEFINIDO,,,,,,NO DEFINIDO,NO DEFINIDO,NO DEFINIDO,349074598.0,349074598.0,314096056.0
14432650,20211201,124205000,E.S.E. Hospital San Fernando - Amagá,2.1.2.02.01,MATERIALES Y SUMINISTROS,GASTOS,FUNCIONAMIENTO,ADQUISICION DE BIENES Y SERVICIOS,ADQUISICIONES DIFERENTES DE ACTIVOS,MATERIALES Y SUMINISTROS,No Aplica,No Aplica,No Aplica,No Aplica,No Aplica,CUENTAS POR PAGAR,ENTIDADES DIFERENTES A ENTIDADES TERRITORIALES - GESTION GENERAL,NO DEFINIDO,NO DEFINIDO,NO DEFINIDO,,,2021,Cuarto Trimestre,eje_gasto,,,,NO DEFINIDO,NO DEFINIDO,,,,,,NO DEFINIDO,,,,,,NO DEFINIDO,NO DEFINIDO,NO DEFINIDO,26971085.0,26971085.0,26947125.0
14435642,20210601,124205000,E.S.E. Hospital San Fernando - Amagá,2.1.1,GASTOS DE PERSONAL,GASTOS,FUNCIONAMIENTO,GASTOS DE PERSONAL,No Aplica,No Aplica,No Aplica,No Aplica,No Aplica,No Aplica,No Aplica,VIGENCIA ACTUAL,ENTIDADES DIFERENTES A ENTIDADES TERRITORIALES - GESTION GENERAL,NO DEFINIDO,NO DEFINIDO,NO DEFINIDO,,,2021,Segundo Trimestre,eje_gasto,,,,NO DEFINIDO,NO DEFINIDO,,,,,,NO DEFINIDO,,,,,,NO DEFINIDO,NO DEFINIDO,NO DEFINIDO,1293470817.0,1293467517.0,733894318.0
14442078,20210601,124205000,E.S.E. Hospital San Fernando - Amagá,2.1.2.02,ADQUISICIONES DIFERENTES DE ACTIVOS,GASTOS,FUNCIONAMIENTO,ADQUISICION DE BIENES Y SERVICIOS,ADQUISICIONES DIFERENTES DE ACTIVOS,No Aplica,No Aplica,No Aplica,No Aplica,No Aplica,No Aplica,VIGENCIA ACTUAL,ENTIDADES DIFERENTES A ENTIDADES TERRITORIALES - GESTION GENERAL,NO DEFINIDO,NO DEFINIDO,NO DEFINIDO,,,2021,Segundo Trimestre,eje_gasto,,,,NO DEFINIDO,NO DEFINIDO,,,,,,NO DEFINIDO,,,,,,NO DEFINIDO,NO DEFINIDO,NO DEFINIDO,1058223134.0,677108505.0,476882325.0
14445969,20221201,124205000,E.S.E. Hospital San Fernando - Amagá,2.1.1.01.03,REMUNERACIONES NO CONSTITUTIVAS DE FACTOR SALARIAL,GASTOS,FUNCIONAMIENTO,GASTOS DE PERSONAL,PLANTA DE PERSONAL PERMANENTE,REMUNERACIONES NO CONSTITUTIVAS DE FACTOR SALARIAL,No Aplica,No Aplica,No Aplica,No Aplica,No Aplica,VIGENCIA ACTUAL,ENTIDADES DIFERENTES A ENTIDADES TERRITORIALES - UNIDAD DE SALUD,NO DEFINIDO,NO DEFINIDO,NO DEFINIDO,,,2022,Cuarto Trimestre,eje_gasto,,,,NO DEFINIDO,NO DEFINIDO,,,,,,NO DEFINIDO,,,,,,NO DEFINIDO,NO DEFINIDO,NO DEFINIDO,119816766.0,119816766.0,77131509.0
14455593,20220301,124205000,E.S.E. Hospital San Fernando - Amagá,2.1.2.02.02.010,VIATICOS DE LOS FUNCIONARIOS EN COMISION,GASTOS,FUNCIONAMIENTO,ADQUISICION DE BIENES Y SERVICIOS,ADQUISICIONES DIFERENTES DE ACTIVOS,ADQUISICION DE SERVICIOS,VIATICOS DE LOS FUNCIONARIOS EN COMISION,No Aplica,No Aplica,No Aplica,No Aplica,VIGENCIA ACTUAL,ENTIDADES DIFERENTES A ENTIDADES TERRITORIALES - UNIDAD DE SALUD,NO DEFINIDO,NO DEFINIDO,SALUD Y PROTECCION SOCIAL,,,2022,Primer Trimestre,eje_gasto,,,,SERVICIOS DE LA ADMINISTRACION PUBLICA RELACIONADOS CON LA SALUD,R.B. VENTA DE BIENES Y SERVICIOS,,,,,,NO APLICA,,,,,,SIN SITUACION DE FONDOS,NO APLICA,NO DEFINIDO,0.0,0.0,0.0
14457531,20230301,124205000,E.S.E. Hospital San Fernando - Amagá,2.4.5.01,MATERIALES Y SUMINISTROS,GASTOS,GASTOS DE OPERACION COMERCIAL,GASTOS DE COMERCIALIZACION Y PRODUCCION,MATERIALES Y SUMINISTROS,No Aplica,No Aplica,No Aplica,No Aplica,No Aplica,No Aplica,VIGENCIA ACTUAL,ENTIDADES DIFERENTES A ENTIDADES TERRITORIALES - UNIDAD DE SALUD,NO DEFINIDO,NO DEFINIDO,NO DEFINIDO,,,2023,Primer Trimestre,eje_gasto,,,,NO DEFINIDO,NO DEFINIDO,,,,,,NO DEFINIDO,,,,,,NO DEFINIDO,NO DEFINIDO,NO DEFINIDO,120328114.0,120328114.0,120328114.0
14459071,20220901,124205000,E.S.E. Hospital San Fernando - Amagá,2.1.3.07.02.001,MESADAS PENSIONALES DE PENSIONES,GASTOS,FUNCIONAMIENTO,TRANSFERENCIAS CORRIENTES,PRESTACIONES PARA CUBRIR RIESGOS SOCIALES,PRESTACIONES SOCIALES RELACIONADAS CON EL EMPLEO,MESADAS PENSIONALES DE PENSIONES,No Aplica,No Aplica,No Aplica,No Aplica,VIGENCIA ACTUAL,ENTIDADES DIFERENTES A ENTIDADES TERRITORIALES - UNIDAD DE SALUD,NO DEFINIDO,NO DEFINIDO,NO DEFINIDO,,,2022,Tercer Trimestre,eje_gasto,,,,NO DEFINIDO,NO DEFINIDO,,,,,,NO DEFINIDO,,,,,,NO DEFINIDO,NO DEFINIDO,NO DEFINIDO,10056000.0,10056000.0,10056000.0
14459334,20211201,124205000,E.S.E. Hospital San Fernando - Amagá,2.1.2.01.01.003,MAQUINARIA Y EQUIPO,GASTOS,FUNCIONAMIENTO,ADQUISICION DE BIENES Y SERVICIOS,ADQUISICION DE ACTIVOS NO FINANCIEROS,ACTIVOS FIJOS,MAQUINARIA Y EQUIPO,No Aplica,No Aplica,No Aplica,No Aplica,VIGENCIA ACTUAL,ENTIDADES DIFERENTES A ENTIDADES TERRITORIALES - GESTION GENERAL,NO DEFINIDO,NO DEFINIDO,NO DEFINIDO,,,2021,Cuarto Trimestre,eje_gasto,,,,NO DEFINIDO,NO DEFINIDO,,,,,,NO DEFINIDO,,,,,,NO DEFINIDO,NO DEFINIDO,NO DEFINIDO,10000000.0,10000000.0,10000000.0
14460951,20220601,124205000,E.S.E. Hospital San Fernando - Amagá,2.1.1.01.01.001.06,PRIMA DE SERVICIO,GASTOS,FUNCIONAMIENTO,GASTOS DE PERSONAL,PLANTA DE PERSONAL PERMANENTE,FACTORES CONSTITUTIVOS DE SALARIO,FACTORES SALARIALES COMUNES,PRIMA DE SERVICIO,No Aplica,No Aplica,No Aplica,VIGENCIA ACTUAL,ENTIDADES DIFERENTES A ENTIDADES TERRITORIALES - UNIDAD DE SALUD,NO DEFINIDO,NO DEFINIDO,SALUD Y PROTECCION SOCIAL,,,2022,Segundo Trimestre,eje_gasto,,,,NO APLICA,R.B. VENTA DE BIENES Y SERVICIOS,,,,,,NO APLICA,,,,,,SIN SITUACION DE FONDOS,NO APLICA,NO DEFINIDO,69387721.0,69387721.0,9010432.0
14471679,20211201,124205000,E.S.E. Hospital San Fernando - Amagá,2.4.5.01,MATERIALES Y SUMINISTROS,GASTOS,GASTOS DE OPERACION COMERCIAL,GASTOS DE COMERCIALIZACION Y PRODUCCION,MATERIALES Y SUMINISTROS,No Aplica,No Aplica,No Aplica,No Aplica,No Aplica,No Aplica,VIGENCIA ACTUAL,ENTIDADES DIFERENTES A ENTIDADES TERRITORIALES - GESTION GENERAL,NO DEFINIDO,NO DEFINIDO,NO DEFINIDO,,,2021,Cuarto Trimestre,eje_gasto,,,,NO DEFINIDO,NO DEFINIDO,,,,,,NO DEFINIDO,,,,,,NO DEFINIDO,NO DEFINIDO,NO DEFINIDO,758964986.0,758964986.0,231365002.0
14474545,20210301,124205000,E.S.E. Hospital San Fernando - Amagá,2.4.5,GASTOS DE COMERCIALIZACION Y PRODUCCION,GASTOS,GASTOS DE OPERACION COMERCIAL,GASTOS DE COMERCIALIZACION Y PRODUCCION,No Aplica,No Aplica,No Aplica,No Aplica,No Aplica,No Aplica,No Aplica,VIGENCIA ACTUAL,ENTIDADES DIFERENTES A ENTIDADES TERRITORIALES - GESTION GENERAL,NO DEFINIDO,NO DEFINIDO,NO DEFINIDO,,,2021,Primer Trimestre,eje_gasto,,,,NO DEFINIDO,NO DEFINIDO,,,,,,NO DEFINIDO,,,,,,NO DEFINIDO,NO DEFINIDO,NO DEFINIDO,176325347.0,176325347.0,5353326.0
14491277,20210901,124205000,E.S.E. Hospital San Fernando - Amagá,2.1.8.04.07,CONTRIBUCION DE VIGILANCIA - SUPERINTENDENCIA NACIONAL DE SALUD,GASTOS,FUNCIONAMIENTO,"GASTOS POR TRIBUTOS, TASAS, CONTRIBUCIONES, MULTAS, SANCIONES E INTERESES DE MORA",CONTRIBUCIONES,CONTRIBUCION DE VIGILANCIA - SUPERINTENDENCIA NACIONAL DE SALUD,No Aplica,No Aplica,No Aplica,No Aplica,No Aplica,VIGENCIA ACTUAL,ENTIDADES DIFERENTES A ENTIDADES TERRITORIALES - GESTION GENERAL,NO DEFINIDO,NO DEFINIDO,SALUD Y PROTECCION SOCIAL,,,2021,Tercer Trimestre,eje_gasto,,,,NO APLICA,1.2.3.2.09 - VENTA DE BIENES Y SERVICIOS,,,,,,NO APLICA,,,,,,CON SITUACION DE FONDOS,NO APLICA,NO DEFINIDO,5987314.0,5987314.0,5987314.0
14493054,20220901,124205000,E.S.E. Hospital San Fernando - Amagá,2.1.8.05.02,INTERESES DE MORA,GASTOS,FUNCIONAMIENTO,"GASTOS POR TRIBUTOS, TASAS, CONTRIBUCIONES, MULTAS, SANCIONES E INTERESES DE MORA","MULTAS, SANCIONES E INTERESES DE MORA",INTERESES DE MORA,No Aplica,No Aplica,No Aplica,No Aplica,No Aplica,VIGENCIA ACTUAL,ENTIDADES DIFERENTES A ENTIDADES TERRITORIALES - UNIDAD DE SALUD,NO DEFINIDO,NO DEFINIDO,SALUD Y PROTECCION SOCIAL,,,2022,Tercer Trimestre,eje_gasto,,,,NO APLICA,R.B. VENTA DE BIENES Y SERVICIOS,,,,,,NO APLICA,,,,,,SIN SITUACION DE FONDOS,NO APLICA,NO DEFINIDO,4000.0,4000.0,4000.0
14502643,20210301,124205000,E.S.E. Hospital San Fernando - Amagá,2.1.3,TRANSFERENCIAS CORRIENTES,GASTOS,FUNCIONAMIENTO,TRANSFERENCIAS CORRIENTES,No Aplica,No Aplica,No Aplica,No Aplica,No Aplica,No Aplica,No Aplica,VIGENCIA ACTUAL,ENTIDADES DIFERENTES A ENTIDADES TERRITORIALES - GESTION GENERAL,NO DEFINIDO,NO DEFINIDO,NO DEFINIDO,,,2021,Primer Trimestre,eje_gasto,,,,NO DEFINIDO,NO DEFINIDO,,,,,,NO DEFINIDO,,,,,,NO DEFINIDO,NO DEFINIDO,NO DEFINIDO,3268669.0,3268669.0,2316577.0
14505391,20211201,124205000,E.S.E. Hospital San Fernando - Amagá,2.1.1.01.02,CONTRIBUCIONES INHERENTES A LA NOMINA,GASTOS,FUNCIONAMIENTO,GASTOS DE PERSONAL,PLANTA DE PERSONAL PERMANENTE,CONTRIBUCIONES INHERENTES A LA NOMINA,No Aplica,No Aplica,No Aplica,No Aplica,No Aplica,CUENTAS POR PAGAR,ENTIDADES DIFERENTES A ENTIDADES TERRITORIALES - GESTION GENERAL,NO DEFINIDO,NO DEFINIDO,NO DEFINIDO,,,2021,Cuarto Trimestre,eje_gasto,,,,NO DEFINIDO,NO DEFINIDO,,,,,,NO DEFINIDO,,,,,,NO DEFINIDO,NO DEFINIDO,NO DEFINIDO,8303265.0,8303265.0,8303265.0
14505741,20210301,124205000,E.S.E. Hospital San Fernando - Amagá,2.1.1.01.02.006,APORTES AL ICBF,GASTOS,FUNCIONAMIENTO,GASTOS DE PERSONAL,PLANTA DE PERSONAL PERMANENTE,CONTRIBUCIONES INHERENTES A LA NOMINA,APORTES AL ICBF,No Aplica,No Aplica,No Aplica,No Aplica,CUENTAS POR PAGAR,ENTIDADES DIFERENTES A ENTIDADES TERRITORIALES - GESTION GENERAL,NO DEFINIDO,NO DEFINIDO,SALUD Y PROTECCION SOCIAL,,,2021,Primer Trimestre,eje_gasto,,,,NO APLICA,1.1.0.0.00 - DISPONIBILIDAD INICIAL,,,,,,NO APLICA,,,,,,CON SITUACION DE FONDOS,NO APLICA,NO DEFINIDO,6241300.0,6241300.0,6241300.0
14507125,20221201,124205000,E.S.E. Hospital San Fernando - Amagá,2.1.1.01.01.001.07,BONIFICACION POR SERVICIOS PRESTADOS,GASTOS,FUNCIONAMIENTO,GASTOS DE PERSONAL,PLANTA DE PERSONAL PERMANENTE,FACTORES CONSTITUTIVOS DE SALARIO,FACTORES SALARIALES COMUNES,BONIFICACION POR SERVICIOS PRESTADOS,No Aplica,No Aplica,No Aplica,VIGENCIA ACTUAL,ENTIDADES DIFERENTES A ENTIDADES TERRITORIALES - UNIDAD DE SALUD,NO DEFINIDO,NO DEFINIDO,SALUD Y PROTECCION SOCIAL,,,2022,Cuarto Trimestre,eje_gasto,,,,NO APLICA,R.B. VENTA DE BIENES Y SERVICIOS,,,,,,NO APLICA,,,,,,SIN SITUACION DE FONDOS,NO APLICA,NO DEFINIDO,57938799.0,57938799.0,54969082.0
14515158,20220601,124205000,E.S.E. Hospital San Fernando - Amagá,2.1.2,ADQUISICION DE BIENES Y SERVICIOS,GASTOS,FUNCIONAMIENTO,ADQUISICION DE BIENES Y SERVICIOS,No Aplica,No Aplica,No Aplica,No Aplica,No Aplica,No Aplica,No Aplica,VIGENCIA ACTUAL,ENTIDADES DIFERENTES A ENTIDADES TERRITORIALES - UNIDAD DE SALUD,NO DEFINIDO,NO DEFINIDO,NO DEFINIDO,,,2022,Segundo Trimestre,eje_gasto,,,,NO DEFINIDO,NO DEFINIDO,,,,,,NO DEFINIDO,,,,,,NO DEFINIDO,NO DEFINIDO,NO DEFINIDO,1244794272.0,979699657.0,751178022.0
14517286,20220301,124205000,E.S.E. Hospital San Fernando - Amagá,2.4.5.01,MATERIALES Y SUMINISTROS,GASTOS,GASTOS DE OPERACION COMERCIAL,GASTOS DE COMERCIALIZACION Y PRODUCCION,MATERIALES Y SUMINISTROS,No Aplica,No Aplica,No Aplica,No Aplica,No Aplica,No Aplica,VIGENCIA ACTUAL,ENTIDADES DIFERENTES A ENTIDADES TERRITORIALES - UNIDAD DE SALUD,NO DEFINIDO,NO DEFINIDO,NO DEFINIDO,,,2022,Primer Trimestre,eje_gasto,,,,NO DEFINIDO,NO DEFINIDO,,,,,,NO DEFINIDO,,,,,,NO DEFINIDO,NO DEFINIDO,NO DEFINIDO,14501236.0,14501236.0,14501236.0
14524761,20210601,124205000,E.S.E. Hospital San Fernando - Amagá,2.1.3,TRANSFERENCIAS CORRIENTES,GASTOS,FUNCIONAMIENTO,TRANSFERENCIAS CORRIENTES,No Aplica,No Aplica,No Aplica,No Aplica,No Aplica,No Aplica,No Aplica,CUENTAS POR PAGAR,ENTIDADES DIFERENTES A ENTIDADES TERRITORIALES - GESTION GENERAL,NO DEFINIDO,NO DEFINIDO,NO DEFINIDO,,,2021,Segundo Trimestre,eje_gasto,,,,NO DEFINIDO,NO DEFINIDO,,,,,,NO DEFINIDO,,,,,,NO DEFINIDO,NO DEFINIDO,NO DEFINIDO,2061965.0,2061965.0,1587607.0
14528729,20210301,124205000,E.S.E. Hospital San Fernando - Amagá,2.1.1.01.01.001.08.01,PRIMA DE NAVIDAD,GASTOS,FUNCIONAMIENTO,GASTOS DE PERSONAL,PLANTA DE PERSONAL PERMANENTE,FACTORES CONSTITUTIVOS DE SALARIO,FACTORES SALARIALES COMUNES,PRESTACIONES SOCIALES,PRIMA DE NAVIDAD,No Aplica,No Aplica,VIGENCIA ACTUAL,ENTIDADES DIFERENTES A ENTIDADES TERRITORIALES - GESTION GENERAL,NO DEFINIDO,NO DEFINIDO,SALUD Y PROTECCION SOCIAL,,,2021,Primer Trimestre,eje_gasto,,,,NO APLICA,1.2.3.2.09 - VENTA DE BIENES Y SERVICIOS,,,,,,NO APLICA,,,,,,CON SITUACION DE FONDOS,NO APLICA,NO DEFINIDO,388862.0,388862.0,132242.0
14530669,20221201,124205000,E.S.E. Hospital San Fernando - Amagá,2.4,GASTOS DE OPERACION COMERCIAL,GASTOS,GASTOS DE OPERACION COMERCIAL,No Aplica,No Aplica,No Aplica,No Aplica,No Aplica,No Aplica,No Aplica,No Aplica,VIGENCIA ACTUAL,ENTIDADES DIFERENTES A ENTIDADES TERRITORIALES - UNIDAD DE SALUD,NO DEFINIDO,NO DEFINIDO,NO DEFINIDO,,,2022,Cuarto Trimestre,eje_gasto,,,,NO DEFINIDO,NO DEFINIDO,,,,,,NO DEFINIDO,,,,,,NO DEFINIDO,NO DEFINIDO,NO DEFINIDO,827765401.0,827458605.0,645231823.0
14535750,20221201,124205000,E.S.E. Hospital San Fernando - Amagá,2.1.2.02.02.010,VIATICOS DE LOS FUNCIONARIOS EN COMISION,GASTOS,FUNCIONAMIENTO,ADQUISICION DE BIENES Y SERVICIOS,ADQUISICIONES DIFERENTES DE ACTIVOS,ADQUISICION DE SERVICIOS,VIATICOS DE LOS FUNCIONARIOS EN COMISION,No Aplica,No Aplica,No Aplica,No Aplica,VIGENCIA ACTUAL,ENTIDADES DIFERENTES A ENTIDADES TERRITORIALES - UNIDAD DE SALUD,NO DEFINIDO,NO DEFINIDO,SALUD Y PROTECCION SOCIAL,,,2022,Cuarto Trimestre,eje_gasto,,,,SERVICIOS DE LA ADMINISTRACION PUBLICA RELACIONADOS CON LA SALUD,R.B. VENTA DE BIENES Y SERVICIOS,,,,,,NO APLICA,,,,,,SIN SITUACION DE FONDOS,NO APLICA,NO DEFINIDO,38766666.0,38766666.0,38700000.0
14547794,20230901,124205000,E.S.E. Hospital San Fernando - Amagá,2.1.1.01,PLANTA DE PERSONAL PERMANENTE,GASTOS,FUNCIONAMIENTO,GASTOS DE PERSONAL,PLANTA DE PERSONAL PERMANENTE,No Aplica,No Aplica,No Aplica,No Aplica,No Aplica,No Aplica,VIGENCIA ACTUAL,ENTIDADES TERRITORIALES - SALUD,NO DEFINIDO,NO DEFINIDO,NO DEFINIDO,,,2023,Tercer Trimestre,eje_gasto,,,,NO DEFINIDO,NO DEFINIDO,,,,,,NO DEFINIDO,,,,,,NO DEFINIDO,NO DEFINIDO,NO DEFINIDO,2685250837.0,2685250837.0,2430107109.0
14574604,20230901,124205000,E.S.E. Hospital San Fernando - Amagá,2.1.1.01.02.006,APORTES AL ICBF,GASTOS,FUNCIONAMIENTO,GASTOS DE PERSONAL,PLANTA DE PERSONAL PERMANENTE,CONTRIBUCIONES INHERENTES A LA NOMINA,APORTES AL ICBF,No Aplica,No Aplica,No Aplica,No Aplica,VIGENCIA ACTUAL,ENTIDADES TERRITORIALES - SALUD,NO DEFINIDO,NO DEFINIDO,SALUD Y PROTECCION SOCIAL,,,2023,Tercer Trimestre,eje_gasto,,,,NO APLICA,R.B. VENTA DE BIENES Y SERVICIOS,,,,,,NO APLICA,,,,,,SIN SITUACION DE FONDOS,NO APLICA,NO DEFINIDO,49275200.0,49275200.0,44472034.0
14594113,20230901,124205000,E.S.E. Hospital San Fernando - Amagá,2.1.2.02.02.007,SERVICIOS FINANCIEROS Y SERVICIOS CONEXOS; SERVICIOS INMOBILIARIOS; Y SERVICIOS DE ARRENDAMIENTO Y LEASING,GASTOS,FUNCIONAMIENTO,ADQUISICION DE BIENES Y SERVICIOS,ADQUISICIONES DIFERENTES DE ACTIVOS,ADQUISICION DE SERVICIOS,SERVICIOS FINANCIEROS Y SERVICIOS CONEXOS; SERVICIOS INMOBILIARIOS; Y SERVICIOS DE ARRENDAMIENTO Y LEASING,No Aplica,No Aplica,No Aplica,No Aplica,VIGENCIA ACTUAL,ENTIDADES TERRITORIALES - SALUD,NO DEFINIDO,NO DEFINIDO,SALUD Y PROTECCION SOCIAL,,,2023,Tercer Trimestre,eje_gasto,,,,SERVICIOS MEDICOS GENERALES,R.B. VENTA DE BIENES Y SERVICIOS,,,,,,NO APLICA,,,,,,SIN SITUACION DE FONDOS,NO APLICA,NO DEFINIDO,66284036.0,66284036.0,56775043.0
14602724,20230901,124205000,E.S.E. Hospital San Fernando - Amagá,2.1.1.01.02,CONTRIBUCIONES INHERENTES A LA NOMINA,GASTOS,FUNCIONAMIENTO,GASTOS DE PERSONAL,PLANTA DE PERSONAL PERMANENTE,CONTRIBUCIONES INHERENTES A LA NOMINA,No Aplica,No Aplica,No Aplica,No Aplica,No Aplica,VIGENCIA ACTUAL,ENTIDADES TERRITORIALES - SALUD,NO DEFINIDO,NO DEFINIDO,NO DEFINIDO,,,2023,Tercer Trimestre,eje_gasto,,,,NO DEFINIDO,NO DEFINIDO,,,,,,NO DEFINIDO,,,,,,NO DEFINIDO,NO DEFINIDO,NO DEFINIDO,709486952.0,709486952.0,659122228.0
14637601,20230901,124205000,E.S.E. Hospital San Fernando - Amagá,2.1.7.05,PROGRAMAS DE SANEAMIENTO FISCAL Y FINANCIERO,GASTOS,FUNCIONAMIENTO,DISMINUCION DE PASIVOS,PROGRAMAS DE SANEAMIENTO FISCAL Y FINANCIERO,No Aplica,No Aplica,No Aplica,No Aplica,No Aplica,No Aplica,VIGENCIA ACTUAL,ENTIDADES TERRITORIALES - SALUD,NO DEFINIDO,NO DEFINIDO,NO DEFINIDO,,,2023,Tercer Trimestre,eje_gasto,,,,NO DEFINIDO,NO DEFINIDO,,,,,,NO DEFINIDO,,,,,,NO DEFINIDO,NO DEFINIDO,NO DEFINIDO,0.0,0.0,0.0
14647195,20230901,124205000,E.S.E. Hospital San Fernando - Amagá,2.1.1.01.01.001.04,SUBSIDIO DE ALIMENTACION,GASTOS,FUNCIONAMIENTO,GASTOS DE PERSONAL,PLANTA DE PERSONAL PERMANENTE,FACTORES CONSTITUTIVOS DE SALARIO,FACTORES SALARIALES COMUNES,SUBSIDIO DE ALIMENTACION,No Aplica,No Aplica,No Aplica,VIGENCIA ACTUAL,ENTIDADES TERRITORIALES - SALUD,NO DEFINIDO,NO DEFINIDO,SALUD Y PROTECCION SOCIAL,,,2023,Tercer Trimestre,eje_gasto,,,,NO APLICA,R.B. VENTA DE BIENES Y SERVICIOS,,,,,,NO APLICA,,,,,,SIN SITUACION DE FONDOS,NO APLICA,NO DEFINIDO,26176605.0,26176605.0,17035648.0
14657895,20230901,124205000,E.S.E. Hospital San Fernando - Amagá,2.1.8.05.02,INTERESES DE MORA,GASTOS,FUNCIONAMIENTO,"GASTOS POR TRIBUTOS, TASAS, CONTRIBUCIONES, MULTAS, SANCIONES E INTERESES DE MORA","MULTAS, SANCIONES E INTERESES DE MORA",INTERESES DE MORA,No Aplica,No Aplica,No Aplica,No Aplica,No Aplica,VIGENCIA ACTUAL,ENTIDADES TERRITORIALES - SALUD,NO DEFINIDO,NO DEFINIDO,SALUD Y PROTECCION SOCIAL,,,2023,Tercer Trimestre,eje_gasto,,,,NO APLICA,R.B. VENTA DE BIENES Y SERVICIOS,,,,,,NO APLICA,,,,,,SIN SITUACION DE FONDOS,NO APLICA,NO DEFINIDO,1121000.0,1121000.0,1121000.0
14661346,20230901,124205000,E.S.E. Hospital San Fernando - Amagá,2.1.2.02.01.003,"OTROS BIENES TRANSPORTABLES EXCEPTO PRODUCTOS METALICOS, MAQUINARIA Y EQUIPO",GASTOS,FUNCIONAMIENTO,ADQUISICION DE BIENES Y SERVICIOS,ADQUISICIONES DIFERENTES DE ACTIVOS,MATERIALES Y SUMINISTROS,"OTROS BIENES TRANSPORTABLES EXCEPTO PRODUCTOS METALICOS, MAQUINARIA Y EQUIPO",No Aplica,No Aplica,No Aplica,No Aplica,VIGENCIA ACTUAL,ENTIDADES TERRITORIALES - SALUD,NO DEFINIDO,NO DEFINIDO,SALUD Y PROTECCION SOCIAL,,,2023,Tercer Trimestre,eje_gasto,,,,SERVICIOS MEDICOS GENERALES,R.B. VENTA DE BIENES Y SERVICIOS,,,,,,NO APLICA,,,,,,SIN SITUACION DE FONDOS,NO APLICA,NO DEFINIDO,129010016.0,129010016.0,102854606.0
14667979,20230901,124205000,E.S.E. Hospital San Fernando - Amagá,2.1.1.01.03.001.01,VACACIONES,GASTOS,FUNCIONAMIENTO,GASTOS DE PERSONAL,PLANTA DE PERSONAL PERMANENTE,REMUNERACIONES NO CONSTITUTIVAS DE FACTOR SALARIAL,PRESTACIONES SOCIALES,VACACIONES,No Aplica,No Aplica,No Aplica,VIGENCIA ACTUAL,ENTIDADES TERRITORIALES - SALUD,NO DEFINIDO,NO DEFINIDO,SALUD Y PROTECCION SOCIAL,,,2023,Tercer Trimestre,eje_gasto,,,,NO APLICA,R.B. VENTA DE BIENES Y SERVICIOS,,,,,,NO APLICA,,,,,,SIN SITUACION DE FONDOS,NO APLICA,NO DEFINIDO,97849438.0,97849438.0,97849438.0
14675608,20230901,124205000,E.S.E. Hospital San Fernando - Amagá,2.1.7,DISMINUCION DE PASIVOS,GASTOS,FUNCIONAMIENTO,DISMINUCION DE PASIVOS,No Aplica,No Aplica,No Aplica,No Aplica,No Aplica,No Aplica,No Aplica,VIGENCIA ACTUAL,ENTIDADES TERRITORIALES - SALUD,NO DEFINIDO,NO DEFINIDO,NO DEFINIDO,,,2023,Tercer Trimestre,eje_gasto,,,,NO DEFINIDO,NO DEFINIDO,,,,,,NO DEFINIDO,,,,,,NO DEFINIDO,NO DEFINIDO,NO DEFINIDO,0.0,0.0,0.0
14681919,20230901,124205000,E.S.E. Hospital San Fernando - Amagá,2.1.2.02.02.005,CONSTRUCCION Y SERVICIOS DE LA CONSTRUCCION,GASTOS,FUNCIONAMIENTO,ADQUISICION DE BIENES Y SERVICIOS,ADQUISICIONES DIFERENTES DE ACTIVOS,ADQUISICION DE SERVICIOS,CONSTRUCCION Y SERVICIOS DE LA CONSTRUCCION,No Aplica,No Aplica,No Aplica,No Aplica,VIGENCIA ACTUAL,ENTIDADES TERRITORIALES - SALUD,NO DEFINIDO,NO DEFINIDO,SALUD Y PROTECCION SOCIAL,,,2023,Tercer Trimestre,eje_gasto,,,,SERVICIOS MEDICOS GENERALES,R.B. VENTA DE BIENES Y SERVICIOS,,,,,,NO APLICA,,,,,,SIN SITUACION DE FONDOS,NO APLICA,NO DEFINIDO,156976152.0,156976152.0,117440364.0
14692711,20230901,124205000,E.S.E. Hospital San Fernando - Amagá,2.1.1.01.01.001.08,PRESTACIONES SOCIALES,GASTOS,FUNCIONAMIENTO,GASTOS DE PERSONAL,PLANTA DE PERSONAL PERMANENTE,FACTORES CONSTITUTIVOS DE SALARIO,FACTORES SALARIALES COMUNES,PRESTACIONES SOCIALES,No Aplica,No Aplica,No Aplica,VIGENCIA ACTUAL,ENTIDADES TERRITORIALES - SALUD,NO DEFINIDO,NO DEFINIDO,NO DEFINIDO,,,2023,Tercer Trimestre,eje_gasto,,,,NO DEFINIDO,NO DEFINIDO,,,,,,NO DEFINIDO,,,,,,NO DEFINIDO,NO DEFINIDO,NO DEFINIDO,112464719.0,112464719.0,112464719.0
14694709,20230901,124205000,E.S.E. Hospital San Fernando - Amagá,2.1.1.01.01.001.08.01,PRIMA DE NAVIDAD,GASTOS,FUNCIONAMIENTO,GASTOS DE PERSONAL,PLANTA DE PERSONAL PERMANENTE,FACTORES CONSTITUTIVOS DE SALARIO,FACTORES SALARIALES COMUNES,PRESTACIONES SOCIALES,PRIMA DE NAVIDAD,No Aplica,No Aplica,VIGENCIA ACTUAL,ENTIDADES TERRITORIALES - SALUD,NO DEFINIDO,NO DEFINIDO,SALUD Y PROTECCION SOCIAL,,,2023,Tercer Trimestre,eje_gasto,,,,NO APLICA,R.B. VENTA DE BIENES Y SERVICIOS,,,,,,NO APLICA,,,,,,SIN SITUACION DE FONDOS,NO APLICA,NO DEFINIDO,49150998.0,49150998.0,49150998.0
14708190,20230901,124205000,E.S.E. Hospital San Fernando - Amagá,2.1.1.01.03,REMUNERACIONES NO CONSTITUTIVAS DE FACTOR SALARIAL,GASTOS,FUNCIONAMIENTO,GASTOS DE PERSONAL,PLANTA DE PERSONAL PERMANENTE,REMUNERACIONES NO CONSTITUTIVAS DE FACTOR SALARIAL,No Aplica,No Aplica,No Aplica,No Aplica,No Aplica,VIGENCIA ACTUAL,ENTIDADES TERRITORIALES - SALUD,NO DEFINIDO,NO DEFINIDO,NO DEFINIDO,,,2023,Tercer Trimestre,eje_gasto,,,,NO DEFINIDO,NO DEFINIDO,,,,,,NO DEFINIDO,,,,,,NO DEFINIDO,NO DEFINIDO,NO DEFINIDO,106291266.0,106291266.0,106291266.0
14754820,20230901,124205000,E.S.E. Hospital San Fernando - Amagá,2.4.5.01.03,"OTROS BIENES TRANSPORTABLES EXCEPTO PRODUCTOS METALICOS, MAQUINARIA Y EQUIPO",GASTOS,GASTOS DE OPERACION COMERCIAL,GASTOS DE COMERCIALIZACION Y PRODUCCION,MATERIALES Y SUMINISTROS,"OTROS BIENES TRANSPORTABLES EXCEPTO PRODUCTOS METALICOS, MAQUINARIA Y EQUIPO",No Aplica,No Aplica,No Aplica,No Aplica,No Aplica,VIGENCIA ACTUAL,ENTIDADES TERRITORIALES - SALUD,NO DEFINIDO,NO DEFINIDO,SALUD Y PROTECCION SOCIAL,,,2023,Tercer Trimestre,eje_gasto,,,,SERVICIOS MEDICOS GENERALES,R.B. VENTA DE BIENES Y SERVICIOS,,,,,,NO APLICA,,,,,,SIN SITUACION DE FONDOS,NO APLICA,NO DEFINIDO,660134367.0,649056474.0,528042999.0
14762381,20230901,124205000,E.S.E. Hospital San Fernando - Amagá,2.4.5.02,ADQUISICION DE SERVICIOS,GASTOS,GASTOS DE OPERACION COMERCIAL,GASTOS DE COMERCIALIZACION Y PRODUCCION,ADQUISICION DE SERVICIOS,No Aplica,No Aplica,No Aplica,No Aplica,No Aplica,No Aplica,VIGENCIA ACTUAL,ENTIDADES TERRITORIALES - SALUD,NO DEFINIDO,NO DEFINIDO,NO DEFINIDO,,,2023,Tercer Trimestre,eje_gasto,,,,NO DEFINIDO,NO DEFINIDO,,,,,,NO DEFINIDO,,,,,,NO DEFINIDO,NO DEFINIDO,NO DEFINIDO,57139500.0,57129500.0,57129500.0
14811091,20230901,124205000,E.S.E. Hospital San Fernando - Amagá,2.1.1.01.02.002,APORTES A LA SEGURIDAD SOCIAL EN SALUD,GASTOS,FUNCIONAMIENTO,GASTOS DE PERSONAL,PLANTA DE PERSONAL PERMANENTE,CONTRIBUCIONES INHERENTES A LA NOMINA,APORTES A LA SEGURIDAD SOCIAL EN SALUD,No Aplica,No Aplica,No Aplica,No Aplica,VIGENCIA ACTUAL,ENTIDADES TERRITORIALES - SALUD,NO DEFINIDO,NO DEFINIDO,SALUD Y PROTECCION SOCIAL,,,2023,Tercer Trimestre,eje_gasto,,,,NO APLICA,R.B. VENTA DE BIENES Y SERVICIOS,,,,,,NO APLICA,,,,,,SIN SITUACION DE FONDOS,NO APLICA,NO DEFINIDO,140874881.0,140874881.0,127970617.0
14816555,20230901,124205000,E.S.E. Hospital San Fernando - Amagá,2.1.8.04,CONTRIBUCIONES,GASTOS,FUNCIONAMIENTO,"GASTOS POR TRIBUTOS, TASAS, CONTRIBUCIONES, MULTAS, SANCIONES E INTERESES DE MORA",CONTRIBUCIONES,No Aplica,No Aplica,No Aplica,No Aplica,No Aplica,No Aplica,VIGENCIA ACTUAL,ENTIDADES TERRITORIALES - SALUD,NO DEFINIDO,NO DEFINIDO,NO DEFINIDO,,,2023,Tercer Trimestre,eje_gasto,,,,NO DEFINIDO,NO DEFINIDO,,,,,,NO DEFINIDO,,,,,,NO DEFINIDO,NO DEFINIDO,NO DEFINIDO,5285998.0,5285998.0,5285998.0
14818223,20230901,124205000,E.S.E. Hospital San Fernando - Amagá,2.1.2.02.02.009,"SERVICIOS PARA LA COMUNIDAD, SOCIALES Y PERSONALES",GASTOS,FUNCIONAMIENTO,ADQUISICION DE BIENES Y SERVICIOS,ADQUISICIONES DIFERENTES DE ACTIVOS,ADQUISICION DE SERVICIOS,"SERVICIOS PARA LA COMUNIDAD, SOCIALES Y PERSONALES",No Aplica,No Aplica,No Aplica,No Aplica,VIGENCIA ACTUAL,ENTIDADES TERRITORIALES - SALUD,NO DEFINIDO,NO DEFINIDO,SALUD Y PROTECCION SOCIAL,,,2023,Tercer Trimestre,eje_gasto,,,,SERVICIOS MEDICOS GENERALES,R.B. VENTA DE BIENES Y SERVICIOS,,,,,,NO APLICA,,,,,,SIN SITUACION DE FONDOS,NO APLICA,NO DEFINIDO,1279682620.0,931954601.0,931954601.0
14836563,20230901,124205000,E.S.E. Hospital San Fernando - Amagá,2.1.1.01.01.001.06,PRIMA DE SERVICIO,GASTOS,FUNCIONAMIENTO,GASTOS DE PERSONAL,PLANTA DE PERSONAL PERMANENTE,FACTORES CONSTITUTIVOS DE SALARIO,FACTORES SALARIALES COMUNES,PRIMA DE SERVICIO,No Aplica,No Aplica,No Aplica,VIGENCIA ACTUAL,ENTIDADES TERRITORIALES - SALUD,NO DEFINIDO,NO DEFINIDO,SALUD Y PROTECCION SOCIAL,,,2023,Tercer Trimestre,eje_gasto,,,,NO APLICA,R.B. VENTA DE BIENES Y SERVICIOS,,,,,,NO APLICA,,,,,,SIN SITUACION DE FONDOS,NO APLICA,NO DEFINIDO,84467295.0,84467295.0,48839158.0
14842575,20230901,124205000,E.S.E. Hospital San Fernando - Amagá,2.1.1.01.01,FACTORES CONSTITUTIVOS DE SALARIO,GASTOS,FUNCIONAMIENTO,GASTOS DE PERSONAL,PLANTA DE PERSONAL PERMANENTE,FACTORES CONSTITUTIVOS DE SALARIO,No Aplica,No Aplica,No Aplica,No Aplica,No Aplica,VIGENCIA ACTUAL,ENTIDADES TERRITORIALES - SALUD,NO DEFINIDO,NO DEFINIDO,NO DEFINIDO,,,2023,Tercer Trimestre,eje_gasto,,,,NO DEFINIDO,NO DEFINIDO,,,,,,NO DEFINIDO,,,,,,NO DEFINIDO,NO DEFINIDO,NO DEFINIDO,1869472619.0,1869472619.0,1664693615.0
14845709,20230901,124205000,E.S.E. Hospital San Fernando - Amagá,2.1.1.01.02.003,APORTES DE CESANTIAS,GASTOS,FUNCIONAMIENTO,GASTOS DE PERSONAL,PLANTA DE PERSONAL PERMANENTE,CONTRIBUCIONES INHERENTES A LA NOMINA,APORTES DE CESANTIAS,No Aplica,No Aplica,No Aplica,No Aplica,VIGENCIA ACTUAL,ENTIDADES TERRITORIALES - SALUD,NO DEFINIDO,NO DEFINIDO,SALUD Y PROTECCION SOCIAL,,,2023,Tercer Trimestre,eje_gasto,,,,NO APLICA,R.B. VENTA DE BIENES Y SERVICIOS,,,,,,NO APLICA,,,,,,SIN SITUACION DE FONDOS,NO APLICA,NO DEFINIDO,186221205.0,186221205.0,186221205.0
14847026,20230901,124205000,E.S.E. Hospital San Fernando - Amagá,2.1.2.02.02.008,SERVICIOS PRESTADOS A LAS EMPRESAS Y SERVICIOS DE PRODUCCION,GASTOS,FUNCIONAMIENTO,ADQUISICION DE BIENES Y SERVICIOS,ADQUISICIONES DIFERENTES DE ACTIVOS,ADQUISICION DE SERVICIOS,SERVICIOS PRESTADOS A LAS EMPRESAS Y SERVICIOS DE PRODUCCION,No Aplica,No Aplica,No Aplica,No Aplica,VIGENCIA ACTUAL,ENTIDADES TERRITORIALES - SALUD,NO DEFINIDO,NO DEFINIDO,SALUD Y PROTECCION SOCIAL,,,2023,Tercer Trimestre,eje_gasto,,,,SERVICIOS MEDICOS GENERALES,R.B. VENTA DE BIENES Y SERVICIOS,,,,,,NO APLICA,,,,,,SIN SITUACION DE FONDOS,NO APLICA,NO DEFINIDO,420483627.0,302122726.0,298452976.0
14855491,20230901,124205000,E.S.E. Hospital San Fernando - Amagá,2.1.3.07.02.001.02,MESADAS PENSIONALES A CARGO DE LA ENTIDAD DE PENSIONES,GASTOS,FUNCIONAMIENTO,TRANSFERENCIAS CORRIENTES,PRESTACIONES PARA CUBRIR RIESGOS SOCIALES,PRESTACIONES SOCIALES RELACIONADAS CON EL EMPLEO,MESADAS PENSIONALES DE PENSIONES,MESADAS PENSIONALES A CARGO DE LA ENTIDAD DE PENSIONES,No Aplica,No Aplica,No Aplica,VIGENCIA ACTUAL,ENTIDADES TERRITORIALES - SALUD,NO DEFINIDO,NO DEFINIDO,SALUD Y PROTECCION SOCIAL,,,2023,Tercer Trimestre,eje_gasto,,,,NO APLICA,R.B. VENTA DE BIENES Y SERVICIOS,,,,,,NO APLICA,,,,,,SIN SITUACION DE FONDOS,NO APLICA,NO DEFINIDO,11600000.0,11600000.0,11393283.0
14859892,20230901,124205000,E.S.E. Hospital San Fernando - Amagá,2.1.2.02.02,ADQUISICION DE SERVICIOS,GASTOS,FUNCIONAMIENTO,ADQUISICION DE BIENES Y SERVICIOS,ADQUISICIONES DIFERENTES DE ACTIVOS,ADQUISICION DE SERVICIOS,No Aplica,No Aplica,No Aplica,No Aplica,No Aplica,VIGENCIA ACTUAL,ENTIDADES TERRITORIALES - SALUD,NO DEFINIDO,NO DEFINIDO,NO DEFINIDO,,,2023,Tercer Trimestre,eje_gasto,,,,NO DEFINIDO,NO DEFINIDO,,,,,,NO DEFINIDO,,,,,,NO DEFINIDO,NO DEFINIDO,NO DEFINIDO,1959006081.0,1489600847.0,1436576984.0
14877088,20230901,124205000,E.S.E. Hospital San Fernando - Amagá,2.4,GASTOS DE OPERACION COMERCIAL,GASTOS,GASTOS DE OPERACION COMERCIAL,No Aplica,No Aplica,No Aplica,No Aplica,No Aplica,No Aplica,No Aplica,No Aplica,VIGENCIA ACTUAL,ENTIDADES TERRITORIALES - SALUD,NO DEFINIDO,NO DEFINIDO,NO DEFINIDO,,,2023,Tercer Trimestre,eje_gasto,,,,NO DEFINIDO,NO DEFINIDO,,,,,,NO DEFINIDO,,,,,,NO DEFINIDO,NO DEFINIDO,NO DEFINIDO,717273867.0,706185974.0,585172499.0
14899900,20230901,124205000,E.S.E. Hospital San Fernando - Amagá,2.1.2.02,ADQUISICIONES DIFERENTES DE ACTIVOS,GASTOS,FUNCIONAMIENTO,ADQUISICION DE BIENES Y SERVICIOS,ADQUISICIONES DIFERENTES DE ACTIVOS,No Aplica,No Aplica,No Aplica,No Aplica,No Aplica,No Aplica,VIGENCIA ACTUAL,ENTIDADES TERRITORIALES - SALUD,NO DEFINIDO,NO DEFINIDO,NO DEFINIDO,,,2023,Tercer Trimestre,eje_gasto,,,,NO DEFINIDO,NO DEFINIDO,,,,,,NO DEFINIDO,,,,,,NO DEFINIDO,NO DEFINIDO,NO DEFINIDO,2091048657.0,1621643423.0,1542464150.0
14924152,20230901,124205000,E.S.E. Hospital San Fernando - Amagá,2.1.3.07.02.001,MESADAS PENSIONALES DE PENSIONES,GASTOS,FUNCIONAMIENTO,TRANSFERENCIAS CORRIENTES,PRESTACIONES PARA CUBRIR RIESGOS SOCIALES,PRESTACIONES SOCIALES RELACIONADAS CON EL EMPLEO,MESADAS PENSIONALES DE PENSIONES,No Aplica,No Aplica,No Aplica,No Aplica,VIGENCIA ACTUAL,ENTIDADES TERRITORIALES - SALUD,NO DEFINIDO,NO DEFINIDO,NO DEFINIDO,,,2023,Tercer Trimestre,eje_gasto,,,,NO DEFINIDO,NO DEFINIDO,,,,,,NO DEFINIDO,,,,,,NO DEFINIDO,NO DEFINIDO,NO DEFINIDO,11600000.0,11600000.0,11393283.0
14926997,20230901,124205000,E.S.E. Hospital San Fernando - Amagá,2.1.2.02.01,MATERIALES Y SUMINISTROS,GASTOS,FUNCIONAMIENTO,ADQUISICION DE BIENES Y SERVICIOS,ADQUISICIONES DIFERENTES DE ACTIVOS,MATERIALES Y SUMINISTROS,No Aplica,No Aplica,No Aplica,No Aplica,No Aplica,VIGENCIA ACTUAL,ENTIDADES TERRITORIALES - SALUD,NO DEFINIDO,NO DEFINIDO,NO DEFINIDO,,,2023,Tercer Trimestre,eje_gasto,,,,NO DEFINIDO,NO DEFINIDO,,,,,,NO DEFINIDO,,,,,,NO DEFINIDO,NO DEFINIDO,NO DEFINIDO,132042576.0,132042576.0,105887166.0
14934316,20230901,124205000,E.S.E. Hospital San Fernando - Amagá,2.1.1.01.01.001.05,AUXILIO DE TRANSPORTE,GASTOS,FUNCIONAMIENTO,GASTOS DE PERSONAL,PLANTA DE PERSONAL PERMANENTE,FACTORES CONSTITUTIVOS DE SALARIO,FACTORES SALARIALES COMUNES,AUXILIO DE TRANSPORTE,No Aplica,No Aplica,No Aplica,VIGENCIA ACTUAL,ENTIDADES TERRITORIALES - SALUD,NO DEFINIDO,NO DEFINIDO,SALUD Y PROTECCION SOCIAL,,,2023,Tercer Trimestre,eje_gasto,,,,NO APLICA,R.B. VENTA DE BIENES Y SERVICIOS,,,,,,NO APLICA,,,,,,SIN SITUACION DE FONDOS,NO APLICA,NO DEFINIDO,16619674.0,16619674.0,14953183.0
14951268,20230901,124205000,E.S.E. Hospital San Fernando - Amagá,2.1.1.01.02.004,APORTES A CAJAS DE COMPENSACION FAMILIAR,GASTOS,FUNCIONAMIENTO,GASTOS DE PERSONAL,PLANTA DE PERSONAL PERMANENTE,CONTRIBUCIONES INHERENTES A LA NOMINA,APORTES A CAJAS DE COMPENSACION FAMILIAR,No Aplica,No Aplica,No Aplica,No Aplica,VIGENCIA ACTUAL,ENTIDADES TERRITORIALES - SALUD,NO DEFINIDO,NO DEFINIDO,SALUD Y PROTECCION SOCIAL,,,2023,Tercer Trimestre,eje_gasto,,,,NO APLICA,R.B. VENTA DE BIENES Y SERVICIOS,,,,,,NO APLICA,,,,,,SIN SITUACION DE FONDOS,NO APLICA,NO DEFINIDO,65694200.0,65694200.0,59291010.0
14951620,20230901,124205000,E.S.E. Hospital San Fernando - Amagá,2.4.5.01,MATERIALES Y SUMINISTROS,GASTOS,GASTOS DE OPERACION COMERCIAL,GASTOS DE COMERCIALIZACION Y PRODUCCION,MATERIALES Y SUMINISTROS,No Aplica,No Aplica,No Aplica,No Aplica,No Aplica,No Aplica,VIGENCIA ACTUAL,ENTIDADES TERRITORIALES - SALUD,NO DEFINIDO,NO DEFINIDO,NO DEFINIDO,,,2023,Tercer Trimestre,eje_gasto,,,,NO DEFINIDO,NO DEFINIDO,,,,,,NO DEFINIDO,,,,,,NO DEFINIDO,NO DEFINIDO,NO DEFINIDO,660134367.0,649056474.0,528042999.0
14988926,20230901,124205000,E.S.E. Hospital San Fernando - Amagá,2.1,FUNCIONAMIENTO,GASTOS,FUNCIONAMIENTO,No Aplica,No Aplica,No Aplica,No Aplica,No Aplica,No Aplica,No Aplica,No Aplica,VIGENCIA ACTUAL,ENTIDADES TERRITORIALES - SALUD,NO DEFINIDO,NO DEFINIDO,NO DEFINIDO,,,2023,Tercer Trimestre,eje_gasto,,,,NO DEFINIDO,NO DEFINIDO,,,,,,NO DEFINIDO,,,,,,NO DEFINIDO,NO DEFINIDO,NO DEFINIDO,4794306492.0,4324901258.0,3990371540.0
14999306,20230901,124205000,E.S.E. Hospital San Fernando - Amagá,2.1.3,TRANSFERENCIAS CORRIENTES,GASTOS,FUNCIONAMIENTO,TRANSFERENCIAS CORRIENTES,No Aplica,No Aplica,No Aplica,No Aplica,No Aplica,No Aplica,No Aplica,VIGENCIA ACTUAL,ENTIDADES TERRITORIALES - SALUD,NO DEFINIDO,NO DEFINIDO,NO DEFINIDO,,,2023,Tercer Trimestre,eje_gasto,,,,NO DEFINIDO,NO DEFINIDO,,,,,,NO DEFINIDO,,,,,,NO DEFINIDO,NO DEFINIDO,NO DEFINIDO,11600000.0,11600000.0,11393283.0
15015076,20230901,124205000,E.S.E. Hospital San Fernando - Amagá,2.1.8.04.01,CUOTA DE FISCALIZACION Y AUDITAJE,GASTOS,FUNCIONAMIENTO,"GASTOS POR TRIBUTOS, TASAS, CONTRIBUCIONES, MULTAS, SANCIONES E INTERESES DE MORA",CONTRIBUCIONES,CUOTA DE FISCALIZACION Y AUDITAJE,No Aplica,No Aplica,No Aplica,No Aplica,No Aplica,VIGENCIA ACTUAL,ENTIDADES TERRITORIALES - SALUD,NO DEFINIDO,NO DEFINIDO,SALUD Y PROTECCION SOCIAL,,,2023,Tercer Trimestre,eje_gasto,,,,NO APLICA,R.B. VENTA DE BIENES Y SERVICIOS,,,,,,NO APLICA,,,,,,SIN SITUACION DE FONDOS,NO APLICA,NO DEFINIDO,5285998.0,5285998.0,5285998.0
15025046,20230901,124205000,E.S.E. Hospital San Fernando - Amagá,2,GASTOS,GASTOS,No Aplica,No Aplica,No Aplica,No Aplica,No Aplica,No Aplica,No Aplica,No Aplica,No Aplica,VIGENCIA ACTUAL,ENTIDADES TERRITORIALES - SALUD,NO DEFINIDO,NO DEFINIDO,NO DEFINIDO,,,2023,Tercer Trimestre,eje_gasto,,,,NO DEFINIDO,NO DEFINIDO,,,,,,NO DEFINIDO,,,,,,NO DEFINIDO,NO DEFINIDO,NO DEFINIDO,5511580359.0,5031087232.0,4575544039.0
15025701,20230901,124205000,E.S.E. Hospital San Fernando - Amagá,2.1.1.01.03.001,PRESTACIONES SOCIALES,GASTOS,FUNCIONAMIENTO,GASTOS DE PERSONAL,PLANTA DE PERSONAL PERMANENTE,REMUNERACIONES NO CONSTITUTIVAS DE FACTOR SALARIAL,PRESTACIONES SOCIALES,No Aplica,No Aplica,No Aplica,No Aplica,VIGENCIA ACTUAL,ENTIDADES TERRITORIALES - SALUD,NO DEFINIDO,NO DEFINIDO,NO DEFINIDO,,,2023,Tercer Trimestre,eje_gasto,,,,NO DEFINIDO,NO DEFINIDO,,,,,,NO DEFINIDO,,,,,,NO DEFINIDO,NO DEFINIDO,NO DEFINIDO,106291266.0,106291266.0,106291266.0
15031572,20230901,124205000,E.S.E. Hospital San Fernando - Amagá,2.4.5,GASTOS DE COMERCIALIZACION Y PRODUCCION,GASTOS,GASTOS DE OPERACION COMERCIAL,GASTOS DE COMERCIALIZACION Y PRODUCCION,No Aplica,No Aplica,No Aplica,No Aplica,No Aplica,No Aplica,No Aplica,VIGENCIA ACTUAL,ENTIDADES TERRITORIALES - SALUD,NO DEFINIDO,NO DEFINIDO,NO DEFINIDO,,,2023,Tercer Trimestre,eje_gasto,,,,NO DEFINIDO,NO DEFINIDO,,,,,,NO DEFINIDO,,,,,,NO DEFINIDO,NO DEFINIDO,NO DEFINIDO,717273867.0,706185974.0,585172499.0
15041079,20230901,124205000,E.S.E. Hospital San Fernando - Amagá,2.1.1.01.01.001,FACTORES SALARIALES COMUNES,GASTOS,FUNCIONAMIENTO,GASTOS DE PERSONAL,PLANTA DE PERSONAL PERMANENTE,FACTORES CONSTITUTIVOS DE SALARIO,FACTORES SALARIALES COMUNES,No Aplica,No Aplica,No Aplica,No Aplica,VIGENCIA ACTUAL,ENTIDADES TERRITORIALES - SALUD,NO DEFINIDO,NO DEFINIDO,NO DEFINIDO,,,2023,Tercer Trimestre,eje_gasto,,,,NO DEFINIDO,NO DEFINIDO,,,,,,NO DEFINIDO,,,,,,NO DEFINIDO,NO DEFINIDO,NO DEFINIDO,1869472619.0,1869472619.0,1664693615.0
15050811,20230901,124205000,E.S.E. Hospital San Fernando - Amagá,2.1.1,GASTOS DE PERSONAL,GASTOS,FUNCIONAMIENTO,GASTOS DE PERSONAL,No Aplica,No Aplica,No Aplica,No Aplica,No Aplica,No Aplica,No Aplica,VIGENCIA ACTUAL,ENTIDADES TERRITORIALES - SALUD,NO DEFINIDO,NO DEFINIDO,NO DEFINIDO,,,2023,Tercer Trimestre,eje_gasto,,,,NO DEFINIDO,NO DEFINIDO,,,,,,NO DEFINIDO,,,,,,NO DEFINIDO,NO DEFINIDO,NO DEFINIDO,2685250837.0,2685250837.0,2430107109.0
15066229,20230901,124205000,E.S.E. Hospital San Fernando - Amagá,2.1.1.01.03.001.03,BONIFICACION ESPECIAL DE RECREACION,GASTOS,FUNCIONAMIENTO,GASTOS DE PERSONAL,PLANTA DE PERSONAL PERMANENTE,REMUNERACIONES NO CONSTITUTIVAS DE FACTOR SALARIAL,PRESTACIONES SOCIALES,BONIFICACION ESPECIAL DE RECREACION,No Aplica,No Aplica,No Aplica,VIGENCIA ACTUAL,ENTIDADES TERRITORIALES - SALUD,NO DEFINIDO,NO DEFINIDO,SALUD Y PROTECCION SOCIAL,,,2023,Tercer Trimestre,eje_gasto,,,,NO APLICA,R.B. VENTA DE BIENES Y SERVICIOS,,,,,,NO APLICA,,,,,,SIN SITUACION DE FONDOS,NO APLICA,NO DEFINIDO,8441828.0,8441828.0,8441828.0
15104407,20230901,124205000,E.S.E. Hospital San Fernando - Amagá,2.1.3.07.02,PRESTACIONES SOCIALES RELACIONADAS CON EL EMPLEO,GASTOS,FUNCIONAMIENTO,TRANSFERENCIAS CORRIENTES,PRESTACIONES PARA CUBRIR RIESGOS SOCIALES,PRESTACIONES SOCIALES RELACIONADAS CON EL EMPLEO,No Aplica,No Aplica,No Aplica,No Aplica,No Aplica,VIGENCIA ACTUAL,ENTIDADES TERRITORIALES - SALUD,NO DEFINIDO,NO DEFINIDO,NO DEFINIDO,,,2023,Tercer Trimestre,eje_gasto,,,,NO DEFINIDO,NO DEFINIDO,,,,,,NO DEFINIDO,,,,,,NO DEFINIDO,NO DEFINIDO,NO DEFINIDO,11600000.0,11600000.0,11393283.0
15112878,20230901,124205000,E.S.E. Hospital San Fernando - Amagá,2.1.2.02.02.010,VIATICOS DE LOS FUNCIONARIOS EN COMISION,GASTOS,FUNCIONAMIENTO,ADQUISICION DE BIENES Y SERVICIOS,ADQUISICIONES DIFERENTES DE ACTIVOS,ADQUISICION DE SERVICIOS,VIATICOS DE LOS FUNCIONARIOS EN COMISION,No Aplica,No Aplica,No Aplica,No Aplica,VIGENCIA ACTUAL,ENTIDADES TERRITORIALES - SALUD,NO DEFINIDO,NO DEFINIDO,SALUD Y PROTECCION SOCIAL,,,2023,Tercer Trimestre,eje_gasto,,,,SERVICIOS MEDICOS GENERALES,R.B. VENTA DE BIENES Y SERVICIOS,,,,,,NO APLICA,,,,,,SIN SITUACION DE FONDOS,NO APLICA,NO DEFINIDO,31263332.0,31263332.0,30954000.0
15127984,20230901,124205000,E.S.E. Hospital San Fernando - Amagá,2.1.1.01.02.005,APORTES GENERALES AL SISTEMA DE RIESGOS LABORALES,GASTOS,FUNCIONAMIENTO,GASTOS DE PERSONAL,PLANTA DE PERSONAL PERMANENTE,CONTRIBUCIONES INHERENTES A LA NOMINA,APORTES GENERALES AL SISTEMA DE RIESGOS LABORALES,No Aplica,No Aplica,No Aplica,No Aplica,VIGENCIA ACTUAL,ENTIDADES TERRITORIALES - SALUD,NO DEFINIDO,NO DEFINIDO,SALUD Y PROTECCION SOCIAL,,,2023,Tercer Trimestre,eje_gasto,,,,NO APLICA,R.B. VENTA DE BIENES Y SERVICIOS,,,,,,NO APLICA,,,,,,SIN SITUACION DE FONDOS,NO APLICA,NO DEFINIDO,33697700.0,33697700.0,30209196.0
15149304,20230901,124205000,E.S.E. Hospital San Fernando - Amagá,2.1.1.01.01.001.08.02,PRIMA DE VACACIONES,GASTOS,FUNCIONAMIENTO,GASTOS DE PERSONAL,PLANTA DE PERSONAL PERMANENTE,FACTORES CONSTITUTIVOS DE SALARIO,FACTORES SALARIALES COMUNES,PRESTACIONES SOCIALES,PRIMA DE VACACIONES,No Aplica,No Aplica,VIGENCIA ACTUAL,ENTIDADES TERRITORIALES - SALUD,NO DEFINIDO,NO DEFINIDO,SALUD Y PROTECCION SOCIAL,,,2023,Tercer Trimestre,eje_gasto,,,,NO APLICA,R.B. VENTA DE BIENES Y SERVICIOS,,,,,,NO APLICA,,,,,,SIN SITUACION DE FONDOS,NO APLICA,NO DEFINIDO,63313721.0,63313721.0,63313721.0
15177347,20230901,124205000,E.S.E. Hospital San Fernando - Amagá,2.1.1.01.01.001.01,SUELDO BASICO,GASTOS,FUNCIONAMIENTO,GASTOS DE PERSONAL,PLANTA DE PERSONAL PERMANENTE,FACTORES CONSTITUTIVOS DE SALARIO,FACTORES SALARIALES COMUNES,SUELDO BASICO,No Aplica,No Aplica,No Aplica,VIGENCIA ACTUAL,ENTIDADES TERRITORIALES - SALUD,NO DEFINIDO,NO DEFINIDO,SALUD Y PROTECCION SOCIAL,,,2023,Tercer Trimestre,eje_gasto,,,,NO APLICA,R.B. VENTA DE BIENES Y SERVICIOS,,,,,,NO APLICA,,,,,,SIN SITUACION DE FONDOS,NO APLICA,NO DEFINIDO,1360558457.0,1360558457.0,1231019061.0
15178006,20230901,124205000,E.S.E. Hospital San Fernando - Amagá,2.1.2.02.02.006,"COMERCIO Y DISTRIBUCION; ALOJAMIENTO; SERVICIOS DE SUMINISTRO DE COMIDAS Y BEBIDAS; SERVICIOS DE TRANSPORTE; Y SERVICIOS DE DISTRIBUCION DE ELECTRICIDAD, GAS Y AGUA",GASTOS,FUNCIONAMIENTO,ADQUISICION DE BIENES Y SERVICIOS,ADQUISICIONES DIFERENTES DE ACTIVOS,ADQUISICION DE SERVICIOS,"COMERCIO Y DISTRIBUCION; ALOJAMIENTO; SERVICIOS DE SUMINISTRO DE COMIDAS Y BEBIDAS; SERVICIOS DE TRANSPORTE; Y SERVICIOS DE DISTRIBUCION DE ELECTRICIDAD, GAS Y AGUA",No Aplica,No Aplica,No Aplica,No Aplica,VIGENCIA ACTUAL,ENTIDADES TERRITORIALES - SALUD,NO DEFINIDO,NO DEFINIDO,SALUD Y PROTECCION SOCIAL,,,2023,Tercer Trimestre,eje_gasto,,,,SERVICIOS MEDICOS GENERALES,R.B. VENTA DE BIENES Y SERVICIOS,,,,,,NO APLICA,,,,,,SIN SITUACION DE FONDOS,NO APLICA,NO DEFINIDO,4316314.0,1000000.0,1000000.0
15187364,20230901,124205000,E.S.E. Hospital San Fernando - Amagá,2.1.1.01.01.001.02,"HORAS EXTRAS, DOMINICALES, FESTIVOS Y RECARGOS",GASTOS,FUNCIONAMIENTO,GASTOS DE PERSONAL,PLANTA DE PERSONAL PERMANENTE,FACTORES CONSTITUTIVOS DE SALARIO,FACTORES SALARIALES COMUNES,"HORAS EXTRAS, DOMINICALES, FESTIVOS Y RECARGOS",No Aplica,No Aplica,No Aplica,VIGENCIA ACTUAL,ENTIDADES TERRITORIALES - SALUD,NO DEFINIDO,NO DEFINIDO,SALUD Y PROTECCION SOCIAL,,,2023,Tercer Trimestre,eje_gasto,,,,NO APLICA,R.B. VENTA DE BIENES Y SERVICIOS,,,,,,NO APLICA,,,,,,SIN SITUACION DE FONDOS,NO APLICA,NO DEFINIDO,217050439.0,217050439.0,191179344.0
15219699,20230901,124205000,E.S.E. Hospital San Fernando - Amagá,2.1.2,ADQUISICION DE BIENES Y SERVICIOS,GASTOS,FUNCIONAMIENTO,ADQUISICION DE BIENES Y SERVICIOS,No Aplica,No Aplica,No Aplica,No Aplica,No Aplica,No Aplica,No Aplica,VIGENCIA ACTUAL,ENTIDADES TERRITORIALES - SALUD,NO DEFINIDO,NO DEFINIDO,NO DEFINIDO,,,2023,Tercer Trimestre,eje_gasto,,,,NO DEFINIDO,NO DEFINIDO,,,,,,NO DEFINIDO,,,,,,NO DEFINIDO,NO DEFINIDO,NO DEFINIDO,2091048657.0,1621643423.0,1542464150.0
15246227,20230901,124205000,E.S.E. Hospital San Fernando - Amagá,2.1.8,"GASTOS POR TRIBUTOS, TASAS, CONTRIBUCIONES, MULTAS, SANCIONES E INTERESES DE MORA",GASTOS,FUNCIONAMIENTO,"GASTOS POR TRIBUTOS, TASAS, CONTRIBUCIONES, MULTAS, SANCIONES E INTERESES DE MORA",No Aplica,No Aplica,No Aplica,No Aplica,No Aplica,No Aplica,No Aplica,VIGENCIA ACTUAL,ENTIDADES TERRITORIALES - SALUD,NO DEFINIDO,NO DEFINIDO,NO DEFINIDO,,,2023,Tercer Trimestre,eje_gasto,,,,NO DEFINIDO,NO DEFINIDO,,,,,,NO DEFINIDO,,,,,,NO DEFINIDO,NO DEFINIDO,NO DEFINIDO,6406998.0,6406998.0,6406998.0
15277648,20230901,124205000,E.S.E. Hospital San Fernando - Amagá,2.1.1.01.01.001.07,BONIFICACION POR SERVICIOS PRESTADOS,GASTOS,FUNCIONAMIENTO,GASTOS DE PERSONAL,PLANTA DE PERSONAL PERMANENTE,FACTORES CONSTITUTIVOS DE SALARIO,FACTORES SALARIALES COMUNES,BONIFICACION POR SERVICIOS PRESTADOS,No Aplica,No Aplica,No Aplica,VIGENCIA ACTUAL,ENTIDADES TERRITORIALES - SALUD,NO DEFINIDO,NO DEFINIDO,SALUD Y PROTECCION SOCIAL,,,2023,Tercer Trimestre,eje_gasto,,,,NO APLICA,R.B. VENTA DE BIENES Y SERVICIOS,,,,,,NO APLICA,,,,,,SIN SITUACION DE FONDOS,NO APLICA,NO DEFINIDO,52135430.0,52135430.0,49202502.0
15290664,20230901,124205000,E.S.E. Hospital San Fernando - Amagá,2.1.3.07,PRESTACIONES PARA CUBRIR RIESGOS SOCIALES,GASTOS,FUNCIONAMIENTO,TRANSFERENCIAS CORRIENTES,PRESTACIONES PARA CUBRIR RIESGOS SOCIALES,No Aplica,No Aplica,No Aplica,No Aplica,No Aplica,No Aplica,VIGENCIA ACTUAL,ENTIDADES TERRITORIALES - SALUD,NO DEFINIDO,NO DEFINIDO,NO DEFINIDO,,,2023,Tercer Trimestre,eje_gasto,,,,NO DEFINIDO,NO DEFINIDO,,,,,,NO DEFINIDO,,,,,,NO DEFINIDO,NO DEFINIDO,NO DEFINIDO,11600000.0,11600000.0,11393283.0
15292544,20230901,124205000,E.S.E. Hospital San Fernando - Amagá,2.1.1.01.02.001,APORTES A LA SEGURIDAD SOCIAL EN PENSIONES,GASTOS,FUNCIONAMIENTO,GASTOS DE PERSONAL,PLANTA DE PERSONAL PERMANENTE,CONTRIBUCIONES INHERENTES A LA NOMINA,APORTES A LA SEGURIDAD SOCIAL EN PENSIONES,No Aplica,No Aplica,No Aplica,No Aplica,VIGENCIA ACTUAL,ENTIDADES TERRITORIALES - SALUD,NO DEFINIDO,NO DEFINIDO,SALUD Y PROTECCION SOCIAL,,,2023,Tercer Trimestre,eje_gasto,,,,NO APLICA,R.B. VENTA DE BIENES Y SERVICIOS,,,,,,NO APLICA,,,,,,SIN SITUACION DE FONDOS,NO APLICA,NO DEFINIDO,200863666.0,200863666.0,181300577.0
15308966,20230901,124205000,E.S.E. Hospital San Fernando - Amagá,2.1.7.05.01,PROGRAMAS DE SANEAMIENTO FISCAL Y FINANCIERO EMPRESAS SOCIALES DEL ESTADO ESE,GASTOS,FUNCIONAMIENTO,DISMINUCION DE PASIVOS,PROGRAMAS DE SANEAMIENTO FISCAL Y FINANCIERO,PROGRAMAS DE SANEAMIENTO FISCAL Y FINANCIERO EMPRESAS SOCIALES DEL ESTADO ESE,No Aplica,No Aplica,No Aplica,No Aplica,No Aplica,VIGENCIA ACTUAL,ENTIDADES TERRITORIALES - SALUD,NO DEFINIDO,NO DEFINIDO,SALUD Y PROTECCION SOCIAL,,,2023,Tercer Trimestre,eje_gasto,,,,NO APLICA,R.B. VENTA DE BIENES Y SERVICIOS,,,,,,NO APLICA,,,,,,SIN SITUACION DE FONDOS,NO APLICA,NO DEFINIDO,0.0,0.0,0.0
15313596,20230901,124205000,E.S.E. Hospital San Fernando - Amagá,2.1.8.05,"MULTAS, SANCIONES E INTERESES DE MORA",GASTOS,FUNCIONAMIENTO,"GASTOS POR TRIBUTOS, TASAS, CONTRIBUCIONES, MULTAS, SANCIONES E INTERESES DE MORA","MULTAS, SANCIONES E INTERESES DE MORA",No Aplica,No Aplica,No Aplica,No Aplica,No Aplica,No Aplica,VIGENCIA ACTUAL,ENTIDADES TERRITORIALES - SALUD,NO DEFINIDO,NO DEFINIDO,NO DEFINIDO,,,2023,Tercer Trimestre,eje_gasto,,,,NO DEFINIDO,NO DEFINIDO,,,,,,NO DEFINIDO,,,,,,NO DEFINIDO,NO DEFINIDO,NO DEFINIDO,1121000.0,1121000.0,1121000.0
15336877,20230901,124205000,E.S.E. Hospital San Fernando - Amagá,2.1.1.01.02.007,APORTES AL SENA,GASTOS,FUNCIONAMIENTO,GASTOS DE PERSONAL,PLANTA DE PERSONAL PERMANENTE,CONTRIBUCIONES INHERENTES A LA NOMINA,APORTES AL SENA,No Aplica,No Aplica,No Aplica,No Aplica,VIGENCIA ACTUAL,ENTIDADES TERRITORIALES - SALUD,NO DEFINIDO,NO DEFINIDO,SALUD Y PROTECCION SOCIAL,,,2023,Tercer Trimestre,eje_gasto,,,,NO APLICA,R.B. VENTA DE BIENES Y SERVICIOS,,,,,,NO APLICA,,,,,,SIN SITUACION DE FONDOS,NO APLICA,NO DEFINIDO,32860100.0,32860100.0,29657589.0
15389050,20230901,124205000,E.S.E. Hospital San Fernando - Amagá,2.4.5.02.06,"COMERCIO Y DISTRIBUCION; ALOJAMIENTO; SERVICIOS DE SUMINISTRO DE COMIDAS Y BEBIDAS; SERVICIOS DE TRANSPORTE; Y SERVICIOS DE DISTRIBUCION DE ELECTRICIDAD, GAS Y AGUA",GASTOS,GASTOS DE OPERACION COMERCIAL,GASTOS DE COMERCIALIZACION Y PRODUCCION,ADQUISICION DE SERVICIOS,"COMERCIO Y DISTRIBUCION; ALOJAMIENTO; SERVICIOS DE SUMINISTRO DE COMIDAS Y BEBIDAS; SERVICIOS DE TRANSPORTE; Y SERVICIOS DE DISTRIBUCION DE ELECTRICIDAD, GAS Y AGUA",No Aplica,No Aplica,No Aplica,No Aplica,No Aplica,VIGENCIA ACTUAL,ENTIDADES TERRITORIALES - SALUD,NO DEFINIDO,NO DEFINIDO,SALUD Y PROTECCION SOCIAL,,,2023,Tercer Trimestre,eje_gasto,,,,SERVICIOS MEDICOS GENERALES,R.B. VENTA DE BIENES Y SERVICIOS,,,,,,NO APLICA,,,,,,SIN SITUACION DE FONDOS,NO APLICA,NO DEFINIDO,57139500.0,57129500.0,57129500.0
15405251,20230901,124205000,E.S.E. Hospital San Fernando - Amagá,2.1.2.02.01.002,"PRODUCTOS ALIMENTICIOS, BEBIDAS Y TABACO, TEXTILES, PRENDAS DE VESTIR Y PRODUCTOS DE CUERO",GASTOS,FUNCIONAMIENTO,ADQUISICION DE BIENES Y SERVICIOS,ADQUISICIONES DIFERENTES DE ACTIVOS,MATERIALES Y SUMINISTROS,"PRODUCTOS ALIMENTICIOS, BEBIDAS Y TABACO, TEXTILES, PRENDAS DE VESTIR Y PRODUCTOS DE CUERO",No Aplica,No Aplica,No Aplica,No Aplica,VIGENCIA ACTUAL,ENTIDADES TERRITORIALES - SALUD,NO DEFINIDO,NO DEFINIDO,SALUD Y PROTECCION SOCIAL,,,2023,Tercer Trimestre,eje_gasto,,,,SERVICIOS MEDICOS GENERALES,R.B. VENTA DE BIENES Y SERVICIOS,,,,,,NO APLICA,,,,,,SIN SITUACION DE FONDOS,NO APLICA,NO DEFINIDO,3032560.0,3032560.0,3032560.0
