,PERIODO,CODIGO_ENTIDAD,NOMBRE_ENTIDAD,CUENTA,NOMBRE_CUENTA,CUENTA_NIVEL_01,CUENTA_NIVEL_02,CUENTA_NIVEL_03,CUENTA_NIVEL_04,CUENTA_NIVEL_05,CUENTA_NIVEL_06,CUENTA_NIVEL_07,CUENTA_NIVEL_08,CUENTA_NIVEL_09,CUENTA_NIVEL_10,VIGENCIA_DEL_GASTO,SECCION_PRESUPUESTAL,PROGRAMATICO_MGA,BPIN,SECTOR,APROPIACION_INICIAL,APROPIACION_DEFINITIVA,VIGENCIA,TRIMESTRE,tipo,PRESUPUESTO_DEFINITIVO,PRESUPUESTO_INICIAL,TOTAL_RECAUDO,CPC,FUENTES_FINANCIACION,APLICA_DESTINACION_ESPECIFICA,TIPO_NORMA_DESTINACION,TIPO_NORMA,NUMERO_NORMA,TERCERO,POLITICA_PUBLICA,DETALLE_SECTORIAL,RECAUDO_VAC_SS,RECAUDO_VAC_CS,RECAUDO_VAN_SS,RECAUDO_VAN_CS,SITUACION_DE_FONDOS,TERCEROS,SECTORIAL,COMPROMISOS,OBLIGACIONES,PAGOS
2018870,20210301,220173585,Instituto Purificense para la Recreación y el Deporte,2.1.1.01.02.006,APORTES AL ICBF,GASTOS,FUNCIONAMIENTO,GASTOS DE PERSONAL,PLANTA DE PERSONAL PERMANENTE,CONTRIBUCIONES INHERENTES A LA NOMINA,APORTES AL ICBF,No Aplica,No Aplica,No Aplica,No Aplica,VIGENCIA ACTUAL,ENTIDADES DIFERENTES A ENTIDADES TERRITORIALES - GESTION GENERAL,NO DEFINIDO,NO DEFINIDO,NO DEFINIDO,2470000.0,2470000.0,2021,Primer Trimestre,pres_gasto,,,,,,,,,,,,,,,,,,,,,,
2039666,20220901,220173585,Instituto Purificense para la Recreación y el Deporte,2.1.3.13,SENTENCIAS Y CONCILIACIONES,GASTOS,FUNCIONAMIENTO,TRANSFERENCIAS CORRIENTES,SENTENCIAS Y CONCILIACIONES,No Aplica,No Aplica,No Aplica,No Aplica,No Aplica,No Aplica,VIGENCIA ACTUAL,ENTIDADES DIFERENTES A ENTIDADES TERRITORIALES - GESTION GENERAL,NO DEFINIDO,NO DEFINIDO,NO DEFINIDO,0.0,70000000.0,2022,Tercer Trimestre,pres_gasto,,,,,,,,,,,,,,,,,,,,,,
2042904,20211201,220173585,Instituto Purificense para la Recreación y el Deporte,2.1.3,TRANSFERENCIAS CORRIENTES,GASTOS,FUNCIONAMIENTO,TRANSFERENCIAS CORRIENTES,No Aplica,No Aplica,No Aplica,No Aplica,No Aplica,No Aplica,No Aplica,VIGENCIA ACTUAL,ENTIDADES DIFERENTES A ENTIDADES TERRITORIALES - GESTION GENERAL,NO DEFINIDO,NO DEFINIDO,NO DEFINIDO,0.0,112050000.0,2021,Cuarto Trimestre,pres_gasto,,,,,,,,,,,,,,,,,,,,,,
2061804,20211201,220173585,Instituto Purificense para la Recreación y el Deporte,2.1.1.01.02.004,APORTES A CAJAS DE COMPENSACION FAMILIAR,GASTOS,FUNCIONAMIENTO,GASTOS DE PERSONAL,PLANTA DE PERSONAL PERMANENTE,CONTRIBUCIONES INHERENTES A LA NOMINA,APORTES A CAJAS DE COMPENSACION FAMILIAR,No Aplica,No Aplica,No Aplica,No Aplica,VIGENCIA ACTUAL,ENTIDADES DIFERENTES A ENTIDADES TERRITORIALES - GESTION GENERAL,NO DEFINIDO,NO DEFINIDO,DEPORTE Y RECREACION,3293671.0,3293671.0,2021,Cuarto Trimestre,pres_gasto,,,,,,,,,,,,,,,,,,,,,,
2061910,20220601,220173585,Instituto Purificense para la Recreación y el Deporte,2.1.8,"GASTOS POR TRIBUTOS, TASAS, CONTRIBUCIONES, MULTAS, SANCIONES E INTERESES DE MORA",GASTOS,FUNCIONAMIENTO,"GASTOS POR TRIBUTOS, TASAS, CONTRIBUCIONES, MULTAS, SANCIONES E INTERESES DE MORA",No Aplica,No Aplica,No Aplica,No Aplica,No Aplica,No Aplica,No Aplica,VIGENCIA ACTUAL,ENTIDADES DIFERENTES A ENTIDADES TERRITORIALES - GESTION GENERAL,NO DEFINIDO,NO DEFINIDO,NO DEFINIDO,2002000.0,2001004.0,2022,Segundo Trimestre,pres_gasto,,,,,,,,,,,,,,,,,,,,,,
2075843,20230601,220173585,Instituto Purificense para la Recreación y el Deporte,2.1.1.01.01.001.08,PRESTACIONES SOCIALES,GASTOS,FUNCIONAMIENTO,GASTOS DE PERSONAL,PLANTA DE PERSONAL PERMANENTE,FACTORES CONSTITUTIVOS DE SALARIO,FACTORES SALARIALES COMUNES,PRESTACIONES SOCIALES,No Aplica,No Aplica,No Aplica,VIGENCIA ACTUAL,ENTIDADES DIFERENTES A ENTIDADES TERRITORIALES - GESTION GENERAL,NO DEFINIDO,NO DEFINIDO,NO DEFINIDO,13500000.0,13500000.0,2023,Segundo Trimestre,pres_gasto,,,,,,,,,,,,,,,,,,,,,,
2077561,20210601,220173585,Instituto Purificense para la Recreación y el Deporte,2.1.8.01,IMPUESTOS,GASTOS,FUNCIONAMIENTO,"GASTOS POR TRIBUTOS, TASAS, CONTRIBUCIONES, MULTAS, SANCIONES E INTERESES DE MORA",IMPUESTOS,No Aplica,No Aplica,No Aplica,No Aplica,No Aplica,No Aplica,VIGENCIA ACTUAL,ENTIDADES DIFERENTES A ENTIDADES TERRITORIALES - GESTION GENERAL,NO DEFINIDO,NO DEFINIDO,NO DEFINIDO,2000.0,2000.0,2021,Segundo Trimestre,pres_gasto,,,,,,,,,,,,,,,,,,,,,,
2079152,20220301,220173585,Instituto Purificense para la Recreación y el Deporte,2.1.1.01.02.002,APORTES A LA SEGURIDAD SOCIAL EN SALUD,GASTOS,FUNCIONAMIENTO,GASTOS DE PERSONAL,PLANTA DE PERSONAL PERMANENTE,CONTRIBUCIONES INHERENTES A LA NOMINA,APORTES A LA SEGURIDAD SOCIAL EN SALUD,No Aplica,No Aplica,No Aplica,No Aplica,VIGENCIA ACTUAL,ENTIDADES DIFERENTES A ENTIDADES TERRITORIALES - GESTION GENERAL,NO DEFINIDO,NO DEFINIDO,DEPORTE Y RECREACION,7655175.0,7655175.0,2022,Primer Trimestre,pres_gasto,,,,,,,,,,,,,,,,,,,,,,
2089484,20210601,220173585,Instituto Purificense para la Recreación y el Deporte,2.1.2,ADQUISICION DE BIENES Y SERVICIOS,GASTOS,FUNCIONAMIENTO,ADQUISICION DE BIENES Y SERVICIOS,No Aplica,No Aplica,No Aplica,No Aplica,No Aplica,No Aplica,No Aplica,VIGENCIA ACTUAL,ENTIDADES DIFERENTES A ENTIDADES TERRITORIALES - GESTION GENERAL,NO DEFINIDO,NO DEFINIDO,NO DEFINIDO,10776489.0,8426489.0,2021,Segundo Trimestre,pres_gasto,,,,,,,,,,,,,,,,,,,,,,
2095094,20210601,220173585,Instituto Purificense para la Recreación y el Deporte,2.1.3.13,SENTENCIAS Y CONCILIACIONES,GASTOS,FUNCIONAMIENTO,TRANSFERENCIAS CORRIENTES,SENTENCIAS Y CONCILIACIONES,No Aplica,No Aplica,No Aplica,No Aplica,No Aplica,No Aplica,VIGENCIA ACTUAL,ENTIDADES DIFERENTES A ENTIDADES TERRITORIALES - GESTION GENERAL,NO DEFINIDO,NO DEFINIDO,NO DEFINIDO,0.0,112050000.0,2021,Segundo Trimestre,pres_gasto,,,,,,,,,,,,,,,,,,,,,,
2107228,20230601,220173585,Instituto Purificense para la Recreación y el Deporte,2.1.1.01.01.001.06,PRIMA DE SERVICIO,GASTOS,FUNCIONAMIENTO,GASTOS DE PERSONAL,PLANTA DE PERSONAL PERMANENTE,FACTORES CONSTITUTIVOS DE SALARIO,FACTORES SALARIALES COMUNES,PRIMA DE SERVICIO,No Aplica,No Aplica,No Aplica,VIGENCIA ACTUAL,ENTIDADES DIFERENTES A ENTIDADES TERRITORIALES - GESTION GENERAL,NO DEFINIDO,NO DEFINIDO,DEPORTE Y RECREACION,5500000.0,5500000.0,2023,Segundo Trimestre,pres_gasto,,,,,,,,,,,,,,,,,,,,,,
2108648,20211201,220173585,Instituto Purificense para la Recreación y el Deporte,2.1.1.01.01.001.06,PRIMA DE SERVICIO,GASTOS,FUNCIONAMIENTO,GASTOS DE PERSONAL,PLANTA DE PERSONAL PERMANENTE,FACTORES CONSTITUTIVOS DE SALARIO,FACTORES SALARIALES COMUNES,PRIMA DE SERVICIO,No Aplica,No Aplica,No Aplica,VIGENCIA ACTUAL,ENTIDADES DIFERENTES A ENTIDADES TERRITORIALES - GESTION GENERAL,NO DEFINIDO,NO DEFINIDO,DEPORTE Y RECREACION,0.0,3500000.0,2021,Cuarto Trimestre,pres_gasto,,,,,,,,,,,,,,,,,,,,,,
2111145,20211201,220173585,Instituto Purificense para la Recreación y el Deporte,2.1.5.02,ADQUISICION DE SERVICIOS,GASTOS,FUNCIONAMIENTO,GASTOS DE COMERCIALIZACION Y PRODUCCION,ADQUISICION DE SERVICIOS,No Aplica,No Aplica,No Aplica,No Aplica,No Aplica,No Aplica,VIGENCIA ACTUAL,ENTIDADES DIFERENTES A ENTIDADES TERRITORIALES - GESTION GENERAL,NO DEFINIDO,NO DEFINIDO,NO DEFINIDO,15500000.0,9583000.0,2021,Cuarto Trimestre,pres_gasto,,,,,,,,,,,,,,,,,,,,,,
2112938,20230301,220173585,Instituto Purificense para la Recreación y el Deporte,2.1.1.01.01.001,FACTORES SALARIALES COMUNES,GASTOS,FUNCIONAMIENTO,GASTOS DE PERSONAL,PLANTA DE PERSONAL PERMANENTE,FACTORES CONSTITUTIVOS DE SALARIO,FACTORES SALARIALES COMUNES,No Aplica,No Aplica,No Aplica,No Aplica,VIGENCIA ACTUAL,ENTIDADES DIFERENTES A ENTIDADES TERRITORIALES - GESTION GENERAL,NO DEFINIDO,NO DEFINIDO,NO DEFINIDO,129772054.0,129772054.0,2023,Primer Trimestre,pres_gasto,,,,,,,,,,,,,,,,,,,,,,
2120303,20220301,220173585,Instituto Purificense para la Recreación y el Deporte,2.1.1.01,PLANTA DE PERSONAL PERMANENTE,GASTOS,FUNCIONAMIENTO,GASTOS DE PERSONAL,PLANTA DE PERSONAL PERMANENTE,No Aplica,No Aplica,No Aplica,No Aplica,No Aplica,No Aplica,VIGENCIA ACTUAL,ENTIDADES DIFERENTES A ENTIDADES TERRITORIALES - GESTION GENERAL,NO DEFINIDO,NO DEFINIDO,NO DEFINIDO,155740713.0,156046313.0,2022,Primer Trimestre,pres_gasto,,,,,,,,,,,,,,,,,,,,,,
2120515,20220901,220173585,Instituto Purificense para la Recreación y el Deporte,2.1.1.01.03,REMUNERACIONES NO CONSTITUTIVAS DE FACTOR SALARIAL,GASTOS,FUNCIONAMIENTO,GASTOS DE PERSONAL,PLANTA DE PERSONAL PERMANENTE,REMUNERACIONES NO CONSTITUTIVAS DE FACTOR SALARIAL,No Aplica,No Aplica,No Aplica,No Aplica,No Aplica,VIGENCIA ACTUAL,ENTIDADES DIFERENTES A ENTIDADES TERRITORIALES - GESTION GENERAL,NO DEFINIDO,NO DEFINIDO,NO DEFINIDO,6500000.0,6500000.0,2022,Tercer Trimestre,pres_gasto,,,,,,,,,,,,,,,,,,,,,,
2125023,20220301,220173585,Instituto Purificense para la Recreación y el Deporte,2.1.2.02,ADQUISICIONES DIFERENTES DE ACTIVOS,GASTOS,FUNCIONAMIENTO,ADQUISICION DE BIENES Y SERVICIOS,ADQUISICIONES DIFERENTES DE ACTIVOS,No Aplica,No Aplica,No Aplica,No Aplica,No Aplica,No Aplica,VIGENCIA ACTUAL,ENTIDADES DIFERENTES A ENTIDADES TERRITORIALES - GESTION GENERAL,NO DEFINIDO,NO DEFINIDO,NO DEFINIDO,30000000.0,30000000.0,2022,Primer Trimestre,pres_gasto,,,,,,,,,,,,,,,,,,,,,,
2143864,20221201,220173585,Instituto Purificense para la Recreación y el Deporte,2.1.2.02,ADQUISICIONES DIFERENTES DE ACTIVOS,GASTOS,FUNCIONAMIENTO,ADQUISICION DE BIENES Y SERVICIOS,ADQUISICIONES DIFERENTES DE ACTIVOS,No Aplica,No Aplica,No Aplica,No Aplica,No Aplica,No Aplica,VIGENCIA ACTUAL,ENTIDADES DIFERENTES A ENTIDADES TERRITORIALES - GESTION GENERAL,NO DEFINIDO,NO DEFINIDO,NO DEFINIDO,41857287.0,16551687.0,2022,Cuarto Trimestre,pres_gasto,,,,,,,,,,,,,,,,,,,,,,
2145214,20210901,220173585,Instituto Purificense para la Recreación y el Deporte,2.1.1.01.02.002,APORTES A LA SEGURIDAD SOCIAL EN SALUD,GASTOS,FUNCIONAMIENTO,GASTOS DE PERSONAL,PLANTA DE PERSONAL PERMANENTE,CONTRIBUCIONES INHERENTES A LA NOMINA,APORTES A LA SEGURIDAD SOCIAL EN SALUD,No Aplica,No Aplica,No Aplica,No Aplica,VIGENCIA ACTUAL,ENTIDADES DIFERENTES A ENTIDADES TERRITORIALES - GESTION GENERAL,NO DEFINIDO,NO DEFINIDO,DEPORTE Y RECREACION,6999051.0,6999051.0,2021,Tercer Trimestre,pres_gasto,,,,,,,,,,,,,,,,,,,,,,
2148389,20230301,220173585,Instituto Purificense para la Recreación y el Deporte,2.1.2.02.02.009,"SERVICIOS PARA LA COMUNIDAD, SOCIALES Y PERSONALES",GASTOS,FUNCIONAMIENTO,ADQUISICION DE BIENES Y SERVICIOS,ADQUISICIONES DIFERENTES DE ACTIVOS,ADQUISICION DE SERVICIOS,"SERVICIOS PARA LA COMUNIDAD, SOCIALES Y PERSONALES",No Aplica,No Aplica,No Aplica,No Aplica,VIGENCIA ACTUAL,ENTIDADES DIFERENTES A ENTIDADES TERRITORIALES - GESTION GENERAL,NO DEFINIDO,NO DEFINIDO,DEPORTE Y RECREACION,22840832.0,22840832.0,2023,Primer Trimestre,pres_gasto,,,,,,,,,,,,,,,,,,,,,,
2149492,20220601,220173585,Instituto Purificense para la Recreación y el Deporte,2.1.1.01.02.004,APORTES A CAJAS DE COMPENSACION FAMILIAR,GASTOS,FUNCIONAMIENTO,GASTOS DE PERSONAL,PLANTA DE PERSONAL PERMANENTE,CONTRIBUCIONES INHERENTES A LA NOMINA,APORTES A CAJAS DE COMPENSACION FAMILIAR,No Aplica,No Aplica,No Aplica,No Aplica,VIGENCIA ACTUAL,ENTIDADES DIFERENTES A ENTIDADES TERRITORIALES - GESTION GENERAL,NO DEFINIDO,NO DEFINIDO,DEPORTE Y RECREACION,3827587.0,3827587.0,2022,Segundo Trimestre,pres_gasto,,,,,,,,,,,,,,,,,,,,,,
2154859,20210601,220173585,Instituto Purificense para la Recreación y el Deporte,2.99,INVERSIÓN CONSOLIDADA,GASTOS,INVERSIÓN CONSOLIDADA,No Aplica,No Aplica,No Aplica,No Aplica,No Aplica,No Aplica,No Aplica,No Aplica,VIGENCIA ACTUAL,ENTIDADES DIFERENTES A ENTIDADES TERRITORIALES - GESTION GENERAL,NO DEFINIDO,NO DEFINIDO,DEPORTE Y RECREACION,234000000.0,234000000.0,2021,Segundo Trimestre,pres_gasto,,,,,,,,,,,,,,,,,,,,,,
2154883,20211201,220173585,Instituto Purificense para la Recreación y el Deporte,2.99,INVERSIÓN CONSOLIDADA,GASTOS,INVERSIÓN CONSOLIDADA,No Aplica,No Aplica,No Aplica,No Aplica,No Aplica,No Aplica,No Aplica,No Aplica,VIGENCIA ACTUAL,ENTIDADES DIFERENTES A ENTIDADES TERRITORIALES - GESTION GENERAL,NO DEFINIDO,NO DEFINIDO,DEPORTE Y RECREACION,234000000.0,361863847.0,2021,Cuarto Trimestre,pres_gasto,,,,,,,,,,,,,,,,,,,,,,
2159678,20211201,220173585,Instituto Purificense para la Recreación y el Deporte,2.1.2.01,ADQUISICION DE ACTIVOS NO FINANCIEROS,GASTOS,FUNCIONAMIENTO,ADQUISICION DE BIENES Y SERVICIOS,ADQUISICION DE ACTIVOS NO FINANCIEROS,No Aplica,No Aplica,No Aplica,No Aplica,No Aplica,No Aplica,VIGENCIA ACTUAL,ENTIDADES DIFERENTES A ENTIDADES TERRITORIALES - GESTION GENERAL,NO DEFINIDO,NO DEFINIDO,NO DEFINIDO,5176489.0,7116489.0,2021,Cuarto Trimestre,pres_gasto,,,,,,,,,,,,,,,,,,,,,,
2163529,20230601,220173585,Instituto Purificense para la Recreación y el Deporte,2.1.1.01.01.001.08.01,PRIMA DE NAVIDAD,GASTOS,FUNCIONAMIENTO,GASTOS DE PERSONAL,PLANTA DE PERSONAL PERMANENTE,FACTORES CONSTITUTIVOS DE SALARIO,FACTORES SALARIALES COMUNES,PRESTACIONES SOCIALES,PRIMA DE NAVIDAD,No Aplica,No Aplica,VIGENCIA ACTUAL,ENTIDADES DIFERENTES A ENTIDADES TERRITORIALES - GESTION GENERAL,NO DEFINIDO,NO DEFINIDO,DEPORTE Y RECREACION,8500000.0,8500000.0,2023,Segundo Trimestre,pres_gasto,,,,,,,,,,,,,,,,,,,,,,
2171220,20210601,220173585,Instituto Purificense para la Recreación y el Deporte,2,GASTOS,GASTOS,No Aplica,No Aplica,No Aplica,No Aplica,No Aplica,No Aplica,No Aplica,No Aplica,No Aplica,VIGENCIA ACTUAL,ENTIDADES DIFERENTES A ENTIDADES TERRITORIALES - GESTION GENERAL,NO DEFINIDO,NO DEFINIDO,NO DEFINIDO,431000000.0,541000000.0,2021,Segundo Trimestre,pres_gasto,,,,,,,,,,,,,,,,,,,,,,
2183628,20210301,220173585,Instituto Purificense para la Recreación y el Deporte,2.1.1,GASTOS DE PERSONAL,GASTOS,FUNCIONAMIENTO,GASTOS DE PERSONAL,No Aplica,No Aplica,No Aplica,No Aplica,No Aplica,No Aplica,No Aplica,VIGENCIA ACTUAL,ENTIDADES DIFERENTES A ENTIDADES TERRITORIALES - GESTION GENERAL,NO DEFINIDO,NO DEFINIDO,NO DEFINIDO,173721511.0,172721511.0,2021,Primer Trimestre,pres_gasto,,,,,,,,,,,,,,,,,,,,,,
2188400,20220901,220173585,Instituto Purificense para la Recreación y el Deporte,2.1.1.01.02.003,APORTES DE CESANTIAS,GASTOS,FUNCIONAMIENTO,GASTOS DE PERSONAL,PLANTA DE PERSONAL PERMANENTE,CONTRIBUCIONES INHERENTES A LA NOMINA,APORTES DE CESANTIAS,No Aplica,No Aplica,No Aplica,No Aplica,VIGENCIA ACTUAL,ENTIDADES DIFERENTES A ENTIDADES TERRITORIALES - GESTION GENERAL,NO DEFINIDO,NO DEFINIDO,DEPORTE Y RECREACION,8400000.0,8705600.0,2022,Tercer Trimestre,pres_gasto,,,,,,,,,,,,,,,,,,,,,,
2188649,20230601,220173585,Instituto Purificense para la Recreación y el Deporte,2.1.1.02.01.001,FACTORES SALARIALES COMUNES,GASTOS,FUNCIONAMIENTO,GASTOS DE PERSONAL,PERSONAL SUPERNUMERARIO Y PLANTA TEMPORAL,FACTORES CONSTITUTIVOS DE SALARIO,FACTORES SALARIALES COMUNES,No Aplica,No Aplica,No Aplica,No Aplica,VIGENCIA ACTUAL,ENTIDADES DIFERENTES A ENTIDADES TERRITORIALES - GESTION GENERAL,NO DEFINIDO,NO DEFINIDO,NO DEFINIDO,55360000.0,56860000.0,2023,Segundo Trimestre,pres_gasto,,,,,,,,,,,,,,,,,,,,,,
2207517,20211201,220173585,Instituto Purificense para la Recreación y el Deporte,2.1.1.01.02.007,APORTES AL SENA,GASTOS,FUNCIONAMIENTO,GASTOS DE PERSONAL,PLANTA DE PERSONAL PERMANENTE,CONTRIBUCIONES INHERENTES A LA NOMINA,APORTES AL SENA,No Aplica,No Aplica,No Aplica,No Aplica,VIGENCIA ACTUAL,ENTIDADES DIFERENTES A ENTIDADES TERRITORIALES - GESTION GENERAL,NO DEFINIDO,NO DEFINIDO,DEPORTE Y RECREACION,1646000.0,1646000.0,2021,Cuarto Trimestre,pres_gasto,,,,,,,,,,,,,,,,,,,,,,
2211894,20220601,220173585,Instituto Purificense para la Recreación y el Deporte,2.1.1.01.03.001.01,VACACIONES,GASTOS,FUNCIONAMIENTO,GASTOS DE PERSONAL,PLANTA DE PERSONAL PERMANENTE,REMUNERACIONES NO CONSTITUTIVAS DE FACTOR SALARIAL,PRESTACIONES SOCIALES,VACACIONES,No Aplica,No Aplica,No Aplica,VIGENCIA ACTUAL,ENTIDADES DIFERENTES A ENTIDADES TERRITORIALES - GESTION GENERAL,NO DEFINIDO,NO DEFINIDO,DEPORTE Y RECREACION,6500000.0,6500000.0,2022,Segundo Trimestre,pres_gasto,,,,,,,,,,,,,,,,,,,,,,
2213267,20221201,220173585,Instituto Purificense para la Recreación y el Deporte,2.1.1,GASTOS DE PERSONAL,GASTOS,FUNCIONAMIENTO,GASTOS DE PERSONAL,No Aplica,No Aplica,No Aplica,No Aplica,No Aplica,No Aplica,No Aplica,VIGENCIA ACTUAL,ENTIDADES DIFERENTES A ENTIDADES TERRITORIALES - GESTION GENERAL,NO DEFINIDO,NO DEFINIDO,NO DEFINIDO,212140713.0,208096313.0,2022,Cuarto Trimestre,pres_gasto,,,,,,,,,,,,,,,,,,,,,,
2221415,20211201,220173585,Instituto Purificense para la Recreación y el Deporte,2.1.1.01.02.002,APORTES A LA SEGURIDAD SOCIAL EN SALUD,GASTOS,FUNCIONAMIENTO,GASTOS DE PERSONAL,PLANTA DE PERSONAL PERMANENTE,CONTRIBUCIONES INHERENTES A LA NOMINA,APORTES A LA SEGURIDAD SOCIAL EN SALUD,No Aplica,No Aplica,No Aplica,No Aplica,VIGENCIA ACTUAL,ENTIDADES DIFERENTES A ENTIDADES TERRITORIALES - GESTION GENERAL,NO DEFINIDO,NO DEFINIDO,DEPORTE Y RECREACION,6999051.0,6999051.0,2021,Cuarto Trimestre,pres_gasto,,,,,,,,,,,,,,,,,,,,,,
2226092,20211201,220173585,Instituto Purificense para la Recreación y el Deporte,2.1.1.02.01,FACTORES CONSTITUTIVOS DE SALARIO,GASTOS,FUNCIONAMIENTO,GASTOS DE PERSONAL,PERSONAL SUPERNUMERARIO Y PLANTA TEMPORAL,FACTORES CONSTITUTIVOS DE SALARIO,No Aplica,No Aplica,No Aplica,No Aplica,No Aplica,VIGENCIA ACTUAL,ENTIDADES DIFERENTES A ENTIDADES TERRITORIALES - GESTION GENERAL,NO DEFINIDO,NO DEFINIDO,NO DEFINIDO,40000000.0,42000000.0,2021,Cuarto Trimestre,pres_gasto,,,,,,,,,,,,,,,,,,,,,,
2229103,20211201,220173585,Instituto Purificense para la Recreación y el Deporte,2.1.1.01.01.001.08.01,PRIMA DE NAVIDAD,GASTOS,FUNCIONAMIENTO,GASTOS DE PERSONAL,PLANTA DE PERSONAL PERMANENTE,FACTORES CONSTITUTIVOS DE SALARIO,FACTORES SALARIALES COMUNES,PRESTACIONES SOCIALES,PRIMA DE NAVIDAD,No Aplica,No Aplica,VIGENCIA ACTUAL,ENTIDADES DIFERENTES A ENTIDADES TERRITORIALES - GESTION GENERAL,NO DEFINIDO,NO DEFINIDO,DEPORTE Y RECREACION,7000000.0,7600000.0,2021,Cuarto Trimestre,pres_gasto,,,,,,,,,,,,,,,,,,,,,,
2231611,20220601,220173585,Instituto Purificense para la Recreación y el Deporte,2.1.3,TRANSFERENCIAS CORRIENTES,GASTOS,FUNCIONAMIENTO,TRANSFERENCIAS CORRIENTES,No Aplica,No Aplica,No Aplica,No Aplica,No Aplica,No Aplica,No Aplica,VIGENCIA ACTUAL,ENTIDADES DIFERENTES A ENTIDADES TERRITORIALES - GESTION GENERAL,NO DEFINIDO,NO DEFINIDO,NO DEFINIDO,0.0,70000000.0,2022,Segundo Trimestre,pres_gasto,,,,,,,,,,,,,,,,,,,,,,
2234048,20230301,220173585,Instituto Purificense para la Recreación y el Deporte,2.1.1.01,PLANTA DE PERSONAL PERMANENTE,GASTOS,FUNCIONAMIENTO,GASTOS DE PERSONAL,PLANTA DE PERSONAL PERMANENTE,No Aplica,No Aplica,No Aplica,No Aplica,No Aplica,No Aplica,VIGENCIA ACTUAL,ENTIDADES DIFERENTES A ENTIDADES TERRITORIALES - GESTION GENERAL,NO DEFINIDO,NO DEFINIDO,NO DEFINIDO,181199168.0,181199168.0,2023,Primer Trimestre,pres_gasto,,,,,,,,,,,,,,,,,,,,,,
2237476,20210601,220173585,Instituto Purificense para la Recreación y el Deporte,2.1.8.01.14,GRAVAMEN A LOS MOVIMIENTOS FINANCIEROS,GASTOS,FUNCIONAMIENTO,"GASTOS POR TRIBUTOS, TASAS, CONTRIBUCIONES, MULTAS, SANCIONES E INTERESES DE MORA",IMPUESTOS,GRAVAMEN A LOS MOVIMIENTOS FINANCIEROS,No Aplica,No Aplica,No Aplica,No Aplica,No Aplica,VIGENCIA ACTUAL,ENTIDADES DIFERENTES A ENTIDADES TERRITORIALES - GESTION GENERAL,NO DEFINIDO,NO DEFINIDO,DEPORTE Y RECREACION,2000.0,2000.0,2021,Segundo Trimestre,pres_gasto,,,,,,,,,,,,,,,,,,,,,,
2241372,20210601,220173585,Instituto Purificense para la Recreación y el Deporte,2.1.1.01.02.005,APORTES GENERALES AL SISTEMA DE RIESGOS LABORALES,GASTOS,FUNCIONAMIENTO,GASTOS DE PERSONAL,PLANTA DE PERSONAL PERMANENTE,CONTRIBUCIONES INHERENTES A LA NOMINA,APORTES GENERALES AL SISTEMA DE RIESGOS LABORALES,No Aplica,No Aplica,No Aplica,No Aplica,VIGENCIA ACTUAL,ENTIDADES DIFERENTES A ENTIDADES TERRITORIALES - GESTION GENERAL,NO DEFINIDO,NO DEFINIDO,DEPORTE Y RECREACION,450000.0,450000.0,2021,Segundo Trimestre,pres_gasto,,,,,,,,,,,,,,,,,,,,,,
2246462,20210901,220173585,Instituto Purificense para la Recreación y el Deporte,2.1.1.01.02.007,APORTES AL SENA,GASTOS,FUNCIONAMIENTO,GASTOS DE PERSONAL,PLANTA DE PERSONAL PERMANENTE,CONTRIBUCIONES INHERENTES A LA NOMINA,APORTES AL SENA,No Aplica,No Aplica,No Aplica,No Aplica,VIGENCIA ACTUAL,ENTIDADES DIFERENTES A ENTIDADES TERRITORIALES - GESTION GENERAL,NO DEFINIDO,NO DEFINIDO,DEPORTE Y RECREACION,1646000.0,1646000.0,2021,Tercer Trimestre,pres_gasto,,,,,,,,,,,,,,,,,,,,,,
2247033,20230301,220173585,Instituto Purificense para la Recreación y el Deporte,2.1.1.01.01.001.08.02,PRIMA DE VACACIONES,GASTOS,FUNCIONAMIENTO,GASTOS DE PERSONAL,PLANTA DE PERSONAL PERMANENTE,FACTORES CONSTITUTIVOS DE SALARIO,FACTORES SALARIALES COMUNES,PRESTACIONES SOCIALES,PRIMA DE VACACIONES,No Aplica,No Aplica,VIGENCIA ACTUAL,ENTIDADES DIFERENTES A ENTIDADES TERRITORIALES - GESTION GENERAL,NO DEFINIDO,NO DEFINIDO,DEPORTE Y RECREACION,5000000.0,5000000.0,2023,Primer Trimestre,pres_gasto,,,,,,,,,,,,,,,,,,,,,,
2248944,20230601,220173585,Instituto Purificense para la Recreación y el Deporte,2.1.1.01.02.001,APORTES A LA SEGURIDAD SOCIAL EN PENSIONES,GASTOS,FUNCIONAMIENTO,GASTOS DE PERSONAL,PLANTA DE PERSONAL PERMANENTE,CONTRIBUCIONES INHERENTES A LA NOMINA,APORTES A LA SEGURIDAD SOCIAL EN PENSIONES,No Aplica,No Aplica,No Aplica,No Aplica,VIGENCIA ACTUAL,ENTIDADES DIFERENTES A ENTIDADES TERRITORIALES - GESTION GENERAL,NO DEFINIDO,NO DEFINIDO,DEPORTE Y RECREACION,13292646.0,13292646.0,2023,Segundo Trimestre,pres_gasto,,,,,,,,,,,,,,,,,,,,,,
2260383,20220301,220173585,Instituto Purificense para la Recreación y el Deporte,2.1.1.01.01.001,FACTORES SALARIALES COMUNES,GASTOS,FUNCIONAMIENTO,GASTOS DE PERSONAL,PLANTA DE PERSONAL PERMANENTE,FACTORES CONSTITUTIVOS DE SALARIO,FACTORES SALARIALES COMUNES,No Aplica,No Aplica,No Aplica,No Aplica,VIGENCIA ACTUAL,ENTIDADES DIFERENTES A ENTIDADES TERRITORIALES - GESTION GENERAL,NO DEFINIDO,NO DEFINIDO,NO DEFINIDO,112589681.0,112589681.0,2022,Primer Trimestre,pres_gasto,,,,,,,,,,,,,,,,,,,,,,
2264662,20210301,220173585,Instituto Purificense para la Recreación y el Deporte,2.1.2.02.02.008,SERVICIOS PRESTADOS A LAS EMPRESAS Y SERVICIOS DE PRODUCCION,GASTOS,FUNCIONAMIENTO,ADQUISICION DE BIENES Y SERVICIOS,ADQUISICIONES DIFERENTES DE ACTIVOS,ADQUISICION DE SERVICIOS,SERVICIOS PRESTADOS A LAS EMPRESAS Y SERVICIOS DE PRODUCCION,No Aplica,No Aplica,No Aplica,No Aplica,VIGENCIA ACTUAL,ENTIDADES DIFERENTES A ENTIDADES TERRITORIALES - GESTION GENERAL,NO DEFINIDO,NO DEFINIDO,NO DEFINIDO,12502000.0,12502000.0,2021,Primer Trimestre,pres_gasto,,,,,,,,,,,,,,,,,,,,,,
2265594,20220901,220173585,Instituto Purificense para la Recreación y el Deporte,2.99,INVERSIÓN CONSOLIDADA,GASTOS,INVERSIÓN CONSOLIDADA,No Aplica,No Aplica,No Aplica,No Aplica,No Aplica,No Aplica,No Aplica,No Aplica,VIGENCIA ACTUAL,ENTIDADES DIFERENTES A ENTIDADES TERRITORIALES - GESTION GENERAL,NO DEFINIDO,NO DEFINIDO,DEPORTE Y RECREACION,434072000.0,466945841.0,2022,Tercer Trimestre,pres_gasto,,,,,,,,,,,,,,,,,,,,,,
2266450,20220601,220173585,Instituto Purificense para la Recreación y el Deporte,2.1.8.01.14,GRAVAMEN A LOS MOVIMIENTOS FINANCIEROS,GASTOS,FUNCIONAMIENTO,"GASTOS POR TRIBUTOS, TASAS, CONTRIBUCIONES, MULTAS, SANCIONES E INTERESES DE MORA",IMPUESTOS,GRAVAMEN A LOS MOVIMIENTOS FINANCIEROS,No Aplica,No Aplica,No Aplica,No Aplica,No Aplica,VIGENCIA ACTUAL,ENTIDADES DIFERENTES A ENTIDADES TERRITORIALES - GESTION GENERAL,NO DEFINIDO,NO DEFINIDO,DEPORTE Y RECREACION,2000000.0,2000000.0,2022,Segundo Trimestre,pres_gasto,,,,,,,,,,,,,,,,,,,,,,
2271013,20220301,220173585,Instituto Purificense para la Recreación y el Deporte,2.1.2.01.01.003.03.01,"MAQUINAS PARA OFICINA Y CONTABILIDAD, Y SUS PARTES Y ACCESORIOS",GASTOS,FUNCIONAMIENTO,ADQUISICION DE BIENES Y SERVICIOS,ADQUISICION DE ACTIVOS NO FINANCIEROS,ACTIVOS FIJOS,MAQUINARIA Y EQUIPO,"MAQUINARIA DE OFICINA, CONTABILIDAD E INFORMATICA","MAQUINAS PARA OFICINA Y CONTABILIDAD, Y SUS PARTES Y ACCESORIOS",No Aplica,No Aplica,VIGENCIA ACTUAL,ENTIDADES DIFERENTES A ENTIDADES TERRITORIALES - GESTION GENERAL,NO DEFINIDO,NO DEFINIDO,DEPORTE Y RECREACION,5000000.0,5000000.0,2022,Primer Trimestre,pres_gasto,,,,,,,,,,,,,,,,,,,,,,
2277883,20210601,220173585,Instituto Purificense para la Recreación y el Deporte,2.1.1.01.02.006,APORTES AL ICBF,GASTOS,FUNCIONAMIENTO,GASTOS DE PERSONAL,PLANTA DE PERSONAL PERMANENTE,CONTRIBUCIONES INHERENTES A LA NOMINA,APORTES AL ICBF,No Aplica,No Aplica,No Aplica,No Aplica,VIGENCIA ACTUAL,ENTIDADES DIFERENTES A ENTIDADES TERRITORIALES - GESTION GENERAL,NO DEFINIDO,NO DEFINIDO,DEPORTE Y RECREACION,2470000.0,2470000.0,2021,Segundo Trimestre,pres_gasto,,,,,,,,,,,,,,,,,,,,,,
2286635,20221201,220173585,Instituto Purificense para la Recreación y el Deporte,2.1.1.02.01.001,FACTORES SALARIALES COMUNES,GASTOS,FUNCIONAMIENTO,GASTOS DE PERSONAL,PERSONAL SUPERNUMERARIO Y PLANTA TEMPORAL,FACTORES CONSTITUTIVOS DE SALARIO,FACTORES SALARIALES COMUNES,No Aplica,No Aplica,No Aplica,No Aplica,VIGENCIA ACTUAL,ENTIDADES DIFERENTES A ENTIDADES TERRITORIALES - GESTION GENERAL,NO DEFINIDO,NO DEFINIDO,NO DEFINIDO,56400000.0,56400000.0,2022,Cuarto Trimestre,pres_gasto,,,,,,,,,,,,,,,,,,,,,,
2288277,20210601,220173585,Instituto Purificense para la Recreación y el Deporte,2.1.1.01,PLANTA DE PERSONAL PERMANENTE,GASTOS,FUNCIONAMIENTO,GASTOS DE PERSONAL,PLANTA DE PERSONAL PERMANENTE,No Aplica,No Aplica,No Aplica,No Aplica,No Aplica,No Aplica,VIGENCIA ACTUAL,ENTIDADES DIFERENTES A ENTIDADES TERRITORIALES - GESTION GENERAL,NO DEFINIDO,NO DEFINIDO,NO DEFINIDO,130721511.0,130371511.0,2021,Segundo Trimestre,pres_gasto,,,,,,,,,,,,,,,,,,,,,,
2288607,20210901,220173585,Instituto Purificense para la Recreación y el Deporte,2.1.1.01.01.001.08.01,PRIMA DE NAVIDAD,GASTOS,FUNCIONAMIENTO,GASTOS DE PERSONAL,PLANTA DE PERSONAL PERMANENTE,FACTORES CONSTITUTIVOS DE SALARIO,FACTORES SALARIALES COMUNES,PRESTACIONES SOCIALES,PRIMA DE NAVIDAD,No Aplica,No Aplica,VIGENCIA ACTUAL,ENTIDADES DIFERENTES A ENTIDADES TERRITORIALES - GESTION GENERAL,NO DEFINIDO,NO DEFINIDO,DEPORTE Y RECREACION,7000000.0,7000000.0,2021,Tercer Trimestre,pres_gasto,,,,,,,,,,,,,,,,,,,,,,
2289405,20221201,220173585,Instituto Purificense para la Recreación y el Deporte,2.1.3,TRANSFERENCIAS CORRIENTES,GASTOS,FUNCIONAMIENTO,TRANSFERENCIAS CORRIENTES,No Aplica,No Aplica,No Aplica,No Aplica,No Aplica,No Aplica,No Aplica,VIGENCIA ACTUAL,ENTIDADES DIFERENTES A ENTIDADES TERRITORIALES - GESTION GENERAL,NO DEFINIDO,NO DEFINIDO,NO DEFINIDO,0.0,99350000.0,2022,Cuarto Trimestre,pres_gasto,,,,,,,,,,,,,,,,,,,,,,
2294878,20230601,220173585,Instituto Purificense para la Recreación y el Deporte,2.1.2.02.02.009,"SERVICIOS PARA LA COMUNIDAD, SOCIALES Y PERSONALES",GASTOS,FUNCIONAMIENTO,ADQUISICION DE BIENES Y SERVICIOS,ADQUISICIONES DIFERENTES DE ACTIVOS,ADQUISICION DE SERVICIOS,"SERVICIOS PARA LA COMUNIDAD, SOCIALES Y PERSONALES",No Aplica,No Aplica,No Aplica,No Aplica,VIGENCIA ACTUAL,ENTIDADES DIFERENTES A ENTIDADES TERRITORIALES - GESTION GENERAL,NO DEFINIDO,NO DEFINIDO,DEPORTE Y RECREACION,22840832.0,23840832.0,2023,Segundo Trimestre,pres_gasto,,,,,,,,,,,,,,,,,,,,,,
2299086,20220301,220173585,Instituto Purificense para la Recreación y el Deporte,2.1.2.01.01.003.03,"MAQUINARIA DE OFICINA, CONTABILIDAD E INFORMATICA",GASTOS,FUNCIONAMIENTO,ADQUISICION DE BIENES Y SERVICIOS,ADQUISICION DE ACTIVOS NO FINANCIEROS,ACTIVOS FIJOS,MAQUINARIA Y EQUIPO,"MAQUINARIA DE OFICINA, CONTABILIDAD E INFORMATICA",No Aplica,No Aplica,No Aplica,VIGENCIA ACTUAL,ENTIDADES DIFERENTES A ENTIDADES TERRITORIALES - GESTION GENERAL,NO DEFINIDO,NO DEFINIDO,NO DEFINIDO,5000000.0,5000000.0,2022,Primer Trimestre,pres_gasto,,,,,,,,,,,,,,,,,,,,,,
2299744,20210901,220173585,Instituto Purificense para la Recreación y el Deporte,2.1.2.02.02,ADQUISICION DE SERVICIOS,GASTOS,FUNCIONAMIENTO,ADQUISICION DE BIENES Y SERVICIOS,ADQUISICIONES DIFERENTES DE ACTIVOS,ADQUISICION DE SERVICIOS,No Aplica,No Aplica,No Aplica,No Aplica,No Aplica,VIGENCIA ACTUAL,ENTIDADES DIFERENTES A ENTIDADES TERRITORIALES - GESTION GENERAL,NO DEFINIDO,NO DEFINIDO,NO DEFINIDO,5600000.0,1750000.0,2021,Tercer Trimestre,pres_gasto,,,,,,,,,,,,,,,,,,,,,,
2301450,20210601,220173585,Instituto Purificense para la Recreación y el Deporte,2.1.5.02.09,"SERVICIOS PARA LA COMUNIDAD, SOCIALES Y PERSONALES",GASTOS,FUNCIONAMIENTO,GASTOS DE COMERCIALIZACION Y PRODUCCION,ADQUISICION DE SERVICIOS,"SERVICIOS PARA LA COMUNIDAD, SOCIALES Y PERSONALES",No Aplica,No Aplica,No Aplica,No Aplica,No Aplica,VIGENCIA ACTUAL,ENTIDADES DIFERENTES A ENTIDADES TERRITORIALES - GESTION GENERAL,NO DEFINIDO,NO DEFINIDO,DEPORTE Y RECREACION,15500000.0,15500000.0,2021,Segundo Trimestre,pres_gasto,,,,,,,,,,,,,,,,,,,,,,
2305249,20211201,220173585,Instituto Purificense para la Recreación y el Deporte,2.1.1.01.01.001,FACTORES SALARIALES COMUNES,GASTOS,FUNCIONAMIENTO,GASTOS DE PERSONAL,PLANTA DE PERSONAL PERMANENTE,FACTORES CONSTITUTIVOS DE SALARIO,FACTORES SALARIALES COMUNES,No Aplica,No Aplica,No Aplica,No Aplica,VIGENCIA ACTUAL,ENTIDADES DIFERENTES A ENTIDADES TERRITORIALES - GESTION GENERAL,NO DEFINIDO,NO DEFINIDO,NO DEFINIDO,95141776.0,97398776.0,2021,Cuarto Trimestre,pres_gasto,,,,,,,,,,,,,,,,,,,,,,
2328416,20210601,220173585,Instituto Purificense para la Recreación y el Deporte,2.1.3.13.01,FALLOS NACIONALES,GASTOS,FUNCIONAMIENTO,TRANSFERENCIAS CORRIENTES,SENTENCIAS Y CONCILIACIONES,FALLOS NACIONALES,No Aplica,No Aplica,No Aplica,No Aplica,No Aplica,VIGENCIA ACTUAL,ENTIDADES DIFERENTES A ENTIDADES TERRITORIALES - GESTION GENERAL,NO DEFINIDO,NO DEFINIDO,NO DEFINIDO,0.0,112050000.0,2021,Segundo Trimestre,pres_gasto,,,,,,,,,,,,,,,,,,,,,,
2329981,20221201,220173585,Instituto Purificense para la Recreación y el Deporte,2.1.3.13.01,FALLOS NACIONALES,GASTOS,FUNCIONAMIENTO,TRANSFERENCIAS CORRIENTES,SENTENCIAS Y CONCILIACIONES,FALLOS NACIONALES,No Aplica,No Aplica,No Aplica,No Aplica,No Aplica,VIGENCIA ACTUAL,ENTIDADES DIFERENTES A ENTIDADES TERRITORIALES - GESTION GENERAL,NO DEFINIDO,NO DEFINIDO,NO DEFINIDO,0.0,99350000.0,2022,Cuarto Trimestre,pres_gasto,,,,,,,,,,,,,,,,,,,,,,
2351294,20210901,220173585,Instituto Purificense para la Recreación y el Deporte,2.1.1.01,PLANTA DE PERSONAL PERMANENTE,GASTOS,FUNCIONAMIENTO,GASTOS DE PERSONAL,PLANTA DE PERSONAL PERMANENTE,No Aplica,No Aplica,No Aplica,No Aplica,No Aplica,No Aplica,VIGENCIA ACTUAL,ENTIDADES DIFERENTES A ENTIDADES TERRITORIALES - GESTION GENERAL,NO DEFINIDO,NO DEFINIDO,NO DEFINIDO,130721511.0,133848511.0,2021,Tercer Trimestre,pres_gasto,,,,,,,,,,,,,,,,,,,,,,
2356204,20230301,220173585,Instituto Purificense para la Recreación y el Deporte,2.1,FUNCIONAMIENTO,GASTOS,FUNCIONAMIENTO,No Aplica,No Aplica,No Aplica,No Aplica,No Aplica,No Aplica,No Aplica,No Aplica,VIGENCIA ACTUAL,ENTIDADES DIFERENTES A ENTIDADES TERRITORIALES - GESTION GENERAL,NO DEFINIDO,NO DEFINIDO,NO DEFINIDO,279400000.0,280900000.0,2023,Primer Trimestre,pres_gasto,,,,,,,,,,,,,,,,,,,,,,
2362280,20210901,220173585,Instituto Purificense para la Recreación y el Deporte,2.1.2.01.01,ACTIVOS FIJOS,GASTOS,FUNCIONAMIENTO,ADQUISICION DE BIENES Y SERVICIOS,ADQUISICION DE ACTIVOS NO FINANCIEROS,ACTIVOS FIJOS,No Aplica,No Aplica,No Aplica,No Aplica,No Aplica,VIGENCIA ACTUAL,ENTIDADES DIFERENTES A ENTIDADES TERRITORIALES - GESTION GENERAL,NO DEFINIDO,NO DEFINIDO,NO DEFINIDO,5176489.0,7116489.0,2021,Tercer Trimestre,pres_gasto,,,,,,,,,,,,,,,,,,,,,,
2392403,20220601,220173585,Instituto Purificense para la Recreación y el Deporte,2.1.1.01.01.001.08.02,PRIMA DE VACACIONES,GASTOS,FUNCIONAMIENTO,GASTOS DE PERSONAL,PLANTA DE PERSONAL PERMANENTE,FACTORES CONSTITUTIVOS DE SALARIO,FACTORES SALARIALES COMUNES,PRESTACIONES SOCIALES,PRIMA DE VACACIONES,No Aplica,No Aplica,VIGENCIA ACTUAL,ENTIDADES DIFERENTES A ENTIDADES TERRITORIALES - GESTION GENERAL,NO DEFINIDO,NO DEFINIDO,DEPORTE Y RECREACION,4200000.0,4200000.0,2022,Segundo Trimestre,pres_gasto,,,,,,,,,,,,,,,,,,,,,,
2401420,20220601,220173585,Instituto Purificense para la Recreación y el Deporte,2.1.5,GASTOS DE COMERCIALIZACION Y PRODUCCION,GASTOS,FUNCIONAMIENTO,GASTOS DE COMERCIALIZACION Y PRODUCCION,No Aplica,No Aplica,No Aplica,No Aplica,No Aplica,No Aplica,No Aplica,VIGENCIA ACTUAL,ENTIDADES DIFERENTES A ENTIDADES TERRITORIALES - GESTION GENERAL,NO DEFINIDO,NO DEFINIDO,NO DEFINIDO,34857287.0,34552683.0,2022,Segundo Trimestre,pres_gasto,,,,,,,,,,,,,,,,,,,,,,
2424388,20230601,220173585,Instituto Purificense para la Recreación y el Deporte,2.1.1.01.01.001,FACTORES SALARIALES COMUNES,GASTOS,FUNCIONAMIENTO,GASTOS DE PERSONAL,PLANTA DE PERSONAL PERMANENTE,FACTORES CONSTITUTIVOS DE SALARIO,FACTORES SALARIALES COMUNES,No Aplica,No Aplica,No Aplica,No Aplica,VIGENCIA ACTUAL,ENTIDADES DIFERENTES A ENTIDADES TERRITORIALES - GESTION GENERAL,NO DEFINIDO,NO DEFINIDO,NO DEFINIDO,129772054.0,129772054.0,2023,Segundo Trimestre,pres_gasto,,,,,,,,,,,,,,,,,,,,,,
2445147,20230601,220173585,Instituto Purificense para la Recreación y el Deporte,2.1.1,GASTOS DE PERSONAL,GASTOS,FUNCIONAMIENTO,GASTOS DE PERSONAL,No Aplica,No Aplica,No Aplica,No Aplica,No Aplica,No Aplica,No Aplica,VIGENCIA ACTUAL,ENTIDADES DIFERENTES A ENTIDADES TERRITORIALES - GESTION GENERAL,NO DEFINIDO,NO DEFINIDO,NO DEFINIDO,236559168.0,238059168.0,2023,Segundo Trimestre,pres_gasto,,,,,,,,,,,,,,,,,,,,,,
2452364,20210901,220173585,Instituto Purificense para la Recreación y el Deporte,2.1.1,GASTOS DE PERSONAL,GASTOS,FUNCIONAMIENTO,GASTOS DE PERSONAL,No Aplica,No Aplica,No Aplica,No Aplica,No Aplica,No Aplica,No Aplica,VIGENCIA ACTUAL,ENTIDADES DIFERENTES A ENTIDADES TERRITORIALES - GESTION GENERAL,NO DEFINIDO,NO DEFINIDO,NO DEFINIDO,170721511.0,176498511.0,2021,Tercer Trimestre,pres_gasto,,,,,,,,,,,,,,,,,,,,,,
2476793,20210901,220173585,Instituto Purificense para la Recreación y el Deporte,2.1.2.02.02.008,SERVICIOS PRESTADOS A LAS EMPRESAS Y SERVICIOS DE PRODUCCION,GASTOS,FUNCIONAMIENTO,ADQUISICION DE BIENES Y SERVICIOS,ADQUISICIONES DIFERENTES DE ACTIVOS,ADQUISICION DE SERVICIOS,SERVICIOS PRESTADOS A LAS EMPRESAS Y SERVICIOS DE PRODUCCION,No Aplica,No Aplica,No Aplica,No Aplica,VIGENCIA ACTUAL,ENTIDADES DIFERENTES A ENTIDADES TERRITORIALES - GESTION GENERAL,NO DEFINIDO,NO DEFINIDO,DEPORTE Y RECREACION,5600000.0,1750000.0,2021,Tercer Trimestre,pres_gasto,,,,,,,,,,,,,,,,,,,,,,
2484053,20221201,220173585,Instituto Purificense para la Recreación y el Deporte,2.1.2.02.02,ADQUISICION DE SERVICIOS,GASTOS,FUNCIONAMIENTO,ADQUISICION DE BIENES Y SERVICIOS,ADQUISICIONES DIFERENTES DE ACTIVOS,ADQUISICION DE SERVICIOS,No Aplica,No Aplica,No Aplica,No Aplica,No Aplica,VIGENCIA ACTUAL,ENTIDADES DIFERENTES A ENTIDADES TERRITORIALES - GESTION GENERAL,NO DEFINIDO,NO DEFINIDO,NO DEFINIDO,41857287.0,16551687.0,2022,Cuarto Trimestre,pres_gasto,,,,,,,,,,,,,,,,,,,,,,
2484954,20230301,220173585,Instituto Purificense para la Recreación y el Deporte,2.1.1.01.03.001.01,VACACIONES,GASTOS,FUNCIONAMIENTO,GASTOS DE PERSONAL,PLANTA DE PERSONAL PERMANENTE,REMUNERACIONES NO CONSTITUTIVAS DE FACTOR SALARIAL,PRESTACIONES SOCIALES,VACACIONES,No Aplica,No Aplica,No Aplica,VIGENCIA ACTUAL,ENTIDADES DIFERENTES A ENTIDADES TERRITORIALES - GESTION GENERAL,NO DEFINIDO,NO DEFINIDO,DEPORTE Y RECREACION,7500000.0,7500000.0,2023,Primer Trimestre,pres_gasto,,,,,,,,,,,,,,,,,,,,,,
2505213,20221201,220173585,Instituto Purificense para la Recreación y el Deporte,2.1.2.02.02.009,"SERVICIOS PARA LA COMUNIDAD, SOCIALES Y PERSONALES",GASTOS,FUNCIONAMIENTO,ADQUISICION DE BIENES Y SERVICIOS,ADQUISICIONES DIFERENTES DE ACTIVOS,ADQUISICION DE SERVICIOS,"SERVICIOS PARA LA COMUNIDAD, SOCIALES Y PERSONALES",No Aplica,No Aplica,No Aplica,No Aplica,VIGENCIA ACTUAL,ENTIDADES DIFERENTES A ENTIDADES TERRITORIALES - GESTION GENERAL,NO DEFINIDO,NO DEFINIDO,DEPORTE Y RECREACION,33257287.0,14851687.0,2022,Cuarto Trimestre,pres_gasto,,,,,,,,,,,,,,,,,,,,,,
2532128,20211201,220173585,Instituto Purificense para la Recreación y el Deporte,2.1.1.01.02.005,APORTES GENERALES AL SISTEMA DE RIESGOS LABORALES,GASTOS,FUNCIONAMIENTO,GASTOS DE PERSONAL,PLANTA DE PERSONAL PERMANENTE,CONTRIBUCIONES INHERENTES A LA NOMINA,APORTES GENERALES AL SISTEMA DE RIESGOS LABORALES,No Aplica,No Aplica,No Aplica,No Aplica,VIGENCIA ACTUAL,ENTIDADES DIFERENTES A ENTIDADES TERRITORIALES - GESTION GENERAL,NO DEFINIDO,NO DEFINIDO,DEPORTE Y RECREACION,450000.0,450000.0,2021,Cuarto Trimestre,pres_gasto,,,,,,,,,,,,,,,,,,,,,,
2533338,20210901,220173585,Instituto Purificense para la Recreación y el Deporte,2.1.1.02.01.001,FACTORES SALARIALES COMUNES,GASTOS,FUNCIONAMIENTO,GASTOS DE PERSONAL,PERSONAL SUPERNUMERARIO Y PLANTA TEMPORAL,FACTORES CONSTITUTIVOS DE SALARIO,FACTORES SALARIALES COMUNES,No Aplica,No Aplica,No Aplica,No Aplica,VIGENCIA ACTUAL,ENTIDADES DIFERENTES A ENTIDADES TERRITORIALES - GESTION GENERAL,NO DEFINIDO,NO DEFINIDO,NO DEFINIDO,40000000.0,42650000.0,2021,Tercer Trimestre,pres_gasto,,,,,,,,,,,,,,,,,,,,,,
2533625,20221201,220173585,Instituto Purificense para la Recreación y el Deporte,2.1,FUNCIONAMIENTO,GASTOS,FUNCIONAMIENTO,No Aplica,No Aplica,No Aplica,No Aplica,No Aplica,No Aplica,No Aplica,No Aplica,VIGENCIA ACTUAL,ENTIDADES DIFERENTES A ENTIDADES TERRITORIALES - GESTION GENERAL,NO DEFINIDO,NO DEFINIDO,NO DEFINIDO,254000000.0,324000000.0,2022,Cuarto Trimestre,pres_gasto,,,,,,,,,,,,,,,,,,,,,,
2536068,20230601,220173585,Instituto Purificense para la Recreación y el Deporte,2.1.1.01.02.007,APORTES AL SENA,GASTOS,FUNCIONAMIENTO,GASTOS DE PERSONAL,PLANTA DE PERSONAL PERMANENTE,CONTRIBUCIONES INHERENTES A LA NOMINA,APORTES AL SENA,No Aplica,No Aplica,No Aplica,No Aplica,VIGENCIA ACTUAL,ENTIDADES DIFERENTES A ENTIDADES TERRITORIALES - GESTION GENERAL,NO DEFINIDO,NO DEFINIDO,DEPORTE Y RECREACION,2215441.0,2215441.0,2023,Segundo Trimestre,pres_gasto,,,,,,,,,,,,,,,,,,,,,,
2552478,20220901,220173585,Instituto Purificense para la Recreación y el Deporte,2.1.1.01.01.001.01,SUELDO BASICO,GASTOS,FUNCIONAMIENTO,GASTOS DE PERSONAL,PLANTA DE PERSONAL PERMANENTE,FACTORES CONSTITUTIVOS DE SALARIO,FACTORES SALARIALES COMUNES,SUELDO BASICO,No Aplica,No Aplica,No Aplica,VIGENCIA ACTUAL,ENTIDADES DIFERENTES A ENTIDADES TERRITORIALES - GESTION GENERAL,NO DEFINIDO,NO DEFINIDO,DEPORTE Y RECREACION,95689681.0,95689681.0,2022,Tercer Trimestre,pres_gasto,,,,,,,,,,,,,,,,,,,,,,
2553568,20220901,220173585,Instituto Purificense para la Recreación y el Deporte,2.1.1.01.02.006,APORTES AL ICBF,GASTOS,FUNCIONAMIENTO,GASTOS DE PERSONAL,PLANTA DE PERSONAL PERMANENTE,CONTRIBUCIONES INHERENTES A LA NOMINA,APORTES AL ICBF,No Aplica,No Aplica,No Aplica,No Aplica,VIGENCIA ACTUAL,ENTIDADES DIFERENTES A ENTIDADES TERRITORIALES - GESTION GENERAL,NO DEFINIDO,NO DEFINIDO,DEPORTE Y RECREACION,2870690.0,2870690.0,2022,Tercer Trimestre,pres_gasto,,,,,,,,,,,,,,,,,,,,,,
2555651,20211201,220173585,Instituto Purificense para la Recreación y el Deporte,2.1.3.13.01.002,CONCILIACIONES,GASTOS,FUNCIONAMIENTO,TRANSFERENCIAS CORRIENTES,SENTENCIAS Y CONCILIACIONES,FALLOS NACIONALES,CONCILIACIONES,No Aplica,No Aplica,No Aplica,No Aplica,VIGENCIA ACTUAL,ENTIDADES DIFERENTES A ENTIDADES TERRITORIALES - GESTION GENERAL,NO DEFINIDO,NO DEFINIDO,DEPORTE Y RECREACION,0.0,112050000.0,2021,Cuarto Trimestre,pres_gasto,,,,,,,,,,,,,,,,,,,,,,
2571978,20221201,220173585,Instituto Purificense para la Recreación y el Deporte,2.1.1.01.01.001.08,PRESTACIONES SOCIALES,GASTOS,FUNCIONAMIENTO,GASTOS DE PERSONAL,PLANTA DE PERSONAL PERMANENTE,FACTORES CONSTITUTIVOS DE SALARIO,FACTORES SALARIALES COMUNES,PRESTACIONES SOCIALES,No Aplica,No Aplica,No Aplica,VIGENCIA ACTUAL,ENTIDADES DIFERENTES A ENTIDADES TERRITORIALES - GESTION GENERAL,NO DEFINIDO,NO DEFINIDO,NO DEFINIDO,12700000.0,12350000.0,2022,Cuarto Trimestre,pres_gasto,,,,,,,,,,,,,,,,,,,,,,
2582547,20230601,220173585,Instituto Purificense para la Recreación y el Deporte,2.1.2,ADQUISICION DE BIENES Y SERVICIOS,GASTOS,FUNCIONAMIENTO,ADQUISICION DE BIENES Y SERVICIOS,No Aplica,No Aplica,No Aplica,No Aplica,No Aplica,No Aplica,No Aplica,VIGENCIA ACTUAL,ENTIDADES DIFERENTES A ENTIDADES TERRITORIALES - GESTION GENERAL,NO DEFINIDO,NO DEFINIDO,NO DEFINIDO,42840832.0,42840832.0,2023,Segundo Trimestre,pres_gasto,,,,,,,,,,,,,,,,,,,,,,
2588183,20220301,220173585,Instituto Purificense para la Recreación y el Deporte,2.1.1.01.01,FACTORES CONSTITUTIVOS DE SALARIO,GASTOS,FUNCIONAMIENTO,GASTOS DE PERSONAL,PLANTA DE PERSONAL PERMANENTE,FACTORES CONSTITUTIVOS DE SALARIO,No Aplica,No Aplica,No Aplica,No Aplica,No Aplica,VIGENCIA ACTUAL,ENTIDADES DIFERENTES A ENTIDADES TERRITORIALES - GESTION GENERAL,NO DEFINIDO,NO DEFINIDO,NO DEFINIDO,112589681.0,112589681.0,2022,Primer Trimestre,pres_gasto,,,,,,,,,,,,,,,,,,,,,,
2596073,20210301,220173585,Instituto Purificense para la Recreación y el Deporte,2.1.1.01.01.001.10,VIATICOS DE LOS FUNCIONARIOS EN COMISION,GASTOS,FUNCIONAMIENTO,GASTOS DE PERSONAL,PLANTA DE PERSONAL PERMANENTE,FACTORES CONSTITUTIVOS DE SALARIO,FACTORES SALARIALES COMUNES,VIATICOS DE LOS FUNCIONARIOS EN COMISION,No Aplica,No Aplica,No Aplica,VIGENCIA ACTUAL,ENTIDADES DIFERENTES A ENTIDADES TERRITORIALES - GESTION GENERAL,NO DEFINIDO,NO DEFINIDO,NO DEFINIDO,3000000.0,3000000.0,2021,Primer Trimestre,pres_gasto,,,,,,,,,,,,,,,,,,,,,,
2610249,20211201,220173585,Instituto Purificense para la Recreación y el Deporte,2.1.2.02,ADQUISICIONES DIFERENTES DE ACTIVOS,GASTOS,FUNCIONAMIENTO,ADQUISICION DE BIENES Y SERVICIOS,ADQUISICIONES DIFERENTES DE ACTIVOS,No Aplica,No Aplica,No Aplica,No Aplica,No Aplica,No Aplica,VIGENCIA ACTUAL,ENTIDADES DIFERENTES A ENTIDADES TERRITORIALES - GESTION GENERAL,NO DEFINIDO,NO DEFINIDO,NO DEFINIDO,5600000.0,1250000.0,2021,Cuarto Trimestre,pres_gasto,,,,,,,,,,,,,,,,,,,,,,
2611424,20211201,220173585,Instituto Purificense para la Recreación y el Deporte,2.1.1.01.03.001,PRESTACIONES SOCIALES,GASTOS,FUNCIONAMIENTO,GASTOS DE PERSONAL,PLANTA DE PERSONAL PERMANENTE,REMUNERACIONES NO CONSTITUTIVAS DE FACTOR SALARIAL,PRESTACIONES SOCIALES,No Aplica,No Aplica,No Aplica,No Aplica,VIGENCIA ACTUAL,ENTIDADES DIFERENTES A ENTIDADES TERRITORIALES - GESTION GENERAL,NO DEFINIDO,NO DEFINIDO,NO DEFINIDO,3000000.0,4820000.0,2021,Cuarto Trimestre,pres_gasto,,,,,,,,,,,,,,,,,,,,,,
2619576,20230301,220173585,Instituto Purificense para la Recreación y el Deporte,2.1.2.02,ADQUISICIONES DIFERENTES DE ACTIVOS,GASTOS,FUNCIONAMIENTO,ADQUISICION DE BIENES Y SERVICIOS,ADQUISICIONES DIFERENTES DE ACTIVOS,No Aplica,No Aplica,No Aplica,No Aplica,No Aplica,No Aplica,VIGENCIA ACTUAL,ENTIDADES DIFERENTES A ENTIDADES TERRITORIALES - GESTION GENERAL,NO DEFINIDO,NO DEFINIDO,NO DEFINIDO,42840832.0,42840832.0,2023,Primer Trimestre,pres_gasto,,,,,,,,,,,,,,,,,,,,,,
2631241,20210301,220173585,Instituto Purificense para la Recreación y el Deporte,2.1.2.02.02,ADQUISICION DE SERVICIOS,GASTOS,FUNCIONAMIENTO,ADQUISICION DE BIENES Y SERVICIOS,ADQUISICIONES DIFERENTES DE ACTIVOS,ADQUISICION DE SERVICIOS,No Aplica,No Aplica,No Aplica,No Aplica,No Aplica,VIGENCIA ACTUAL,ENTIDADES DIFERENTES A ENTIDADES TERRITORIALES - GESTION GENERAL,NO DEFINIDO,NO DEFINIDO,NO DEFINIDO,12502000.0,12502000.0,2021,Primer Trimestre,pres_gasto,,,,,,,,,,,,,,,,,,,,,,
2638207,20210301,220173585,Instituto Purificense para la Recreación y el Deporte,2.1.3.13.01,FALLOS NACIONALES,GASTOS,FUNCIONAMIENTO,TRANSFERENCIAS CORRIENTES,SENTENCIAS Y CONCILIACIONES,FALLOS NACIONALES,No Aplica,No Aplica,No Aplica,No Aplica,No Aplica,VIGENCIA ACTUAL,ENTIDADES DIFERENTES A ENTIDADES TERRITORIALES - GESTION GENERAL,NO DEFINIDO,NO DEFINIDO,NO DEFINIDO,0.0,110000000.0,2021,Primer Trimestre,pres_gasto,,,,,,,,,,,,,,,,,,,,,,
2643370,20210301,220173585,Instituto Purificense para la Recreación y el Deporte,2.1.1.01.01.001.08.01,PRIMA DE NAVIDAD,GASTOS,FUNCIONAMIENTO,GASTOS DE PERSONAL,PLANTA DE PERSONAL PERMANENTE,FACTORES CONSTITUTIVOS DE SALARIO,FACTORES SALARIALES COMUNES,PRESTACIONES SOCIALES,PRIMA DE NAVIDAD,No Aplica,No Aplica,VIGENCIA ACTUAL,ENTIDADES DIFERENTES A ENTIDADES TERRITORIALES - GESTION GENERAL,NO DEFINIDO,NO DEFINIDO,NO DEFINIDO,7000000.0,7000000.0,2021,Primer Trimestre,pres_gasto,,,,,,,,,,,,,,,,,,,,,,
2645883,20221201,220173585,Instituto Purificense para la Recreación y el Deporte,2.1.1.02.01,FACTORES CONSTITUTIVOS DE SALARIO,GASTOS,FUNCIONAMIENTO,GASTOS DE PERSONAL,PERSONAL SUPERNUMERARIO Y PLANTA TEMPORAL,FACTORES CONSTITUTIVOS DE SALARIO,No Aplica,No Aplica,No Aplica,No Aplica,No Aplica,VIGENCIA ACTUAL,ENTIDADES DIFERENTES A ENTIDADES TERRITORIALES - GESTION GENERAL,NO DEFINIDO,NO DEFINIDO,NO DEFINIDO,56400000.0,56400000.0,2022,Cuarto Trimestre,pres_gasto,,,,,,,,,,,,,,,,,,,,,,
2652330,20210601,220173585,Instituto Purificense para la Recreación y el Deporte,2.1.1.01.01.001.08.02,PRIMA DE VACACIONES,GASTOS,FUNCIONAMIENTO,GASTOS DE PERSONAL,PLANTA DE PERSONAL PERMANENTE,FACTORES CONSTITUTIVOS DE SALARIO,FACTORES SALARIALES COMUNES,PRESTACIONES SOCIALES,PRIMA DE VACACIONES,No Aplica,No Aplica,VIGENCIA ACTUAL,ENTIDADES DIFERENTES A ENTIDADES TERRITORIALES - GESTION GENERAL,NO DEFINIDO,NO DEFINIDO,DEPORTE Y RECREACION,3500000.0,3500000.0,2021,Segundo Trimestre,pres_gasto,,,,,,,,,,,,,,,,,,,,,,
2653491,20210301,220173585,Instituto Purificense para la Recreación y el Deporte,2.1.1.02.01.001.01,SUELDO BASICO,GASTOS,FUNCIONAMIENTO,GASTOS DE PERSONAL,PERSONAL SUPERNUMERARIO Y PLANTA TEMPORAL,FACTORES CONSTITUTIVOS DE SALARIO,FACTORES SALARIALES COMUNES,SUELDO BASICO,No Aplica,No Aplica,No Aplica,VIGENCIA ACTUAL,ENTIDADES DIFERENTES A ENTIDADES TERRITORIALES - GESTION GENERAL,NO DEFINIDO,NO DEFINIDO,NO DEFINIDO,40000000.0,38850000.0,2021,Primer Trimestre,pres_gasto,,,,,,,,,,,,,,,,,,,,,,
2655198,20221201,220173585,Instituto Purificense para la Recreación y el Deporte,2.1.8,"GASTOS POR TRIBUTOS, TASAS, CONTRIBUCIONES, MULTAS, SANCIONES E INTERESES DE MORA",GASTOS,FUNCIONAMIENTO,"GASTOS POR TRIBUTOS, TASAS, CONTRIBUCIONES, MULTAS, SANCIONES E INTERESES DE MORA",No Aplica,No Aplica,No Aplica,No Aplica,No Aplica,No Aplica,No Aplica,VIGENCIA ACTUAL,ENTIDADES DIFERENTES A ENTIDADES TERRITORIALES - GESTION GENERAL,NO DEFINIDO,NO DEFINIDO,NO DEFINIDO,2000.0,2000.0,2022,Cuarto Trimestre,pres_gasto,,,,,,,,,,,,,,,,,,,,,,
2656156,20230301,220173585,Instituto Purificense para la Recreación y el Deporte,2.1.1.01.02.005,APORTES GENERALES AL SISTEMA DE RIESGOS LABORALES,GASTOS,FUNCIONAMIENTO,GASTOS DE PERSONAL,PLANTA DE PERSONAL PERMANENTE,CONTRIBUCIONES INHERENTES A LA NOMINA,APORTES GENERALES AL SISTEMA DE RIESGOS LABORALES,No Aplica,No Aplica,No Aplica,No Aplica,VIGENCIA ACTUAL,ENTIDADES DIFERENTES A ENTIDADES TERRITORIALES - GESTION GENERAL,NO DEFINIDO,NO DEFINIDO,DEPORTE Y RECREACION,553610.0,553610.0,2023,Primer Trimestre,pres_gasto,,,,,,,,,,,,,,,,,,,,,,
2656929,20220301,220173585,Instituto Purificense para la Recreación y el Deporte,2.1,FUNCIONAMIENTO,GASTOS,FUNCIONAMIENTO,No Aplica,No Aplica,No Aplica,No Aplica,No Aplica,No Aplica,No Aplica,No Aplica,VIGENCIA ACTUAL,ENTIDADES DIFERENTES A ENTIDADES TERRITORIALES - GESTION GENERAL,NO DEFINIDO,NO DEFINIDO,NO DEFINIDO,254000000.0,324000000.0,2022,Primer Trimestre,pres_gasto,,,,,,,,,,,,,,,,,,,,,,
2657332,20220601,220173585,Instituto Purificense para la Recreación y el Deporte,2.1.1.01.03.001,PRESTACIONES SOCIALES,GASTOS,FUNCIONAMIENTO,GASTOS DE PERSONAL,PLANTA DE PERSONAL PERMANENTE,REMUNERACIONES NO CONSTITUTIVAS DE FACTOR SALARIAL,PRESTACIONES SOCIALES,No Aplica,No Aplica,No Aplica,No Aplica,VIGENCIA ACTUAL,ENTIDADES DIFERENTES A ENTIDADES TERRITORIALES - GESTION GENERAL,NO DEFINIDO,NO DEFINIDO,NO DEFINIDO,6500000.0,6500000.0,2022,Segundo Trimestre,pres_gasto,,,,,,,,,,,,,,,,,,,,,,
2658266,20220301,220173585,Instituto Purificense para la Recreación y el Deporte,2.1.1.01.02.005,APORTES GENERALES AL SISTEMA DE RIESGOS LABORALES,GASTOS,FUNCIONAMIENTO,GASTOS DE PERSONAL,PLANTA DE PERSONAL PERMANENTE,CONTRIBUCIONES INHERENTES A LA NOMINA,APORTES GENERALES AL SISTEMA DE RIESGOS LABORALES,No Aplica,No Aplica,No Aplica,No Aplica,VIGENCIA ACTUAL,ENTIDADES DIFERENTES A ENTIDADES TERRITORIALES - GESTION GENERAL,NO DEFINIDO,NO DEFINIDO,DEPORTE Y RECREACION,500000.0,500000.0,2022,Primer Trimestre,pres_gasto,,,,,,,,,,,,,,,,,,,,,,
2665712,20220901,220173585,Instituto Purificense para la Recreación y el Deporte,2.1.1.02.01.001,FACTORES SALARIALES COMUNES,GASTOS,FUNCIONAMIENTO,GASTOS DE PERSONAL,PERSONAL SUPERNUMERARIO Y PLANTA TEMPORAL,FACTORES CONSTITUTIVOS DE SALARIO,FACTORES SALARIALES COMUNES,No Aplica,No Aplica,No Aplica,No Aplica,VIGENCIA ACTUAL,ENTIDADES DIFERENTES A ENTIDADES TERRITORIALES - GESTION GENERAL,NO DEFINIDO,NO DEFINIDO,NO DEFINIDO,56400000.0,56400000.0,2022,Tercer Trimestre,pres_gasto,,,,,,,,,,,,,,,,,,,,,,
2671153,20211201,220173585,Instituto Purificense para la Recreación y el Deporte,2.1.1.01.02.006,APORTES AL ICBF,GASTOS,FUNCIONAMIENTO,GASTOS DE PERSONAL,PLANTA DE PERSONAL PERMANENTE,CONTRIBUCIONES INHERENTES A LA NOMINA,APORTES AL ICBF,No Aplica,No Aplica,No Aplica,No Aplica,VIGENCIA ACTUAL,ENTIDADES DIFERENTES A ENTIDADES TERRITORIALES - GESTION GENERAL,NO DEFINIDO,NO DEFINIDO,DEPORTE Y RECREACION,2470000.0,2470000.0,2021,Cuarto Trimestre,pres_gasto,,,,,,,,,,,,,,,,,,,,,,
2673513,20210301,220173585,Instituto Purificense para la Recreación y el Deporte,2.1.1.01.02.002,APORTES A LA SEGURIDAD SOCIAL EN SALUD,GASTOS,FUNCIONAMIENTO,GASTOS DE PERSONAL,PLANTA DE PERSONAL PERMANENTE,CONTRIBUCIONES INHERENTES A LA NOMINA,APORTES A LA SEGURIDAD SOCIAL EN SALUD,No Aplica,No Aplica,No Aplica,No Aplica,VIGENCIA ACTUAL,ENTIDADES DIFERENTES A ENTIDADES TERRITORIALES - GESTION GENERAL,NO DEFINIDO,NO DEFINIDO,NO DEFINIDO,6999051.0,6999051.0,2021,Primer Trimestre,pres_gasto,,,,,,,,,,,,,,,,,,,,,,
2680634,20210301,220173585,Instituto Purificense para la Recreación y el Deporte,2.1.2,ADQUISICION DE BIENES Y SERVICIOS,GASTOS,FUNCIONAMIENTO,ADQUISICION DE BIENES Y SERVICIOS,No Aplica,No Aplica,No Aplica,No Aplica,No Aplica,No Aplica,No Aplica,VIGENCIA ACTUAL,ENTIDADES DIFERENTES A ENTIDADES TERRITORIALES - GESTION GENERAL,NO DEFINIDO,NO DEFINIDO,NO DEFINIDO,23278489.0,24278489.0,2021,Primer Trimestre,pres_gasto,,,,,,,,,,,,,,,,,,,,,,
2682858,20211201,220173585,Instituto Purificense para la Recreación y el Deporte,2.1.8.01.14,GRAVAMEN A LOS MOVIMIENTOS FINANCIEROS,GASTOS,FUNCIONAMIENTO,"GASTOS POR TRIBUTOS, TASAS, CONTRIBUCIONES, MULTAS, SANCIONES E INTERESES DE MORA",IMPUESTOS,GRAVAMEN A LOS MOVIMIENTOS FINANCIEROS,No Aplica,No Aplica,No Aplica,No Aplica,No Aplica,VIGENCIA ACTUAL,ENTIDADES DIFERENTES A ENTIDADES TERRITORIALES - GESTION GENERAL,NO DEFINIDO,NO DEFINIDO,DEPORTE Y RECREACION,2000.0,1152000.0,2021,Cuarto Trimestre,pres_gasto,,,,,,,,,,,,,,,,,,,,,,
2687839,20220601,220173585,Instituto Purificense para la Recreación y el Deporte,2.1.1.01.02,CONTRIBUCIONES INHERENTES A LA NOMINA,GASTOS,FUNCIONAMIENTO,GASTOS DE PERSONAL,PLANTA DE PERSONAL PERMANENTE,CONTRIBUCIONES INHERENTES A LA NOMINA,No Aplica,No Aplica,No Aplica,No Aplica,No Aplica,VIGENCIA ACTUAL,ENTIDADES DIFERENTES A ENTIDADES TERRITORIALES - GESTION GENERAL,NO DEFINIDO,NO DEFINIDO,NO DEFINIDO,36651032.0,36956632.0,2022,Segundo Trimestre,pres_gasto,,,,,,,,,,,,,,,,,,,,,,
2691143,20211201,220173585,Instituto Purificense para la Recreación y el Deporte,2.1.1.01.03,REMUNERACIONES NO CONSTITUTIVAS DE FACTOR SALARIAL,GASTOS,FUNCIONAMIENTO,GASTOS DE PERSONAL,PLANTA DE PERSONAL PERMANENTE,REMUNERACIONES NO CONSTITUTIVAS DE FACTOR SALARIAL,No Aplica,No Aplica,No Aplica,No Aplica,No Aplica,VIGENCIA ACTUAL,ENTIDADES DIFERENTES A ENTIDADES TERRITORIALES - GESTION GENERAL,NO DEFINIDO,NO DEFINIDO,NO DEFINIDO,3000000.0,4820000.0,2021,Cuarto Trimestre,pres_gasto,,,,,,,,,,,,,,,,,,,,,,
2696332,20230601,220173585,Instituto Purificense para la Recreación y el Deporte,2.1,FUNCIONAMIENTO,GASTOS,FUNCIONAMIENTO,No Aplica,No Aplica,No Aplica,No Aplica,No Aplica,No Aplica,No Aplica,No Aplica,VIGENCIA ACTUAL,ENTIDADES DIFERENTES A ENTIDADES TERRITORIALES - GESTION GENERAL,NO DEFINIDO,NO DEFINIDO,NO DEFINIDO,279400000.0,280900000.0,2023,Segundo Trimestre,pres_gasto,,,,,,,,,,,,,,,,,,,,,,
2698694,20211201,220173585,Instituto Purificense para la Recreación y el Deporte,2.1.8.01,IMPUESTOS,GASTOS,FUNCIONAMIENTO,"GASTOS POR TRIBUTOS, TASAS, CONTRIBUCIONES, MULTAS, SANCIONES E INTERESES DE MORA",IMPUESTOS,No Aplica,No Aplica,No Aplica,No Aplica,No Aplica,No Aplica,VIGENCIA ACTUAL,ENTIDADES DIFERENTES A ENTIDADES TERRITORIALES - GESTION GENERAL,NO DEFINIDO,NO DEFINIDO,NO DEFINIDO,2000.0,1152000.0,2021,Cuarto Trimestre,pres_gasto,,,,,,,,,,,,,,,,,,,,,,
2699025,20210901,220173585,Instituto Purificense para la Recreación y el Deporte,2.1.1.01.02.004,APORTES A CAJAS DE COMPENSACION FAMILIAR,GASTOS,FUNCIONAMIENTO,GASTOS DE PERSONAL,PLANTA DE PERSONAL PERMANENTE,CONTRIBUCIONES INHERENTES A LA NOMINA,APORTES A CAJAS DE COMPENSACION FAMILIAR,No Aplica,No Aplica,No Aplica,No Aplica,VIGENCIA ACTUAL,ENTIDADES DIFERENTES A ENTIDADES TERRITORIALES - GESTION GENERAL,NO DEFINIDO,NO DEFINIDO,DEPORTE Y RECREACION,3293671.0,3293671.0,2021,Tercer Trimestre,pres_gasto,,,,,,,,,,,,,,,,,,,,,,
2704563,20230601,220173585,Instituto Purificense para la Recreación y el Deporte,2.1.1.01.02.002,APORTES A LA SEGURIDAD SOCIAL EN SALUD,GASTOS,FUNCIONAMIENTO,GASTOS DE PERSONAL,PLANTA DE PERSONAL PERMANENTE,CONTRIBUCIONES INHERENTES A LA NOMINA,APORTES A LA SEGURIDAD SOCIAL EN SALUD,No Aplica,No Aplica,No Aplica,No Aplica,VIGENCIA ACTUAL,ENTIDADES DIFERENTES A ENTIDADES TERRITORIALES - GESTION GENERAL,NO DEFINIDO,NO DEFINIDO,DEPORTE Y RECREACION,9411374.0,9411374.0,2023,Segundo Trimestre,pres_gasto,,,,,,,,,,,,,,,,,,,,,,
2707691,20220301,220173585,Instituto Purificense para la Recreación y el Deporte,2.1.1.01.02,CONTRIBUCIONES INHERENTES A LA NOMINA,GASTOS,FUNCIONAMIENTO,GASTOS DE PERSONAL,PLANTA DE PERSONAL PERMANENTE,CONTRIBUCIONES INHERENTES A LA NOMINA,No Aplica,No Aplica,No Aplica,No Aplica,No Aplica,VIGENCIA ACTUAL,ENTIDADES DIFERENTES A ENTIDADES TERRITORIALES - GESTION GENERAL,NO DEFINIDO,NO DEFINIDO,NO DEFINIDO,36651032.0,36956632.0,2022,Primer Trimestre,pres_gasto,,,,,,,,,,,,,,,,,,,,,,
2719262,20211201,220173585,Instituto Purificense para la Recreación y el Deporte,2.1.1.02.01.001,FACTORES SALARIALES COMUNES,GASTOS,FUNCIONAMIENTO,GASTOS DE PERSONAL,PERSONAL SUPERNUMERARIO Y PLANTA TEMPORAL,FACTORES CONSTITUTIVOS DE SALARIO,FACTORES SALARIALES COMUNES,No Aplica,No Aplica,No Aplica,No Aplica,VIGENCIA ACTUAL,ENTIDADES DIFERENTES A ENTIDADES TERRITORIALES - GESTION GENERAL,NO DEFINIDO,NO DEFINIDO,NO DEFINIDO,40000000.0,42000000.0,2021,Cuarto Trimestre,pres_gasto,,,,,,,,,,,,,,,,,,,,,,
2724923,20220301,220173585,Instituto Purificense para la Recreación y el Deporte,2.1.1.01.01.001.08,PRESTACIONES SOCIALES,GASTOS,FUNCIONAMIENTO,GASTOS DE PERSONAL,PLANTA DE PERSONAL PERMANENTE,FACTORES CONSTITUTIVOS DE SALARIO,FACTORES SALARIALES COMUNES,PRESTACIONES SOCIALES,No Aplica,No Aplica,No Aplica,VIGENCIA ACTUAL,ENTIDADES DIFERENTES A ENTIDADES TERRITORIALES - GESTION GENERAL,NO DEFINIDO,NO DEFINIDO,NO DEFINIDO,12700000.0,12700000.0,2022,Primer Trimestre,pres_gasto,,,,,,,,,,,,,,,,,,,,,,
2730490,20210901,220173585,Instituto Purificense para la Recreación y el Deporte,2.1.1.01.02,CONTRIBUCIONES INHERENTES A LA NOMINA,GASTOS,FUNCIONAMIENTO,GASTOS DE PERSONAL,PLANTA DE PERSONAL PERMANENTE,CONTRIBUCIONES INHERENTES A LA NOMINA,No Aplica,No Aplica,No Aplica,No Aplica,No Aplica,VIGENCIA ACTUAL,ENTIDADES DIFERENTES A ENTIDADES TERRITORIALES - GESTION GENERAL,NO DEFINIDO,NO DEFINIDO,NO DEFINIDO,32579735.0,32729735.0,2021,Tercer Trimestre,pres_gasto,,,,,,,,,,,,,,,,,,,,,,
2748909,20230301,220173585,Instituto Purificense para la Recreación y el Deporte,2.1.1.02,PERSONAL SUPERNUMERARIO Y PLANTA TEMPORAL,GASTOS,FUNCIONAMIENTO,GASTOS DE PERSONAL,PERSONAL SUPERNUMERARIO Y PLANTA TEMPORAL,No Aplica,No Aplica,No Aplica,No Aplica,No Aplica,No Aplica,VIGENCIA ACTUAL,ENTIDADES DIFERENTES A ENTIDADES TERRITORIALES - GESTION GENERAL,NO DEFINIDO,NO DEFINIDO,NO DEFINIDO,55360000.0,56860000.0,2023,Primer Trimestre,pres_gasto,,,,,,,,,,,,,,,,,,,,,,
2758716,20210301,220173585,Instituto Purificense para la Recreación y el Deporte,2.1.1.01.01.001.01,SUELDO BASICO,GASTOS,FUNCIONAMIENTO,GASTOS DE PERSONAL,PLANTA DE PERSONAL PERMANENTE,FACTORES CONSTITUTIVOS DE SALARIO,FACTORES SALARIALES COMUNES,SUELDO BASICO,No Aplica,No Aplica,No Aplica,VIGENCIA ACTUAL,ENTIDADES DIFERENTES A ENTIDADES TERRITORIALES - GESTION GENERAL,NO DEFINIDO,NO DEFINIDO,NO DEFINIDO,83241776.0,83241776.0,2021,Primer Trimestre,pres_gasto,,,,,,,,,,,,,,,,,,,,,,
2759241,20210301,220173585,Instituto Purificense para la Recreación y el Deporte,2.99,INVERSIÓN CONSOLIDADA,GASTOS,INVERSIÓN CONSOLIDADA,No Aplica,No Aplica,No Aplica,No Aplica,No Aplica,No Aplica,No Aplica,No Aplica,VIGENCIA ACTUAL,ENTIDADES DIFERENTES A ENTIDADES TERRITORIALES - GESTION GENERAL,NO DEFINIDO,NO DEFINIDO,NO DEFINIDO,234000000.0,234000000.0,2021,Primer Trimestre,pres_gasto,,,,,,,,,,,,,,,,,,,,,,
2779639,20220301,220173585,Instituto Purificense para la Recreación y el Deporte,2.1.2.02.02.008,SERVICIOS PRESTADOS A LAS EMPRESAS Y SERVICIOS DE PRODUCCION,GASTOS,FUNCIONAMIENTO,ADQUISICION DE BIENES Y SERVICIOS,ADQUISICIONES DIFERENTES DE ACTIVOS,ADQUISICION DE SERVICIOS,SERVICIOS PRESTADOS A LAS EMPRESAS Y SERVICIOS DE PRODUCCION,No Aplica,No Aplica,No Aplica,No Aplica,VIGENCIA ACTUAL,ENTIDADES DIFERENTES A ENTIDADES TERRITORIALES - GESTION GENERAL,NO DEFINIDO,NO DEFINIDO,DEPORTE Y RECREACION,30000000.0,30000000.0,2022,Primer Trimestre,pres_gasto,,,,,,,,,,,,,,,,,,,,,,
2801679,20211201,220173585,Instituto Purificense para la Recreación y el Deporte,2.1.1.01.01.001.08,PRESTACIONES SOCIALES,GASTOS,FUNCIONAMIENTO,GASTOS DE PERSONAL,PLANTA DE PERSONAL PERMANENTE,FACTORES CONSTITUTIVOS DE SALARIO,FACTORES SALARIALES COMUNES,PRESTACIONES SOCIALES,No Aplica,No Aplica,No Aplica,VIGENCIA ACTUAL,ENTIDADES DIFERENTES A ENTIDADES TERRITORIALES - GESTION GENERAL,NO DEFINIDO,NO DEFINIDO,NO DEFINIDO,10500000.0,11400000.0,2021,Cuarto Trimestre,pres_gasto,,,,,,,,,,,,,,,,,,,,,,
2802372,20221201,220173585,Instituto Purificense para la Recreación y el Deporte,2.1.1.01.02.007,APORTES AL SENA,GASTOS,FUNCIONAMIENTO,GASTOS DE PERSONAL,PLANTA DE PERSONAL PERMANENTE,CONTRIBUCIONES INHERENTES A LA NOMINA,APORTES AL SENA,No Aplica,No Aplica,No Aplica,No Aplica,VIGENCIA ACTUAL,ENTIDADES DIFERENTES A ENTIDADES TERRITORIALES - GESTION GENERAL,NO DEFINIDO,NO DEFINIDO,DEPORTE Y RECREACION,1913784.0,1913784.0,2022,Cuarto Trimestre,pres_gasto,,,,,,,,,,,,,,,,,,,,,,
2811793,20221201,220173585,Instituto Purificense para la Recreación y el Deporte,2.1.1.02,PERSONAL SUPERNUMERARIO Y PLANTA TEMPORAL,GASTOS,FUNCIONAMIENTO,GASTOS DE PERSONAL,PERSONAL SUPERNUMERARIO Y PLANTA TEMPORAL,No Aplica,No Aplica,No Aplica,No Aplica,No Aplica,No Aplica,VIGENCIA ACTUAL,ENTIDADES DIFERENTES A ENTIDADES TERRITORIALES - GESTION GENERAL,NO DEFINIDO,NO DEFINIDO,NO DEFINIDO,56400000.0,56400000.0,2022,Cuarto Trimestre,pres_gasto,,,,,,,,,,,,,,,,,,,,,,
2817546,20220301,220173585,Instituto Purificense para la Recreación y el Deporte,2.1.2,ADQUISICION DE BIENES Y SERVICIOS,GASTOS,FUNCIONAMIENTO,ADQUISICION DE BIENES Y SERVICIOS,No Aplica,No Aplica,No Aplica,No Aplica,No Aplica,No Aplica,No Aplica,VIGENCIA ACTUAL,ENTIDADES DIFERENTES A ENTIDADES TERRITORIALES - GESTION GENERAL,NO DEFINIDO,NO DEFINIDO,NO DEFINIDO,35000000.0,35000000.0,2022,Primer Trimestre,pres_gasto,,,,,,,,,,,,,,,,,,,,,,
2837798,20230301,220173585,Instituto Purificense para la Recreación y el Deporte,2.1.1.01.01,FACTORES CONSTITUTIVOS DE SALARIO,GASTOS,FUNCIONAMIENTO,GASTOS DE PERSONAL,PLANTA DE PERSONAL PERMANENTE,FACTORES CONSTITUTIVOS DE SALARIO,No Aplica,No Aplica,No Aplica,No Aplica,No Aplica,VIGENCIA ACTUAL,ENTIDADES DIFERENTES A ENTIDADES TERRITORIALES - GESTION GENERAL,NO DEFINIDO,NO DEFINIDO,NO DEFINIDO,129772054.0,129772054.0,2023,Primer Trimestre,pres_gasto,,,,,,,,,,,,,,,,,,,,,,
2838553,20210901,220173585,Instituto Purificense para la Recreación y el Deporte,2.1.2.02,ADQUISICIONES DIFERENTES DE ACTIVOS,GASTOS,FUNCIONAMIENTO,ADQUISICION DE BIENES Y SERVICIOS,ADQUISICIONES DIFERENTES DE ACTIVOS,No Aplica,No Aplica,No Aplica,No Aplica,No Aplica,No Aplica,VIGENCIA ACTUAL,ENTIDADES DIFERENTES A ENTIDADES TERRITORIALES - GESTION GENERAL,NO DEFINIDO,NO DEFINIDO,NO DEFINIDO,5600000.0,1750000.0,2021,Tercer Trimestre,pres_gasto,,,,,,,,,,,,,,,,,,,,,,
2840535,20210901,220173585,Instituto Purificense para la Recreación y el Deporte,2.1.5.02,ADQUISICION DE SERVICIOS,GASTOS,FUNCIONAMIENTO,GASTOS DE COMERCIALIZACION Y PRODUCCION,ADQUISICION DE SERVICIOS,No Aplica,No Aplica,No Aplica,No Aplica,No Aplica,No Aplica,VIGENCIA ACTUAL,ENTIDADES DIFERENTES A ENTIDADES TERRITORIALES - GESTION GENERAL,NO DEFINIDO,NO DEFINIDO,NO DEFINIDO,15500000.0,9583000.0,2021,Tercer Trimestre,pres_gasto,,,,,,,,,,,,,,,,,,,,,,
2840851,20230301,220173585,Instituto Purificense para la Recreación y el Deporte,2.1.1.01.02.001,APORTES A LA SEGURIDAD SOCIAL EN PENSIONES,GASTOS,FUNCIONAMIENTO,GASTOS DE PERSONAL,PLANTA DE PERSONAL PERMANENTE,CONTRIBUCIONES INHERENTES A LA NOMINA,APORTES A LA SEGURIDAD SOCIAL EN PENSIONES,No Aplica,No Aplica,No Aplica,No Aplica,VIGENCIA ACTUAL,ENTIDADES DIFERENTES A ENTIDADES TERRITORIALES - GESTION GENERAL,NO DEFINIDO,NO DEFINIDO,DEPORTE Y RECREACION,13292646.0,13292646.0,2023,Primer Trimestre,pres_gasto,,,,,,,,,,,,,,,,,,,,,,
2844834,20221201,220173585,Instituto Purificense para la Recreación y el Deporte,2.1.8.05,"MULTAS, SANCIONES E INTERESES DE MORA",GASTOS,FUNCIONAMIENTO,"GASTOS POR TRIBUTOS, TASAS, CONTRIBUCIONES, MULTAS, SANCIONES E INTERESES DE MORA","MULTAS, SANCIONES E INTERESES DE MORA",No Aplica,No Aplica,No Aplica,No Aplica,No Aplica,No Aplica,VIGENCIA ACTUAL,ENTIDADES DIFERENTES A ENTIDADES TERRITORIALES - GESTION GENERAL,NO DEFINIDO,NO DEFINIDO,NO DEFINIDO,2000.0,2000.0,2022,Cuarto Trimestre,pres_gasto,,,,,,,,,,,,,,,,,,,,,,
2846888,20230601,220173585,Instituto Purificense para la Recreación y el Deporte,2.1.1.02.01,FACTORES CONSTITUTIVOS DE SALARIO,GASTOS,FUNCIONAMIENTO,GASTOS DE PERSONAL,PERSONAL SUPERNUMERARIO Y PLANTA TEMPORAL,FACTORES CONSTITUTIVOS DE SALARIO,No Aplica,No Aplica,No Aplica,No Aplica,No Aplica,VIGENCIA ACTUAL,ENTIDADES DIFERENTES A ENTIDADES TERRITORIALES - GESTION GENERAL,NO DEFINIDO,NO DEFINIDO,NO DEFINIDO,55360000.0,56860000.0,2023,Segundo Trimestre,pres_gasto,,,,,,,,,,,,,,,,,,,,,,
2847913,20221201,220173585,Instituto Purificense para la Recreación y el Deporte,2.1.2.02.02.008,SERVICIOS PRESTADOS A LAS EMPRESAS Y SERVICIOS DE PRODUCCION,GASTOS,FUNCIONAMIENTO,ADQUISICION DE BIENES Y SERVICIOS,ADQUISICIONES DIFERENTES DE ACTIVOS,ADQUISICION DE SERVICIOS,SERVICIOS PRESTADOS A LAS EMPRESAS Y SERVICIOS DE PRODUCCION,No Aplica,No Aplica,No Aplica,No Aplica,VIGENCIA ACTUAL,ENTIDADES DIFERENTES A ENTIDADES TERRITORIALES - GESTION GENERAL,NO DEFINIDO,NO DEFINIDO,DEPORTE Y RECREACION,8600000.0,1700000.0,2022,Cuarto Trimestre,pres_gasto,,,,,,,,,,,,,,,,,,,,,,
2854927,20221201,220173585,Instituto Purificense para la Recreación y el Deporte,2.1.1.01.02.006,APORTES AL ICBF,GASTOS,FUNCIONAMIENTO,GASTOS DE PERSONAL,PLANTA DE PERSONAL PERMANENTE,CONTRIBUCIONES INHERENTES A LA NOMINA,APORTES AL ICBF,No Aplica,No Aplica,No Aplica,No Aplica,VIGENCIA ACTUAL,ENTIDADES DIFERENTES A ENTIDADES TERRITORIALES - GESTION GENERAL,NO DEFINIDO,NO DEFINIDO,DEPORTE Y RECREACION,2870690.0,2570690.0,2022,Cuarto Trimestre,pres_gasto,,,,,,,,,,,,,,,,,,,,,,
2861141,20210901,220173585,Instituto Purificense para la Recreación y el Deporte,2.1.8.01,IMPUESTOS,GASTOS,FUNCIONAMIENTO,"GASTOS POR TRIBUTOS, TASAS, CONTRIBUCIONES, MULTAS, SANCIONES E INTERESES DE MORA",IMPUESTOS,No Aplica,No Aplica,No Aplica,No Aplica,No Aplica,No Aplica,VIGENCIA ACTUAL,ENTIDADES DIFERENTES A ENTIDADES TERRITORIALES - GESTION GENERAL,NO DEFINIDO,NO DEFINIDO,NO DEFINIDO,2000.0,2000.0,2021,Tercer Trimestre,pres_gasto,,,,,,,,,,,,,,,,,,,,,,
2861805,20220301,220173585,Instituto Purificense para la Recreación y el Deporte,2.1.1.02.01.001.01,SUELDO BASICO,GASTOS,FUNCIONAMIENTO,GASTOS DE PERSONAL,PERSONAL SUPERNUMERARIO Y PLANTA TEMPORAL,FACTORES CONSTITUTIVOS DE SALARIO,FACTORES SALARIALES COMUNES,SUELDO BASICO,No Aplica,No Aplica,No Aplica,VIGENCIA ACTUAL,ENTIDADES DIFERENTES A ENTIDADES TERRITORIALES - GESTION GENERAL,NO DEFINIDO,NO DEFINIDO,DEPORTE Y RECREACION,26400000.0,26400000.0,2022,Primer Trimestre,pres_gasto,,,,,,,,,,,,,,,,,,,,,,
2863100,20220901,220173585,Instituto Purificense para la Recreación y el Deporte,2.1.1.01.02.005,APORTES GENERALES AL SISTEMA DE RIESGOS LABORALES,GASTOS,FUNCIONAMIENTO,GASTOS DE PERSONAL,PLANTA DE PERSONAL PERMANENTE,CONTRIBUCIONES INHERENTES A LA NOMINA,APORTES GENERALES AL SISTEMA DE RIESGOS LABORALES,No Aplica,No Aplica,No Aplica,No Aplica,VIGENCIA ACTUAL,ENTIDADES DIFERENTES A ENTIDADES TERRITORIALES - GESTION GENERAL,NO DEFINIDO,NO DEFINIDO,DEPORTE Y RECREACION,500000.0,500000.0,2022,Tercer Trimestre,pres_gasto,,,,,,,,,,,,,,,,,,,,,,
2865040,20210601,220173585,Instituto Purificense para la Recreación y el Deporte,2.1.8,"GASTOS POR TRIBUTOS, TASAS, CONTRIBUCIONES, MULTAS, SANCIONES E INTERESES DE MORA",GASTOS,FUNCIONAMIENTO,"GASTOS POR TRIBUTOS, TASAS, CONTRIBUCIONES, MULTAS, SANCIONES E INTERESES DE MORA",No Aplica,No Aplica,No Aplica,No Aplica,No Aplica,No Aplica,No Aplica,VIGENCIA ACTUAL,ENTIDADES DIFERENTES A ENTIDADES TERRITORIALES - GESTION GENERAL,NO DEFINIDO,NO DEFINIDO,NO DEFINIDO,2000.0,2000.0,2021,Segundo Trimestre,pres_gasto,,,,,,,,,,,,,,,,,,,,,,
2868597,20220301,220173585,Instituto Purificense para la Recreación y el Deporte,2.1.5.02,ADQUISICION DE SERVICIOS,GASTOS,FUNCIONAMIENTO,GASTOS DE COMERCIALIZACION Y PRODUCCION,ADQUISICION DE SERVICIOS,No Aplica,No Aplica,No Aplica,No Aplica,No Aplica,No Aplica,VIGENCIA ACTUAL,ENTIDADES DIFERENTES A ENTIDADES TERRITORIALES - GESTION GENERAL,NO DEFINIDO,NO DEFINIDO,NO DEFINIDO,34857287.0,34551687.0,2022,Primer Trimestre,pres_gasto,,,,,,,,,,,,,,,,,,,,,,
2887348,20220301,220173585,Instituto Purificense para la Recreación y el Deporte,2.1.1.02.01.001,FACTORES SALARIALES COMUNES,GASTOS,FUNCIONAMIENTO,GASTOS DE PERSONAL,PERSONAL SUPERNUMERARIO Y PLANTA TEMPORAL,FACTORES CONSTITUTIVOS DE SALARIO,FACTORES SALARIALES COMUNES,No Aplica,No Aplica,No Aplica,No Aplica,VIGENCIA ACTUAL,ENTIDADES DIFERENTES A ENTIDADES TERRITORIALES - GESTION GENERAL,NO DEFINIDO,NO DEFINIDO,NO DEFINIDO,26400000.0,26400000.0,2022,Primer Trimestre,pres_gasto,,,,,,,,,,,,,,,,,,,,,,
2894336,20221201,220173585,Instituto Purificense para la Recreación y el Deporte,2.99,INVERSIÓN CONSOLIDADA,GASTOS,INVERSIÓN CONSOLIDADA,No Aplica,No Aplica,No Aplica,No Aplica,No Aplica,No Aplica,No Aplica,No Aplica,VIGENCIA ACTUAL,ENTIDADES DIFERENTES A ENTIDADES TERRITORIALES - GESTION GENERAL,NO DEFINIDO,NO DEFINIDO,NO APLICA,434072000.0,546437995.0,2022,Cuarto Trimestre,pres_gasto,,,,,,,,,,,,,,,,,,,,,,
2901829,20210901,220173585,Instituto Purificense para la Recreación y el Deporte,2.1,FUNCIONAMIENTO,GASTOS,FUNCIONAMIENTO,No Aplica,No Aplica,No Aplica,No Aplica,No Aplica,No Aplica,No Aplica,No Aplica,VIGENCIA ACTUAL,ENTIDADES DIFERENTES A ENTIDADES TERRITORIALES - GESTION GENERAL,NO DEFINIDO,NO DEFINIDO,NO DEFINIDO,197000000.0,307000000.0,2021,Tercer Trimestre,pres_gasto,,,,,,,,,,,,,,,,,,,,,,
2903720,20220901,220173585,Instituto Purificense para la Recreación y el Deporte,2.1.1.01.02.004,APORTES A CAJAS DE COMPENSACION FAMILIAR,GASTOS,FUNCIONAMIENTO,GASTOS DE PERSONAL,PLANTA DE PERSONAL PERMANENTE,CONTRIBUCIONES INHERENTES A LA NOMINA,APORTES A CAJAS DE COMPENSACION FAMILIAR,No Aplica,No Aplica,No Aplica,No Aplica,VIGENCIA ACTUAL,ENTIDADES DIFERENTES A ENTIDADES TERRITORIALES - GESTION GENERAL,NO DEFINIDO,NO DEFINIDO,DEPORTE Y RECREACION,3827587.0,3827587.0,2022,Tercer Trimestre,pres_gasto,,,,,,,,,,,,,,,,,,,,,,
2915943,20210601,220173585,Instituto Purificense para la Recreación y el Deporte,2.1.1.01.01.001,FACTORES SALARIALES COMUNES,GASTOS,FUNCIONAMIENTO,GASTOS DE PERSONAL,PLANTA DE PERSONAL PERMANENTE,FACTORES CONSTITUTIVOS DE SALARIO,FACTORES SALARIALES COMUNES,No Aplica,No Aplica,No Aplica,No Aplica,VIGENCIA ACTUAL,ENTIDADES DIFERENTES A ENTIDADES TERRITORIALES - GESTION GENERAL,NO DEFINIDO,NO DEFINIDO,NO DEFINIDO,95141776.0,94141776.0,2021,Segundo Trimestre,pres_gasto,,,,,,,,,,,,,,,,,,,,,,
2927494,20210601,220173585,Instituto Purificense para la Recreación y el Deporte,2.1.2.01.01.003,MAQUINARIA Y EQUIPO,GASTOS,FUNCIONAMIENTO,ADQUISICION DE BIENES Y SERVICIOS,ADQUISICION DE ACTIVOS NO FINANCIEROS,ACTIVOS FIJOS,MAQUINARIA Y EQUIPO,No Aplica,No Aplica,No Aplica,No Aplica,VIGENCIA ACTUAL,ENTIDADES DIFERENTES A ENTIDADES TERRITORIALES - GESTION GENERAL,NO DEFINIDO,NO DEFINIDO,NO DEFINIDO,5176489.0,6676489.0,2021,Segundo Trimestre,pres_gasto,,,,,,,,,,,,,,,,,,,,,,
2936893,20220601,220173585,Instituto Purificense para la Recreación y el Deporte,2.1.8.05,"MULTAS, SANCIONES E INTERESES DE MORA",GASTOS,FUNCIONAMIENTO,"GASTOS POR TRIBUTOS, TASAS, CONTRIBUCIONES, MULTAS, SANCIONES E INTERESES DE MORA","MULTAS, SANCIONES E INTERESES DE MORA",No Aplica,No Aplica,No Aplica,No Aplica,No Aplica,No Aplica,VIGENCIA ACTUAL,ENTIDADES DIFERENTES A ENTIDADES TERRITORIALES - GESTION GENERAL,NO DEFINIDO,NO DEFINIDO,NO DEFINIDO,2000.0,1004.0,2022,Segundo Trimestre,pres_gasto,,,,,,,,,,,,,,,,,,,,,,
2942932,20210601,220173585,Instituto Purificense para la Recreación y el Deporte,2.1.3,TRANSFERENCIAS CORRIENTES,GASTOS,FUNCIONAMIENTO,TRANSFERENCIAS CORRIENTES,No Aplica,No Aplica,No Aplica,No Aplica,No Aplica,No Aplica,No Aplica,VIGENCIA ACTUAL,ENTIDADES DIFERENTES A ENTIDADES TERRITORIALES - GESTION GENERAL,NO DEFINIDO,NO DEFINIDO,NO DEFINIDO,0.0,112050000.0,2021,Segundo Trimestre,pres_gasto,,,,,,,,,,,,,,,,,,,,,,
2944387,20220901,220173585,Instituto Purificense para la Recreación y el Deporte,2.1.1.02,PERSONAL SUPERNUMERARIO Y PLANTA TEMPORAL,GASTOS,FUNCIONAMIENTO,GASTOS DE PERSONAL,PERSONAL SUPERNUMERARIO Y PLANTA TEMPORAL,No Aplica,No Aplica,No Aplica,No Aplica,No Aplica,No Aplica,VIGENCIA ACTUAL,ENTIDADES DIFERENTES A ENTIDADES TERRITORIALES - GESTION GENERAL,NO DEFINIDO,NO DEFINIDO,NO DEFINIDO,56400000.0,56400000.0,2022,Tercer Trimestre,pres_gasto,,,,,,,,,,,,,,,,,,,,,,
2950300,20230301,220173585,Instituto Purificense para la Recreación y el Deporte,2.1.1.01.01.001.08,PRESTACIONES SOCIALES,GASTOS,FUNCIONAMIENTO,GASTOS DE PERSONAL,PLANTA DE PERSONAL PERMANENTE,FACTORES CONSTITUTIVOS DE SALARIO,FACTORES SALARIALES COMUNES,PRESTACIONES SOCIALES,No Aplica,No Aplica,No Aplica,VIGENCIA ACTUAL,ENTIDADES DIFERENTES A ENTIDADES TERRITORIALES - GESTION GENERAL,NO DEFINIDO,NO DEFINIDO,NO DEFINIDO,13500000.0,13500000.0,2023,Primer Trimestre,pres_gasto,,,,,,,,,,,,,,,,,,,,,,
2950643,20220301,220173585,Instituto Purificense para la Recreación y el Deporte,2.1.8.01.14,GRAVAMEN A LOS MOVIMIENTOS FINANCIEROS,GASTOS,FUNCIONAMIENTO,"GASTOS POR TRIBUTOS, TASAS, CONTRIBUCIONES, MULTAS, SANCIONES E INTERESES DE MORA",IMPUESTOS,GRAVAMEN A LOS MOVIMIENTOS FINANCIEROS,No Aplica,No Aplica,No Aplica,No Aplica,No Aplica,VIGENCIA ACTUAL,ENTIDADES DIFERENTES A ENTIDADES TERRITORIALES - GESTION GENERAL,NO DEFINIDO,NO DEFINIDO,DEPORTE Y RECREACION,2000000.0,2000000.0,2022,Primer Trimestre,pres_gasto,,,,,,,,,,,,,,,,,,,,,,
2951695,20210601,220173585,Instituto Purificense para la Recreación y el Deporte,2.1.1.01.02.001,APORTES A LA SEGURIDAD SOCIAL EN PENSIONES,GASTOS,FUNCIONAMIENTO,GASTOS DE PERSONAL,PLANTA DE PERSONAL PERMANENTE,CONTRIBUCIONES INHERENTES A LA NOMINA,APORTES A LA SEGURIDAD SOCIAL EN PENSIONES,No Aplica,No Aplica,No Aplica,No Aplica,VIGENCIA ACTUAL,ENTIDADES DIFERENTES A ENTIDADES TERRITORIALES - GESTION GENERAL,NO DEFINIDO,NO DEFINIDO,DEPORTE Y RECREACION,9881013.0,9881013.0,2021,Segundo Trimestre,pres_gasto,,,,,,,,,,,,,,,,,,,,,,
2955927,20210901,220173585,Instituto Purificense para la Recreación y el Deporte,2.1.3.13.01.002,CONCILIACIONES,GASTOS,FUNCIONAMIENTO,TRANSFERENCIAS CORRIENTES,SENTENCIAS Y CONCILIACIONES,FALLOS NACIONALES,CONCILIACIONES,No Aplica,No Aplica,No Aplica,No Aplica,VIGENCIA ACTUAL,ENTIDADES DIFERENTES A ENTIDADES TERRITORIALES - GESTION GENERAL,NO DEFINIDO,NO DEFINIDO,DEPORTE Y RECREACION,0.0,112050000.0,2021,Tercer Trimestre,pres_gasto,,,,,,,,,,,,,,,,,,,,,,
2959887,20230301,220173585,Instituto Purificense para la Recreación y el Deporte,2.1.1.01.02.007,APORTES AL SENA,GASTOS,FUNCIONAMIENTO,GASTOS DE PERSONAL,PLANTA DE PERSONAL PERMANENTE,CONTRIBUCIONES INHERENTES A LA NOMINA,APORTES AL SENA,No Aplica,No Aplica,No Aplica,No Aplica,VIGENCIA ACTUAL,ENTIDADES DIFERENTES A ENTIDADES TERRITORIALES - GESTION GENERAL,NO DEFINIDO,NO DEFINIDO,DEPORTE Y RECREACION,2215441.0,2215441.0,2023,Primer Trimestre,pres_gasto,,,,,,,,,,,,,,,,,,,,,,
2963486,20230301,220173585,Instituto Purificense para la Recreación y el Deporte,2.1.1.01.01.001.01,SUELDO BASICO,GASTOS,FUNCIONAMIENTO,GASTOS DE PERSONAL,PLANTA DE PERSONAL PERMANENTE,FACTORES CONSTITUTIVOS DE SALARIO,FACTORES SALARIALES COMUNES,SUELDO BASICO,No Aplica,No Aplica,No Aplica,VIGENCIA ACTUAL,ENTIDADES DIFERENTES A ENTIDADES TERRITORIALES - GESTION GENERAL,NO DEFINIDO,NO DEFINIDO,DEPORTE Y RECREACION,110772054.0,110772054.0,2023,Primer Trimestre,pres_gasto,,,,,,,,,,,,,,,,,,,,,,
2967291,20210601,220173585,Instituto Purificense para la Recreación y el Deporte,2.1,FUNCIONAMIENTO,GASTOS,FUNCIONAMIENTO,No Aplica,No Aplica,No Aplica,No Aplica,No Aplica,No Aplica,No Aplica,No Aplica,VIGENCIA ACTUAL,ENTIDADES DIFERENTES A ENTIDADES TERRITORIALES - GESTION GENERAL,NO DEFINIDO,NO DEFINIDO,NO DEFINIDO,197000000.0,307000000.0,2021,Segundo Trimestre,pres_gasto,,,,,,,,,,,,,,,,,,,,,,
2970495,20220601,220173585,Instituto Purificense para la Recreación y el Deporte,2.1.8.05.02,INTERESES DE MORA,GASTOS,FUNCIONAMIENTO,"GASTOS POR TRIBUTOS, TASAS, CONTRIBUCIONES, MULTAS, SANCIONES E INTERESES DE MORA","MULTAS, SANCIONES E INTERESES DE MORA",INTERESES DE MORA,No Aplica,No Aplica,No Aplica,No Aplica,No Aplica,VIGENCIA ACTUAL,ENTIDADES DIFERENTES A ENTIDADES TERRITORIALES - GESTION GENERAL,NO DEFINIDO,NO DEFINIDO,DEPORTE Y RECREACION,2000.0,1004.0,2022,Segundo Trimestre,pres_gasto,,,,,,,,,,,,,,,,,,,,,,
2970741,20210901,220173585,Instituto Purificense para la Recreación y el Deporte,2.1.2,ADQUISICION DE BIENES Y SERVICIOS,GASTOS,FUNCIONAMIENTO,ADQUISICION DE BIENES Y SERVICIOS,No Aplica,No Aplica,No Aplica,No Aplica,No Aplica,No Aplica,No Aplica,VIGENCIA ACTUAL,ENTIDADES DIFERENTES A ENTIDADES TERRITORIALES - GESTION GENERAL,NO DEFINIDO,NO DEFINIDO,NO DEFINIDO,10776489.0,8866489.0,2021,Tercer Trimestre,pres_gasto,,,,,,,,,,,,,,,,,,,,,,
2972551,20220901,220173585,Instituto Purificense para la Recreación y el Deporte,2.1.1.02.01.001.01,SUELDO BASICO,GASTOS,FUNCIONAMIENTO,GASTOS DE PERSONAL,PERSONAL SUPERNUMERARIO Y PLANTA TEMPORAL,FACTORES CONSTITUTIVOS DE SALARIO,FACTORES SALARIALES COMUNES,SUELDO BASICO,No Aplica,No Aplica,No Aplica,VIGENCIA ACTUAL,ENTIDADES DIFERENTES A ENTIDADES TERRITORIALES - GESTION GENERAL,NO DEFINIDO,NO DEFINIDO,DEPORTE Y RECREACION,56400000.0,56400000.0,2022,Tercer Trimestre,pres_gasto,,,,,,,,,,,,,,,,,,,,,,
2973516,20220301,220173585,Instituto Purificense para la Recreación y el Deporte,2.1.1.01.02.006,APORTES AL ICBF,GASTOS,FUNCIONAMIENTO,GASTOS DE PERSONAL,PLANTA DE PERSONAL PERMANENTE,CONTRIBUCIONES INHERENTES A LA NOMINA,APORTES AL ICBF,No Aplica,No Aplica,No Aplica,No Aplica,VIGENCIA ACTUAL,ENTIDADES DIFERENTES A ENTIDADES TERRITORIALES - GESTION GENERAL,NO DEFINIDO,NO DEFINIDO,DEPORTE Y RECREACION,2870690.0,2870690.0,2022,Primer Trimestre,pres_gasto,,,,,,,,,,,,,,,,,,,,,,
2980991,20220901,220173585,Instituto Purificense para la Recreación y el Deporte,2.1.1.01.02.007,APORTES AL SENA,GASTOS,FUNCIONAMIENTO,GASTOS DE PERSONAL,PLANTA DE PERSONAL PERMANENTE,CONTRIBUCIONES INHERENTES A LA NOMINA,APORTES AL SENA,No Aplica,No Aplica,No Aplica,No Aplica,VIGENCIA ACTUAL,ENTIDADES DIFERENTES A ENTIDADES TERRITORIALES - GESTION GENERAL,NO DEFINIDO,NO DEFINIDO,DEPORTE Y RECREACION,1913784.0,1913784.0,2022,Tercer Trimestre,pres_gasto,,,,,,,,,,,,,,,,,,,,,,
3003373,20220901,220173585,Instituto Purificense para la Recreación y el Deporte,2.1.2.02.02,ADQUISICION DE SERVICIOS,GASTOS,FUNCIONAMIENTO,ADQUISICION DE BIENES Y SERVICIOS,ADQUISICIONES DIFERENTES DE ACTIVOS,ADQUISICION DE SERVICIOS,No Aplica,No Aplica,No Aplica,No Aplica,No Aplica,VIGENCIA ACTUAL,ENTIDADES DIFERENTES A ENTIDADES TERRITORIALES - GESTION GENERAL,NO DEFINIDO,NO DEFINIDO,NO DEFINIDO,41857287.0,41551687.0,2022,Tercer Trimestre,pres_gasto,,,,,,,,,,,,,,,,,,,,,,
3010149,20210901,220173585,Instituto Purificense para la Recreación y el Deporte,2.1.2.01,ADQUISICION DE ACTIVOS NO FINANCIEROS,GASTOS,FUNCIONAMIENTO,ADQUISICION DE BIENES Y SERVICIOS,ADQUISICION DE ACTIVOS NO FINANCIEROS,No Aplica,No Aplica,No Aplica,No Aplica,No Aplica,No Aplica,VIGENCIA ACTUAL,ENTIDADES DIFERENTES A ENTIDADES TERRITORIALES - GESTION GENERAL,NO DEFINIDO,NO DEFINIDO,NO DEFINIDO,5176489.0,7116489.0,2021,Tercer Trimestre,pres_gasto,,,,,,,,,,,,,,,,,,,,,,
3031700,20220601,220173585,Instituto Purificense para la Recreación y el Deporte,2.1.1.01.02.002,APORTES A LA SEGURIDAD SOCIAL EN SALUD,GASTOS,FUNCIONAMIENTO,GASTOS DE PERSONAL,PLANTA DE PERSONAL PERMANENTE,CONTRIBUCIONES INHERENTES A LA NOMINA,APORTES A LA SEGURIDAD SOCIAL EN SALUD,No Aplica,No Aplica,No Aplica,No Aplica,VIGENCIA ACTUAL,ENTIDADES DIFERENTES A ENTIDADES TERRITORIALES - GESTION GENERAL,NO DEFINIDO,NO DEFINIDO,DEPORTE Y RECREACION,7655175.0,7655175.0,2022,Segundo Trimestre,pres_gasto,,,,,,,,,,,,,,,,,,,,,,
3034915,20211201,220173585,Instituto Purificense para la Recreación y el Deporte,2.1.1.01.01.001.01,SUELDO BASICO,GASTOS,FUNCIONAMIENTO,GASTOS DE PERSONAL,PLANTA DE PERSONAL PERMANENTE,FACTORES CONSTITUTIVOS DE SALARIO,FACTORES SALARIALES COMUNES,SUELDO BASICO,No Aplica,No Aplica,No Aplica,VIGENCIA ACTUAL,ENTIDADES DIFERENTES A ENTIDADES TERRITORIALES - GESTION GENERAL,NO DEFINIDO,NO DEFINIDO,DEPORTE Y RECREACION,83241776.0,81098776.0,2021,Cuarto Trimestre,pres_gasto,,,,,,,,,,,,,,,,,,,,,,
3037569,20210301,220173585,Instituto Purificense para la Recreación y el Deporte,2.1.2.01.01.003,MAQUINARIA Y EQUIPO,GASTOS,FUNCIONAMIENTO,ADQUISICION DE BIENES Y SERVICIOS,ADQUISICION DE ACTIVOS NO FINANCIEROS,ACTIVOS FIJOS,MAQUINARIA Y EQUIPO,No Aplica,No Aplica,No Aplica,No Aplica,VIGENCIA ACTUAL,ENTIDADES DIFERENTES A ENTIDADES TERRITORIALES - GESTION GENERAL,NO DEFINIDO,NO DEFINIDO,NO DEFINIDO,10776489.0,11776489.0,2021,Primer Trimestre,pres_gasto,,,,,,,,,,,,,,,,,,,,,,
3038933,20211201,220173585,Instituto Purificense para la Recreación y el Deporte,2.1.3.13,SENTENCIAS Y CONCILIACIONES,GASTOS,FUNCIONAMIENTO,TRANSFERENCIAS CORRIENTES,SENTENCIAS Y CONCILIACIONES,No Aplica,No Aplica,No Aplica,No Aplica,No Aplica,No Aplica,VIGENCIA ACTUAL,ENTIDADES DIFERENTES A ENTIDADES TERRITORIALES - GESTION GENERAL,NO DEFINIDO,NO DEFINIDO,NO DEFINIDO,0.0,112050000.0,2021,Cuarto Trimestre,pres_gasto,,,,,,,,,,,,,,,,,,,,,,
3060495,20210301,220173585,Instituto Purificense para la Recreación y el Deporte,2.1.2.01,ADQUISICION DE ACTIVOS NO FINANCIEROS,GASTOS,FUNCIONAMIENTO,ADQUISICION DE BIENES Y SERVICIOS,ADQUISICION DE ACTIVOS NO FINANCIEROS,No Aplica,No Aplica,No Aplica,No Aplica,No Aplica,No Aplica,VIGENCIA ACTUAL,ENTIDADES DIFERENTES A ENTIDADES TERRITORIALES - GESTION GENERAL,NO DEFINIDO,NO DEFINIDO,NO DEFINIDO,10776489.0,11776489.0,2021,Primer Trimestre,pres_gasto,,,,,,,,,,,,,,,,,,,,,,
3064197,20220601,220173585,Instituto Purificense para la Recreación y el Deporte,2.1.1.01.01.001,FACTORES SALARIALES COMUNES,GASTOS,FUNCIONAMIENTO,GASTOS DE PERSONAL,PLANTA DE PERSONAL PERMANENTE,FACTORES CONSTITUTIVOS DE SALARIO,FACTORES SALARIALES COMUNES,No Aplica,No Aplica,No Aplica,No Aplica,VIGENCIA ACTUAL,ENTIDADES DIFERENTES A ENTIDADES TERRITORIALES - GESTION GENERAL,NO DEFINIDO,NO DEFINIDO,NO DEFINIDO,112589681.0,112589681.0,2022,Segundo Trimestre,pres_gasto,,,,,,,,,,,,,,,,,,,,,,
3066058,20220301,220173585,Instituto Purificense para la Recreación y el Deporte,2.1.1.01.03.001.01,VACACIONES,GASTOS,FUNCIONAMIENTO,GASTOS DE PERSONAL,PLANTA DE PERSONAL PERMANENTE,REMUNERACIONES NO CONSTITUTIVAS DE FACTOR SALARIAL,PRESTACIONES SOCIALES,VACACIONES,No Aplica,No Aplica,No Aplica,VIGENCIA ACTUAL,ENTIDADES DIFERENTES A ENTIDADES TERRITORIALES - GESTION GENERAL,NO DEFINIDO,NO DEFINIDO,DEPORTE Y RECREACION,6500000.0,6500000.0,2022,Primer Trimestre,pres_gasto,,,,,,,,,,,,,,,,,,,,,,
3066236,20210601,220173585,Instituto Purificense para la Recreación y el Deporte,2.1.1.01.02.004,APORTES A CAJAS DE COMPENSACION FAMILIAR,GASTOS,FUNCIONAMIENTO,GASTOS DE PERSONAL,PLANTA DE PERSONAL PERMANENTE,CONTRIBUCIONES INHERENTES A LA NOMINA,APORTES A CAJAS DE COMPENSACION FAMILIAR,No Aplica,No Aplica,No Aplica,No Aplica,VIGENCIA ACTUAL,ENTIDADES DIFERENTES A ENTIDADES TERRITORIALES - GESTION GENERAL,NO DEFINIDO,NO DEFINIDO,DEPORTE Y RECREACION,3293671.0,3293671.0,2021,Segundo Trimestre,pres_gasto,,,,,,,,,,,,,,,,,,,,,,
3071519,20210901,220173585,Instituto Purificense para la Recreación y el Deporte,2.1.8,"GASTOS POR TRIBUTOS, TASAS, CONTRIBUCIONES, MULTAS, SANCIONES E INTERESES DE MORA",GASTOS,FUNCIONAMIENTO,"GASTOS POR TRIBUTOS, TASAS, CONTRIBUCIONES, MULTAS, SANCIONES E INTERESES DE MORA",No Aplica,No Aplica,No Aplica,No Aplica,No Aplica,No Aplica,No Aplica,VIGENCIA ACTUAL,ENTIDADES DIFERENTES A ENTIDADES TERRITORIALES - GESTION GENERAL,NO DEFINIDO,NO DEFINIDO,NO DEFINIDO,2000.0,2000.0,2021,Tercer Trimestre,pres_gasto,,,,,,,,,,,,,,,,,,,,,,
3074306,20210901,220173585,Instituto Purificense para la Recreación y el Deporte,2.1.1.01.01,FACTORES CONSTITUTIVOS DE SALARIO,GASTOS,FUNCIONAMIENTO,GASTOS DE PERSONAL,PLANTA DE PERSONAL PERMANENTE,FACTORES CONSTITUTIVOS DE SALARIO,No Aplica,No Aplica,No Aplica,No Aplica,No Aplica,VIGENCIA ACTUAL,ENTIDADES DIFERENTES A ENTIDADES TERRITORIALES - GESTION GENERAL,NO DEFINIDO,NO DEFINIDO,NO DEFINIDO,95141776.0,96298776.0,2021,Tercer Trimestre,pres_gasto,,,,,,,,,,,,,,,,,,,,,,
3075014,20230301,220173585,Instituto Purificense para la Recreación y el Deporte,2.99,INVERSIÓN CONSOLIDADA,GASTOS,INVERSIÓN CONSOLIDADA,No Aplica,No Aplica,No Aplica,No Aplica,No Aplica,No Aplica,No Aplica,No Aplica,VIGENCIA ACTUAL,ENTIDADES DIFERENTES A ENTIDADES TERRITORIALES - GESTION GENERAL,NO DEFINIDO,NO DEFINIDO,NO APLICA,245300000.0,259914403.0,2023,Primer Trimestre,pres_gasto,,,,,,,,,,,,,,,,,,,,,,
3091730,20220601,220173585,Instituto Purificense para la Recreación y el Deporte,2.1.1.02,PERSONAL SUPERNUMERARIO Y PLANTA TEMPORAL,GASTOS,FUNCIONAMIENTO,GASTOS DE PERSONAL,PERSONAL SUPERNUMERARIO Y PLANTA TEMPORAL,No Aplica,No Aplica,No Aplica,No Aplica,No Aplica,No Aplica,VIGENCIA ACTUAL,ENTIDADES DIFERENTES A ENTIDADES TERRITORIALES - GESTION GENERAL,NO DEFINIDO,NO DEFINIDO,NO DEFINIDO,26400000.0,26400000.0,2022,Segundo Trimestre,pres_gasto,,,,,,,,,,,,,,,,,,,,,,
3093012,20220601,220173585,Instituto Purificense para la Recreación y el Deporte,2.1.2.02.02,ADQUISICION DE SERVICIOS,GASTOS,FUNCIONAMIENTO,ADQUISICION DE BIENES Y SERVICIOS,ADQUISICIONES DIFERENTES DE ACTIVOS,ADQUISICION DE SERVICIOS,No Aplica,No Aplica,No Aplica,No Aplica,No Aplica,VIGENCIA ACTUAL,ENTIDADES DIFERENTES A ENTIDADES TERRITORIALES - GESTION GENERAL,NO DEFINIDO,NO DEFINIDO,NO DEFINIDO,35000000.0,35000000.0,2022,Segundo Trimestre,pres_gasto,,,,,,,,,,,,,,,,,,,,,,
3093912,20220601,220173585,Instituto Purificense para la Recreación y el Deporte,2.1.3.13.01,FALLOS NACIONALES,GASTOS,FUNCIONAMIENTO,TRANSFERENCIAS CORRIENTES,SENTENCIAS Y CONCILIACIONES,FALLOS NACIONALES,No Aplica,No Aplica,No Aplica,No Aplica,No Aplica,VIGENCIA ACTUAL,ENTIDADES DIFERENTES A ENTIDADES TERRITORIALES - GESTION GENERAL,NO DEFINIDO,NO DEFINIDO,NO DEFINIDO,0.0,70000000.0,2022,Segundo Trimestre,pres_gasto,,,,,,,,,,,,,,,,,,,,,,
3112072,20210601,220173585,Instituto Purificense para la Recreación y el Deporte,2.1.1.01.01,FACTORES CONSTITUTIVOS DE SALARIO,GASTOS,FUNCIONAMIENTO,GASTOS DE PERSONAL,PLANTA DE PERSONAL PERMANENTE,FACTORES CONSTITUTIVOS DE SALARIO,No Aplica,No Aplica,No Aplica,No Aplica,No Aplica,VIGENCIA ACTUAL,ENTIDADES DIFERENTES A ENTIDADES TERRITORIALES - GESTION GENERAL,NO DEFINIDO,NO DEFINIDO,NO DEFINIDO,95141776.0,94141776.0,2021,Segundo Trimestre,pres_gasto,,,,,,,,,,,,,,,,,,,,,,
3121299,20210301,220173585,Instituto Purificense para la Recreación y el Deporte,2.1.1.01.02.003,APORTES DE CESANTIAS,GASTOS,FUNCIONAMIENTO,GASTOS DE PERSONAL,PLANTA DE PERSONAL PERMANENTE,CONTRIBUCIONES INHERENTES A LA NOMINA,APORTES DE CESANTIAS,No Aplica,No Aplica,No Aplica,No Aplica,VIGENCIA ACTUAL,ENTIDADES DIFERENTES A ENTIDADES TERRITORIALES - GESTION GENERAL,NO DEFINIDO,NO DEFINIDO,NO DEFINIDO,7840000.0,7990000.0,2021,Primer Trimestre,pres_gasto,,,,,,,,,,,,,,,,,,,,,,
3121614,20211201,220173585,Instituto Purificense para la Recreación y el Deporte,2.1.1.01.01,FACTORES CONSTITUTIVOS DE SALARIO,GASTOS,FUNCIONAMIENTO,GASTOS DE PERSONAL,PLANTA DE PERSONAL PERMANENTE,FACTORES CONSTITUTIVOS DE SALARIO,No Aplica,No Aplica,No Aplica,No Aplica,No Aplica,VIGENCIA ACTUAL,ENTIDADES DIFERENTES A ENTIDADES TERRITORIALES - GESTION GENERAL,NO DEFINIDO,NO DEFINIDO,NO DEFINIDO,95141776.0,97398776.0,2021,Cuarto Trimestre,pres_gasto,,,,,,,,,,,,,,,,,,,,,,
3122836,20220301,220173585,Instituto Purificense para la Recreación y el Deporte,2.1.1.01.01.001.01,SUELDO BASICO,GASTOS,FUNCIONAMIENTO,GASTOS DE PERSONAL,PLANTA DE PERSONAL PERMANENTE,FACTORES CONSTITUTIVOS DE SALARIO,FACTORES SALARIALES COMUNES,SUELDO BASICO,No Aplica,No Aplica,No Aplica,VIGENCIA ACTUAL,ENTIDADES DIFERENTES A ENTIDADES TERRITORIALES - GESTION GENERAL,NO DEFINIDO,NO DEFINIDO,DEPORTE Y RECREACION,95689681.0,95689681.0,2022,Primer Trimestre,pres_gasto,,,,,,,,,,,,,,,,,,,,,,
3123996,20210901,220173585,Instituto Purificense para la Recreación y el Deporte,2.1.3.13,SENTENCIAS Y CONCILIACIONES,GASTOS,FUNCIONAMIENTO,TRANSFERENCIAS CORRIENTES,SENTENCIAS Y CONCILIACIONES,No Aplica,No Aplica,No Aplica,No Aplica,No Aplica,No Aplica,VIGENCIA ACTUAL,ENTIDADES DIFERENTES A ENTIDADES TERRITORIALES - GESTION GENERAL,NO DEFINIDO,NO DEFINIDO,NO DEFINIDO,0.0,112050000.0,2021,Tercer Trimestre,pres_gasto,,,,,,,,,,,,,,,,,,,,,,
3126494,20210601,220173585,Instituto Purificense para la Recreación y el Deporte,2.1.2.01.01.003.03.01,"MAQUINAS PARA OFICINA Y CONTABILIDAD, Y SUS PARTES Y ACCESORIOS",GASTOS,FUNCIONAMIENTO,ADQUISICION DE BIENES Y SERVICIOS,ADQUISICION DE ACTIVOS NO FINANCIEROS,ACTIVOS FIJOS,MAQUINARIA Y EQUIPO,"MAQUINARIA DE OFICINA, CONTABILIDAD E INFORMATICA","MAQUINAS PARA OFICINA Y CONTABILIDAD, Y SUS PARTES Y ACCESORIOS",No Aplica,No Aplica,VIGENCIA ACTUAL,ENTIDADES DIFERENTES A ENTIDADES TERRITORIALES - GESTION GENERAL,NO DEFINIDO,NO DEFINIDO,DEPORTE Y RECREACION,5176489.0,6676489.0,2021,Segundo Trimestre,pres_gasto,,,,,,,,,,,,,,,,,,,,,,
3126909,20230601,220173585,Instituto Purificense para la Recreación y el Deporte,2.1.2.02,ADQUISICIONES DIFERENTES DE ACTIVOS,GASTOS,FUNCIONAMIENTO,ADQUISICION DE BIENES Y SERVICIOS,ADQUISICIONES DIFERENTES DE ACTIVOS,No Aplica,No Aplica,No Aplica,No Aplica,No Aplica,No Aplica,VIGENCIA ACTUAL,ENTIDADES DIFERENTES A ENTIDADES TERRITORIALES - GESTION GENERAL,NO DEFINIDO,NO DEFINIDO,NO DEFINIDO,42840832.0,42840832.0,2023,Segundo Trimestre,pres_gasto,,,,,,,,,,,,,,,,,,,,,,
3135004,20210301,220173585,Instituto Purificense para la Recreación y el Deporte,2.1.1.01.02.004,APORTES A CAJAS DE COMPENSACION FAMILIAR,GASTOS,FUNCIONAMIENTO,GASTOS DE PERSONAL,PLANTA DE PERSONAL PERMANENTE,CONTRIBUCIONES INHERENTES A LA NOMINA,APORTES A CAJAS DE COMPENSACION FAMILIAR,No Aplica,No Aplica,No Aplica,No Aplica,VIGENCIA ACTUAL,ENTIDADES DIFERENTES A ENTIDADES TERRITORIALES - GESTION GENERAL,NO DEFINIDO,NO DEFINIDO,NO DEFINIDO,3293671.0,3293671.0,2021,Primer Trimestre,pres_gasto,,,,,,,,,,,,,,,,,,,,,,
3136265,20211201,220173585,Instituto Purificense para la Recreación y el Deporte,2.1.2.01.01.003.03.01,"MAQUINAS PARA OFICINA Y CONTABILIDAD, Y SUS PARTES Y ACCESORIOS",GASTOS,FUNCIONAMIENTO,ADQUISICION DE BIENES Y SERVICIOS,ADQUISICION DE ACTIVOS NO FINANCIEROS,ACTIVOS FIJOS,MAQUINARIA Y EQUIPO,"MAQUINARIA DE OFICINA, CONTABILIDAD E INFORMATICA","MAQUINAS PARA OFICINA Y CONTABILIDAD, Y SUS PARTES Y ACCESORIOS",No Aplica,No Aplica,VIGENCIA ACTUAL,ENTIDADES DIFERENTES A ENTIDADES TERRITORIALES - GESTION GENERAL,NO DEFINIDO,NO DEFINIDO,DEPORTE Y RECREACION,5176489.0,7116489.0,2021,Cuarto Trimestre,pres_gasto,,,,,,,,,,,,,,,,,,,,,,
3140034,20211201,220173585,Instituto Purificense para la Recreación y el Deporte,2.1,FUNCIONAMIENTO,GASTOS,FUNCIONAMIENTO,No Aplica,No Aplica,No Aplica,No Aplica,No Aplica,No Aplica,No Aplica,No Aplica,VIGENCIA ACTUAL,ENTIDADES DIFERENTES A ENTIDADES TERRITORIALES - GESTION GENERAL,NO DEFINIDO,NO DEFINIDO,NO DEFINIDO,197000000.0,307000000.0,2021,Cuarto Trimestre,pres_gasto,,,,,,,,,,,,,,,,,,,,,,
3142658,20220901,220173585,Instituto Purificense para la Recreación y el Deporte,2.1.3,TRANSFERENCIAS CORRIENTES,GASTOS,FUNCIONAMIENTO,TRANSFERENCIAS CORRIENTES,No Aplica,No Aplica,No Aplica,No Aplica,No Aplica,No Aplica,No Aplica,VIGENCIA ACTUAL,ENTIDADES DIFERENTES A ENTIDADES TERRITORIALES - GESTION GENERAL,NO DEFINIDO,NO DEFINIDO,NO DEFINIDO,0.0,70000000.0,2022,Tercer Trimestre,pres_gasto,,,,,,,,,,,,,,,,,,,,,,
3147639,20210601,220173585,Instituto Purificense para la Recreación y el Deporte,2.1.1.01.01.001.08,PRESTACIONES SOCIALES,GASTOS,FUNCIONAMIENTO,GASTOS DE PERSONAL,PLANTA DE PERSONAL PERMANENTE,FACTORES CONSTITUTIVOS DE SALARIO,FACTORES SALARIALES COMUNES,PRESTACIONES SOCIALES,No Aplica,No Aplica,No Aplica,VIGENCIA ACTUAL,ENTIDADES DIFERENTES A ENTIDADES TERRITORIALES - GESTION GENERAL,NO DEFINIDO,NO DEFINIDO,NO DEFINIDO,10500000.0,10500000.0,2021,Segundo Trimestre,pres_gasto,,,,,,,,,,,,,,,,,,,,,,
3150539,20220301,220173585,Instituto Purificense para la Recreación y el Deporte,2.1.8.05.02,INTERESES DE MORA,GASTOS,FUNCIONAMIENTO,"GASTOS POR TRIBUTOS, TASAS, CONTRIBUCIONES, MULTAS, SANCIONES E INTERESES DE MORA","MULTAS, SANCIONES E INTERESES DE MORA",INTERESES DE MORA,No Aplica,No Aplica,No Aplica,No Aplica,No Aplica,VIGENCIA ACTUAL,ENTIDADES DIFERENTES A ENTIDADES TERRITORIALES - GESTION GENERAL,NO DEFINIDO,NO DEFINIDO,DEPORTE Y RECREACION,2000.0,2000.0,2022,Primer Trimestre,pres_gasto,,,,,,,,,,,,,,,,,,,,,,
3150941,20211201,220173585,Instituto Purificense para la Recreación y el Deporte,2.1.1.01.01.001.05,AUXILIO DE TRANSPORTE,GASTOS,FUNCIONAMIENTO,GASTOS DE PERSONAL,PLANTA DE PERSONAL PERMANENTE,FACTORES CONSTITUTIVOS DE SALARIO,FACTORES SALARIALES COMUNES,AUXILIO DE TRANSPORTE,No Aplica,No Aplica,No Aplica,VIGENCIA ACTUAL,ENTIDADES DIFERENTES A ENTIDADES TERRITORIALES - GESTION GENERAL,NO DEFINIDO,NO DEFINIDO,DEPORTE Y RECREACION,1400000.0,1400000.0,2021,Cuarto Trimestre,pres_gasto,,,,,,,,,,,,,,,,,,,,,,
3154031,20210601,220173585,Instituto Purificense para la Recreación y el Deporte,2.1.1.02.01.001,FACTORES SALARIALES COMUNES,GASTOS,FUNCIONAMIENTO,GASTOS DE PERSONAL,PERSONAL SUPERNUMERARIO Y PLANTA TEMPORAL,FACTORES CONSTITUTIVOS DE SALARIO,FACTORES SALARIALES COMUNES,No Aplica,No Aplica,No Aplica,No Aplica,VIGENCIA ACTUAL,ENTIDADES DIFERENTES A ENTIDADES TERRITORIALES - GESTION GENERAL,NO DEFINIDO,NO DEFINIDO,NO DEFINIDO,40000000.0,40650000.0,2021,Segundo Trimestre,pres_gasto,,,,,,,,,,,,,,,,,,,,,,
3155315,20220601,220173585,Instituto Purificense para la Recreación y el Deporte,2.1.1.01.01.001.06,PRIMA DE SERVICIO,GASTOS,FUNCIONAMIENTO,GASTOS DE PERSONAL,PLANTA DE PERSONAL PERMANENTE,FACTORES CONSTITUTIVOS DE SALARIO,FACTORES SALARIALES COMUNES,PRIMA DE SERVICIO,No Aplica,No Aplica,No Aplica,VIGENCIA ACTUAL,ENTIDADES DIFERENTES A ENTIDADES TERRITORIALES - GESTION GENERAL,NO DEFINIDO,NO DEFINIDO,DEPORTE Y RECREACION,4200000.0,4200000.0,2022,Segundo Trimestre,pres_gasto,,,,,,,,,,,,,,,,,,,,,,
3159448,20211201,220173585,Instituto Purificense para la Recreación y el Deporte,2.1.3.13.01,FALLOS NACIONALES,GASTOS,FUNCIONAMIENTO,TRANSFERENCIAS CORRIENTES,SENTENCIAS Y CONCILIACIONES,FALLOS NACIONALES,No Aplica,No Aplica,No Aplica,No Aplica,No Aplica,VIGENCIA ACTUAL,ENTIDADES DIFERENTES A ENTIDADES TERRITORIALES - GESTION GENERAL,NO DEFINIDO,NO DEFINIDO,NO DEFINIDO,0.0,112050000.0,2021,Cuarto Trimestre,pres_gasto,,,,,,,,,,,,,,,,,,,,,,
3171063,20221201,220173585,Instituto Purificense para la Recreación y el Deporte,2.1.1.01.02.004,APORTES A CAJAS DE COMPENSACION FAMILIAR,GASTOS,FUNCIONAMIENTO,GASTOS DE PERSONAL,PLANTA DE PERSONAL PERMANENTE,CONTRIBUCIONES INHERENTES A LA NOMINA,APORTES A CAJAS DE COMPENSACION FAMILIAR,No Aplica,No Aplica,No Aplica,No Aplica,VIGENCIA ACTUAL,ENTIDADES DIFERENTES A ENTIDADES TERRITORIALES - GESTION GENERAL,NO DEFINIDO,NO DEFINIDO,DEPORTE Y RECREACION,3827587.0,3427587.0,2022,Cuarto Trimestre,pres_gasto,,,,,,,,,,,,,,,,,,,,,,
3174254,20230301,220173585,Instituto Purificense para la Recreación y el Deporte,2,GASTOS,GASTOS,No Aplica,No Aplica,No Aplica,No Aplica,No Aplica,No Aplica,No Aplica,No Aplica,No Aplica,VIGENCIA ACTUAL,ENTIDADES DIFERENTES A ENTIDADES TERRITORIALES - GESTION GENERAL,NO DEFINIDO,NO DEFINIDO,NO DEFINIDO,524700000.0,540814403.0,2023,Primer Trimestre,pres_gasto,,,,,,,,,,,,,,,,,,,,,,
3174839,20210601,220173585,Instituto Purificense para la Recreación y el Deporte,2.1.1.02.01.001.01,SUELDO BASICO,GASTOS,FUNCIONAMIENTO,GASTOS DE PERSONAL,PERSONAL SUPERNUMERARIO Y PLANTA TEMPORAL,FACTORES CONSTITUTIVOS DE SALARIO,FACTORES SALARIALES COMUNES,SUELDO BASICO,No Aplica,No Aplica,No Aplica,VIGENCIA ACTUAL,ENTIDADES DIFERENTES A ENTIDADES TERRITORIALES - GESTION GENERAL,NO DEFINIDO,NO DEFINIDO,DEPORTE Y RECREACION,40000000.0,40650000.0,2021,Segundo Trimestre,pres_gasto,,,,,,,,,,,,,,,,,,,,,,
3183361,20211201,220173585,Instituto Purificense para la Recreación y el Deporte,2.1.1.01.02.003,APORTES DE CESANTIAS,GASTOS,FUNCIONAMIENTO,GASTOS DE PERSONAL,PLANTA DE PERSONAL PERMANENTE,CONTRIBUCIONES INHERENTES A LA NOMINA,APORTES DE CESANTIAS,No Aplica,No Aplica,No Aplica,No Aplica,VIGENCIA ACTUAL,ENTIDADES DIFERENTES A ENTIDADES TERRITORIALES - GESTION GENERAL,NO DEFINIDO,NO DEFINIDO,DEPORTE Y RECREACION,7840000.0,7990000.0,2021,Cuarto Trimestre,pres_gasto,,,,,,,,,,,,,,,,,,,,,,
3185278,20220301,220173585,Instituto Purificense para la Recreación y el Deporte,2.1.1.01.02.001,APORTES A LA SEGURIDAD SOCIAL EN PENSIONES,GASTOS,FUNCIONAMIENTO,GASTOS DE PERSONAL,PLANTA DE PERSONAL PERMANENTE,CONTRIBUCIONES INHERENTES A LA NOMINA,APORTES A LA SEGURIDAD SOCIAL EN PENSIONES,No Aplica,No Aplica,No Aplica,No Aplica,VIGENCIA ACTUAL,ENTIDADES DIFERENTES A ENTIDADES TERRITORIALES - GESTION GENERAL,NO DEFINIDO,NO DEFINIDO,DEPORTE Y RECREACION,11483796.0,11483796.0,2022,Primer Trimestre,pres_gasto,,,,,,,,,,,,,,,,,,,,,,
3192249,20221201,220173585,Instituto Purificense para la Recreación y el Deporte,2.1.1.02.01.001.01,SUELDO BASICO,GASTOS,FUNCIONAMIENTO,GASTOS DE PERSONAL,PERSONAL SUPERNUMERARIO Y PLANTA TEMPORAL,FACTORES CONSTITUTIVOS DE SALARIO,FACTORES SALARIALES COMUNES,SUELDO BASICO,No Aplica,No Aplica,No Aplica,VIGENCIA ACTUAL,ENTIDADES DIFERENTES A ENTIDADES TERRITORIALES - GESTION GENERAL,NO DEFINIDO,NO DEFINIDO,DEPORTE Y RECREACION,56400000.0,56400000.0,2022,Cuarto Trimestre,pres_gasto,,,,,,,,,,,,,,,,,,,,,,
3194260,20221201,220173585,Instituto Purificense para la Recreación y el Deporte,2.1.1.01.02.002,APORTES A LA SEGURIDAD SOCIAL EN SALUD,GASTOS,FUNCIONAMIENTO,GASTOS DE PERSONAL,PLANTA DE PERSONAL PERMANENTE,CONTRIBUCIONES INHERENTES A LA NOMINA,APORTES A LA SEGURIDAD SOCIAL EN SALUD,No Aplica,No Aplica,No Aplica,No Aplica,VIGENCIA ACTUAL,ENTIDADES DIFERENTES A ENTIDADES TERRITORIALES - GESTION GENERAL,NO DEFINIDO,NO DEFINIDO,DEPORTE Y RECREACION,7655175.0,7205175.0,2022,Cuarto Trimestre,pres_gasto,,,,,,,,,,,,,,,,,,,,,,
3198966,20220901,220173585,Instituto Purificense para la Recreación y el Deporte,2.1.8.05.01.004,SANCIONES ADMINISTRATIVAS,GASTOS,FUNCIONAMIENTO,"GASTOS POR TRIBUTOS, TASAS, CONTRIBUCIONES, MULTAS, SANCIONES E INTERESES DE MORA","MULTAS, SANCIONES E INTERESES DE MORA",MULTAS Y SANCIONES,SANCIONES ADMINISTRATIVAS,No Aplica,No Aplica,No Aplica,No Aplica,VIGENCIA ACTUAL,ENTIDADES DIFERENTES A ENTIDADES TERRITORIALES - GESTION GENERAL,NO DEFINIDO,NO DEFINIDO,DEPORTE Y RECREACION,2000.0,2000.0,2022,Tercer Trimestre,pres_gasto,,,,,,,,,,,,,,,,,,,,,,
3200391,20220601,220173585,Instituto Purificense para la Recreación y el Deporte,2.1.1.01.02.003,APORTES DE CESANTIAS,GASTOS,FUNCIONAMIENTO,GASTOS DE PERSONAL,PLANTA DE PERSONAL PERMANENTE,CONTRIBUCIONES INHERENTES A LA NOMINA,APORTES DE CESANTIAS,No Aplica,No Aplica,No Aplica,No Aplica,VIGENCIA ACTUAL,ENTIDADES DIFERENTES A ENTIDADES TERRITORIALES - GESTION GENERAL,NO DEFINIDO,NO DEFINIDO,DEPORTE Y RECREACION,8400000.0,8705600.0,2022,Segundo Trimestre,pres_gasto,,,,,,,,,,,,,,,,,,,,,,
3201907,20220301,220173585,Instituto Purificense para la Recreación y el Deporte,2.1.5,GASTOS DE COMERCIALIZACION Y PRODUCCION,GASTOS,FUNCIONAMIENTO,GASTOS DE COMERCIALIZACION Y PRODUCCION,No Aplica,No Aplica,No Aplica,No Aplica,No Aplica,No Aplica,No Aplica,VIGENCIA ACTUAL,ENTIDADES DIFERENTES A ENTIDADES TERRITORIALES - GESTION GENERAL,NO DEFINIDO,NO DEFINIDO,NO DEFINIDO,34857287.0,34551687.0,2022,Primer Trimestre,pres_gasto,,,,,,,,,,,,,,,,,,,,,,
3204072,20230601,220173585,Instituto Purificense para la Recreación y el Deporte,2.1.1.01.03.001,PRESTACIONES SOCIALES,GASTOS,FUNCIONAMIENTO,GASTOS DE PERSONAL,PLANTA DE PERSONAL PERMANENTE,REMUNERACIONES NO CONSTITUTIVAS DE FACTOR SALARIAL,PRESTACIONES SOCIALES,No Aplica,No Aplica,No Aplica,No Aplica,VIGENCIA ACTUAL,ENTIDADES DIFERENTES A ENTIDADES TERRITORIALES - GESTION GENERAL,NO DEFINIDO,NO DEFINIDO,NO DEFINIDO,7500000.0,7500000.0,2023,Segundo Trimestre,pres_gasto,,,,,,,,,,,,,,,,,,,,,,
3207025,20210601,220173585,Instituto Purificense para la Recreación y el Deporte,2.1.1.01.01.001.01,SUELDO BASICO,GASTOS,FUNCIONAMIENTO,GASTOS DE PERSONAL,PLANTA DE PERSONAL PERMANENTE,FACTORES CONSTITUTIVOS DE SALARIO,FACTORES SALARIALES COMUNES,SUELDO BASICO,No Aplica,No Aplica,No Aplica,VIGENCIA ACTUAL,ENTIDADES DIFERENTES A ENTIDADES TERRITORIALES - GESTION GENERAL,NO DEFINIDO,NO DEFINIDO,DEPORTE Y RECREACION,83241776.0,82241776.0,2021,Segundo Trimestre,pres_gasto,,,,,,,,,,,,,,,,,,,,,,
3208569,20210601,220173585,Instituto Purificense para la Recreación y el Deporte,2.1.2.02.02.008,SERVICIOS PRESTADOS A LAS EMPRESAS Y SERVICIOS DE PRODUCCION,GASTOS,FUNCIONAMIENTO,ADQUISICION DE BIENES Y SERVICIOS,ADQUISICIONES DIFERENTES DE ACTIVOS,ADQUISICION DE SERVICIOS,SERVICIOS PRESTADOS A LAS EMPRESAS Y SERVICIOS DE PRODUCCION,No Aplica,No Aplica,No Aplica,No Aplica,VIGENCIA ACTUAL,ENTIDADES DIFERENTES A ENTIDADES TERRITORIALES - GESTION GENERAL,NO DEFINIDO,NO DEFINIDO,DEPORTE Y RECREACION,5600000.0,1750000.0,2021,Segundo Trimestre,pres_gasto,,,,,,,,,,,,,,,,,,,,,,
3210721,20220901,220173585,Instituto Purificense para la Recreación y el Deporte,2.1.1.01.01.001,FACTORES SALARIALES COMUNES,GASTOS,FUNCIONAMIENTO,GASTOS DE PERSONAL,PLANTA DE PERSONAL PERMANENTE,FACTORES CONSTITUTIVOS DE SALARIO,FACTORES SALARIALES COMUNES,No Aplica,No Aplica,No Aplica,No Aplica,VIGENCIA ACTUAL,ENTIDADES DIFERENTES A ENTIDADES TERRITORIALES - GESTION GENERAL,NO DEFINIDO,NO DEFINIDO,NO DEFINIDO,112589681.0,112589681.0,2022,Tercer Trimestre,pres_gasto,,,,,,,,,,,,,,,,,,,,,,
3213035,20220601,220173585,Instituto Purificense para la Recreación y el Deporte,2.1.5.02,ADQUISICION DE SERVICIOS,GASTOS,FUNCIONAMIENTO,GASTOS DE COMERCIALIZACION Y PRODUCCION,ADQUISICION DE SERVICIOS,No Aplica,No Aplica,No Aplica,No Aplica,No Aplica,No Aplica,VIGENCIA ACTUAL,ENTIDADES DIFERENTES A ENTIDADES TERRITORIALES - GESTION GENERAL,NO DEFINIDO,NO DEFINIDO,NO DEFINIDO,34857287.0,34552683.0,2022,Segundo Trimestre,pres_gasto,,,,,,,,,,,,,,,,,,,,,,
3218039,20211201,220173585,Instituto Purificense para la Recreación y el Deporte,2.1.1.01.03.001.01,VACACIONES,GASTOS,FUNCIONAMIENTO,GASTOS DE PERSONAL,PLANTA DE PERSONAL PERMANENTE,REMUNERACIONES NO CONSTITUTIVAS DE FACTOR SALARIAL,PRESTACIONES SOCIALES,VACACIONES,No Aplica,No Aplica,No Aplica,VIGENCIA ACTUAL,ENTIDADES DIFERENTES A ENTIDADES TERRITORIALES - GESTION GENERAL,NO DEFINIDO,NO DEFINIDO,DEPORTE Y RECREACION,3000000.0,4820000.0,2021,Cuarto Trimestre,pres_gasto,,,,,,,,,,,,,,,,,,,,,,
3223498,20220601,220173585,Instituto Purificense para la Recreación y el Deporte,2.1.1.02.01.001,FACTORES SALARIALES COMUNES,GASTOS,FUNCIONAMIENTO,GASTOS DE PERSONAL,PERSONAL SUPERNUMERARIO Y PLANTA TEMPORAL,FACTORES CONSTITUTIVOS DE SALARIO,FACTORES SALARIALES COMUNES,No Aplica,No Aplica,No Aplica,No Aplica,VIGENCIA ACTUAL,ENTIDADES DIFERENTES A ENTIDADES TERRITORIALES - GESTION GENERAL,NO DEFINIDO,NO DEFINIDO,NO DEFINIDO,26400000.0,26400000.0,2022,Segundo Trimestre,pres_gasto,,,,,,,,,,,,,,,,,,,,,,
3235991,20230301,220173585,Instituto Purificense para la Recreación y el Deporte,2.1.1.01.02,CONTRIBUCIONES INHERENTES A LA NOMINA,GASTOS,FUNCIONAMIENTO,GASTOS DE PERSONAL,PLANTA DE PERSONAL PERMANENTE,CONTRIBUCIONES INHERENTES A LA NOMINA,No Aplica,No Aplica,No Aplica,No Aplica,No Aplica,VIGENCIA ACTUAL,ENTIDADES DIFERENTES A ENTIDADES TERRITORIALES - GESTION GENERAL,NO DEFINIDO,NO DEFINIDO,NO DEFINIDO,43927114.0,43927114.0,2023,Primer Trimestre,pres_gasto,,,,,,,,,,,,,,,,,,,,,,
3237513,20220301,220173585,Instituto Purificense para la Recreación y el Deporte,2.1.1.01.01.001.06,PRIMA DE SERVICIO,GASTOS,FUNCIONAMIENTO,GASTOS DE PERSONAL,PLANTA DE PERSONAL PERMANENTE,FACTORES CONSTITUTIVOS DE SALARIO,FACTORES SALARIALES COMUNES,PRIMA DE SERVICIO,No Aplica,No Aplica,No Aplica,VIGENCIA ACTUAL,ENTIDADES DIFERENTES A ENTIDADES TERRITORIALES - GESTION GENERAL,NO DEFINIDO,NO DEFINIDO,DEPORTE Y RECREACION,4200000.0,4200000.0,2022,Primer Trimestre,pres_gasto,,,,,,,,,,,,,,,,,,,,,,
3241180,20230301,220173585,Instituto Purificense para la Recreación y el Deporte,2.1.1.02.01.001,FACTORES SALARIALES COMUNES,GASTOS,FUNCIONAMIENTO,GASTOS DE PERSONAL,PERSONAL SUPERNUMERARIO Y PLANTA TEMPORAL,FACTORES CONSTITUTIVOS DE SALARIO,FACTORES SALARIALES COMUNES,No Aplica,No Aplica,No Aplica,No Aplica,VIGENCIA ACTUAL,ENTIDADES DIFERENTES A ENTIDADES TERRITORIALES - GESTION GENERAL,NO DEFINIDO,NO DEFINIDO,NO DEFINIDO,55360000.0,56860000.0,2023,Primer Trimestre,pres_gasto,,,,,,,,,,,,,,,,,,,,,,
3243836,20230601,220173585,Instituto Purificense para la Recreación y el Deporte,2.1.1.01.02.006,APORTES AL ICBF,GASTOS,FUNCIONAMIENTO,GASTOS DE PERSONAL,PLANTA DE PERSONAL PERMANENTE,CONTRIBUCIONES INHERENTES A LA NOMINA,APORTES AL ICBF,No Aplica,No Aplica,No Aplica,No Aplica,VIGENCIA ACTUAL,ENTIDADES DIFERENTES A ENTIDADES TERRITORIALES - GESTION GENERAL,NO DEFINIDO,NO DEFINIDO,DEPORTE Y RECREACION,3323161.0,3323161.0,2023,Segundo Trimestre,pres_gasto,,,,,,,,,,,,,,,,,,,,,,
3244120,20210901,220173585,Instituto Purificense para la Recreación y el Deporte,2.1.5.02.09,"SERVICIOS PARA LA COMUNIDAD, SOCIALES Y PERSONALES",GASTOS,FUNCIONAMIENTO,GASTOS DE COMERCIALIZACION Y PRODUCCION,ADQUISICION DE SERVICIOS,"SERVICIOS PARA LA COMUNIDAD, SOCIALES Y PERSONALES",No Aplica,No Aplica,No Aplica,No Aplica,No Aplica,VIGENCIA ACTUAL,ENTIDADES DIFERENTES A ENTIDADES TERRITORIALES - GESTION GENERAL,NO DEFINIDO,NO DEFINIDO,DEPORTE Y RECREACION,15500000.0,9583000.0,2021,Tercer Trimestre,pres_gasto,,,,,,,,,,,,,,,,,,,,,,
3245708,20220301,220173585,Instituto Purificense para la Recreación y el Deporte,2.1.1.01.03,REMUNERACIONES NO CONSTITUTIVAS DE FACTOR SALARIAL,GASTOS,FUNCIONAMIENTO,GASTOS DE PERSONAL,PLANTA DE PERSONAL PERMANENTE,REMUNERACIONES NO CONSTITUTIVAS DE FACTOR SALARIAL,No Aplica,No Aplica,No Aplica,No Aplica,No Aplica,VIGENCIA ACTUAL,ENTIDADES DIFERENTES A ENTIDADES TERRITORIALES - GESTION GENERAL,NO DEFINIDO,NO DEFINIDO,NO DEFINIDO,6500000.0,6500000.0,2022,Primer Trimestre,pres_gasto,,,,,,,,,,,,,,,,,,,,,,
3248047,20211201,220173585,Instituto Purificense para la Recreación y el Deporte,2.1.5.02.09,"SERVICIOS PARA LA COMUNIDAD, SOCIALES Y PERSONALES",GASTOS,FUNCIONAMIENTO,GASTOS DE COMERCIALIZACION Y PRODUCCION,ADQUISICION DE SERVICIOS,"SERVICIOS PARA LA COMUNIDAD, SOCIALES Y PERSONALES",No Aplica,No Aplica,No Aplica,No Aplica,No Aplica,VIGENCIA ACTUAL,ENTIDADES DIFERENTES A ENTIDADES TERRITORIALES - GESTION GENERAL,NO DEFINIDO,NO DEFINIDO,DEPORTE Y RECREACION,15500000.0,9583000.0,2021,Cuarto Trimestre,pres_gasto,,,,,,,,,,,,,,,,,,,,,,
3248939,20210301,220173585,Instituto Purificense para la Recreación y el Deporte,2.1,FUNCIONAMIENTO,GASTOS,FUNCIONAMIENTO,No Aplica,No Aplica,No Aplica,No Aplica,No Aplica,No Aplica,No Aplica,No Aplica,VIGENCIA ACTUAL,ENTIDADES DIFERENTES A ENTIDADES TERRITORIALES - GESTION GENERAL,NO DEFINIDO,NO DEFINIDO,NO DEFINIDO,197000000.0,307000000.0,2021,Primer Trimestre,pres_gasto,,,,,,,,,,,,,,,,,,,,,,
3249760,20220901,220173585,Instituto Purificense para la Recreación y el Deporte,2.1.1,GASTOS DE PERSONAL,GASTOS,FUNCIONAMIENTO,GASTOS DE PERSONAL,No Aplica,No Aplica,No Aplica,No Aplica,No Aplica,No Aplica,No Aplica,VIGENCIA ACTUAL,ENTIDADES DIFERENTES A ENTIDADES TERRITORIALES - GESTION GENERAL,NO DEFINIDO,NO DEFINIDO,NO DEFINIDO,212140713.0,212446313.0,2022,Tercer Trimestre,pres_gasto,,,,,,,,,,,,,,,,,,,,,,
3251930,20230301,220173585,Instituto Purificense para la Recreación y el Deporte,2.1.1.01.03.001,PRESTACIONES SOCIALES,GASTOS,FUNCIONAMIENTO,GASTOS DE PERSONAL,PLANTA DE PERSONAL PERMANENTE,REMUNERACIONES NO CONSTITUTIVAS DE FACTOR SALARIAL,PRESTACIONES SOCIALES,No Aplica,No Aplica,No Aplica,No Aplica,VIGENCIA ACTUAL,ENTIDADES DIFERENTES A ENTIDADES TERRITORIALES - GESTION GENERAL,NO DEFINIDO,NO DEFINIDO,NO DEFINIDO,7500000.0,7500000.0,2023,Primer Trimestre,pres_gasto,,,,,,,,,,,,,,,,,,,,,,
3252327,20220601,220173585,Instituto Purificense para la Recreación y el Deporte,2.1.1.01.01,FACTORES CONSTITUTIVOS DE SALARIO,GASTOS,FUNCIONAMIENTO,GASTOS DE PERSONAL,PLANTA DE PERSONAL PERMANENTE,FACTORES CONSTITUTIVOS DE SALARIO,No Aplica,No Aplica,No Aplica,No Aplica,No Aplica,VIGENCIA ACTUAL,ENTIDADES DIFERENTES A ENTIDADES TERRITORIALES - GESTION GENERAL,NO DEFINIDO,NO DEFINIDO,NO DEFINIDO,112589681.0,112589681.0,2022,Segundo Trimestre,pres_gasto,,,,,,,,,,,,,,,,,,,,,,
3253084,20221201,220173585,Instituto Purificense para la Recreación y el Deporte,2.1.1.01.01.001.08.01,PRIMA DE NAVIDAD,GASTOS,FUNCIONAMIENTO,GASTOS DE PERSONAL,PLANTA DE PERSONAL PERMANENTE,FACTORES CONSTITUTIVOS DE SALARIO,FACTORES SALARIALES COMUNES,PRESTACIONES SOCIALES,PRIMA DE NAVIDAD,No Aplica,No Aplica,VIGENCIA ACTUAL,ENTIDADES DIFERENTES A ENTIDADES TERRITORIALES - GESTION GENERAL,NO DEFINIDO,NO DEFINIDO,DEPORTE Y RECREACION,8500000.0,8600000.0,2022,Cuarto Trimestre,pres_gasto,,,,,,,,,,,,,,,,,,,,,,
3263828,20220901,220173585,Instituto Purificense para la Recreación y el Deporte,2.1.1.01.02.002,APORTES A LA SEGURIDAD SOCIAL EN SALUD,GASTOS,FUNCIONAMIENTO,GASTOS DE PERSONAL,PLANTA DE PERSONAL PERMANENTE,CONTRIBUCIONES INHERENTES A LA NOMINA,APORTES A LA SEGURIDAD SOCIAL EN SALUD,No Aplica,No Aplica,No Aplica,No Aplica,VIGENCIA ACTUAL,ENTIDADES DIFERENTES A ENTIDADES TERRITORIALES - GESTION GENERAL,NO DEFINIDO,NO DEFINIDO,DEPORTE Y RECREACION,7655175.0,7655175.0,2022,Tercer Trimestre,pres_gasto,,,,,,,,,,,,,,,,,,,,,,
3265689,20210901,220173585,Instituto Purificense para la Recreación y el Deporte,2.1.1.01.02.006,APORTES AL ICBF,GASTOS,FUNCIONAMIENTO,GASTOS DE PERSONAL,PLANTA DE PERSONAL PERMANENTE,CONTRIBUCIONES INHERENTES A LA NOMINA,APORTES AL ICBF,No Aplica,No Aplica,No Aplica,No Aplica,VIGENCIA ACTUAL,ENTIDADES DIFERENTES A ENTIDADES TERRITORIALES - GESTION GENERAL,NO DEFINIDO,NO DEFINIDO,DEPORTE Y RECREACION,2470000.0,2470000.0,2021,Tercer Trimestre,pres_gasto,,,,,,,,,,,,,,,,,,,,,,
3271974,20220901,220173585,Instituto Purificense para la Recreación y el Deporte,2,GASTOS,GASTOS,No Aplica,No Aplica,No Aplica,No Aplica,No Aplica,No Aplica,No Aplica,No Aplica,No Aplica,VIGENCIA ACTUAL,ENTIDADES DIFERENTES A ENTIDADES TERRITORIALES - GESTION GENERAL,NO DEFINIDO,NO DEFINIDO,NO DEFINIDO,688072000.0,790945841.0,2022,Tercer Trimestre,pres_gasto,,,,,,,,,,,,,,,,,,,,,,
3281952,20210901,220173585,Instituto Purificense para la Recreación y el Deporte,2.1.1.01.01.001.08,PRESTACIONES SOCIALES,GASTOS,FUNCIONAMIENTO,GASTOS DE PERSONAL,PLANTA DE PERSONAL PERMANENTE,FACTORES CONSTITUTIVOS DE SALARIO,FACTORES SALARIALES COMUNES,PRESTACIONES SOCIALES,No Aplica,No Aplica,No Aplica,VIGENCIA ACTUAL,ENTIDADES DIFERENTES A ENTIDADES TERRITORIALES - GESTION GENERAL,NO DEFINIDO,NO DEFINIDO,NO DEFINIDO,10500000.0,10800000.0,2021,Tercer Trimestre,pres_gasto,,,,,,,,,,,,,,,,,,,,,,
3292538,20220301,220173585,Instituto Purificense para la Recreación y el Deporte,2.1.1.02,PERSONAL SUPERNUMERARIO Y PLANTA TEMPORAL,GASTOS,FUNCIONAMIENTO,GASTOS DE PERSONAL,PERSONAL SUPERNUMERARIO Y PLANTA TEMPORAL,No Aplica,No Aplica,No Aplica,No Aplica,No Aplica,No Aplica,VIGENCIA ACTUAL,ENTIDADES DIFERENTES A ENTIDADES TERRITORIALES - GESTION GENERAL,NO DEFINIDO,NO DEFINIDO,NO DEFINIDO,26400000.0,26400000.0,2022,Primer Trimestre,pres_gasto,,,,,,,,,,,,,,,,,,,,,,
3298848,20210601,220173585,Instituto Purificense para la Recreación y el Deporte,2.1.2.02.02,ADQUISICION DE SERVICIOS,GASTOS,FUNCIONAMIENTO,ADQUISICION DE BIENES Y SERVICIOS,ADQUISICIONES DIFERENTES DE ACTIVOS,ADQUISICION DE SERVICIOS,No Aplica,No Aplica,No Aplica,No Aplica,No Aplica,VIGENCIA ACTUAL,ENTIDADES DIFERENTES A ENTIDADES TERRITORIALES - GESTION GENERAL,NO DEFINIDO,NO DEFINIDO,NO DEFINIDO,5600000.0,1750000.0,2021,Segundo Trimestre,pres_gasto,,,,,,,,,,,,,,,,,,,,,,
3300434,20210901,220173585,Instituto Purificense para la Recreación y el Deporte,2.1.1.01.01.001.01,SUELDO BASICO,GASTOS,FUNCIONAMIENTO,GASTOS DE PERSONAL,PLANTA DE PERSONAL PERMANENTE,FACTORES CONSTITUTIVOS DE SALARIO,FACTORES SALARIALES COMUNES,SUELDO BASICO,No Aplica,No Aplica,No Aplica,VIGENCIA ACTUAL,ENTIDADES DIFERENTES A ENTIDADES TERRITORIALES - GESTION GENERAL,NO DEFINIDO,NO DEFINIDO,DEPORTE Y RECREACION,83241776.0,80598776.0,2021,Tercer Trimestre,pres_gasto,,,,,,,,,,,,,,,,,,,,,,
3311736,20220301,220173585,Instituto Purificense para la Recreación y el Deporte,2.1.8.01,IMPUESTOS,GASTOS,FUNCIONAMIENTO,"GASTOS POR TRIBUTOS, TASAS, CONTRIBUCIONES, MULTAS, SANCIONES E INTERESES DE MORA",IMPUESTOS,No Aplica,No Aplica,No Aplica,No Aplica,No Aplica,No Aplica,VIGENCIA ACTUAL,ENTIDADES DIFERENTES A ENTIDADES TERRITORIALES - GESTION GENERAL,NO DEFINIDO,NO DEFINIDO,NO DEFINIDO,2000000.0,2000000.0,2022,Primer Trimestre,pres_gasto,,,,,,,,,,,,,,,,,,,,,,
3320940,20230601,220173585,Instituto Purificense para la Recreación y el Deporte,2.1.1.02.01.001.01,SUELDO BASICO,GASTOS,FUNCIONAMIENTO,GASTOS DE PERSONAL,PERSONAL SUPERNUMERARIO Y PLANTA TEMPORAL,FACTORES CONSTITUTIVOS DE SALARIO,FACTORES SALARIALES COMUNES,SUELDO BASICO,No Aplica,No Aplica,No Aplica,VIGENCIA ACTUAL,ENTIDADES DIFERENTES A ENTIDADES TERRITORIALES - GESTION GENERAL,NO DEFINIDO,NO DEFINIDO,DEPORTE Y RECREACION,55360000.0,56860000.0,2023,Segundo Trimestre,pres_gasto,,,,,,,,,,,,,,,,,,,,,,
3320983,20210901,220173585,Instituto Purificense para la Recreación y el Deporte,2.1.2.01.01.003,MAQUINARIA Y EQUIPO,GASTOS,FUNCIONAMIENTO,ADQUISICION DE BIENES Y SERVICIOS,ADQUISICION DE ACTIVOS NO FINANCIEROS,ACTIVOS FIJOS,MAQUINARIA Y EQUIPO,No Aplica,No Aplica,No Aplica,No Aplica,VIGENCIA ACTUAL,ENTIDADES DIFERENTES A ENTIDADES TERRITORIALES - GESTION GENERAL,NO DEFINIDO,NO DEFINIDO,NO DEFINIDO,5176489.0,7116489.0,2021,Tercer Trimestre,pres_gasto,,,,,,,,,,,,,,,,,,,,,,
3322833,20210601,220173585,Instituto Purificense para la Recreación y el Deporte,2.1.2.02,ADQUISICIONES DIFERENTES DE ACTIVOS,GASTOS,FUNCIONAMIENTO,ADQUISICION DE BIENES Y SERVICIOS,ADQUISICIONES DIFERENTES DE ACTIVOS,No Aplica,No Aplica,No Aplica,No Aplica,No Aplica,No Aplica,VIGENCIA ACTUAL,ENTIDADES DIFERENTES A ENTIDADES TERRITORIALES - GESTION GENERAL,NO DEFINIDO,NO DEFINIDO,NO DEFINIDO,5600000.0,1750000.0,2021,Segundo Trimestre,pres_gasto,,,,,,,,,,,,,,,,,,,,,,
3325846,20210601,220173585,Instituto Purificense para la Recreación y el Deporte,2.1.1.01.03.001.01,VACACIONES,GASTOS,FUNCIONAMIENTO,GASTOS DE PERSONAL,PLANTA DE PERSONAL PERMANENTE,REMUNERACIONES NO CONSTITUTIVAS DE FACTOR SALARIAL,PRESTACIONES SOCIALES,VACACIONES,No Aplica,No Aplica,No Aplica,VIGENCIA ACTUAL,ENTIDADES DIFERENTES A ENTIDADES TERRITORIALES - GESTION GENERAL,NO DEFINIDO,NO DEFINIDO,DEPORTE Y RECREACION,3000000.0,3500000.0,2021,Segundo Trimestre,pres_gasto,,,,,,,,,,,,,,,,,,,,,,
3333762,20210601,220173585,Instituto Purificense para la Recreación y el Deporte,2.1.2.01.01.003.03,"MAQUINARIA DE OFICINA, CONTABILIDAD E INFORMATICA",GASTOS,FUNCIONAMIENTO,ADQUISICION DE BIENES Y SERVICIOS,ADQUISICION DE ACTIVOS NO FINANCIEROS,ACTIVOS FIJOS,MAQUINARIA Y EQUIPO,"MAQUINARIA DE OFICINA, CONTABILIDAD E INFORMATICA",No Aplica,No Aplica,No Aplica,VIGENCIA ACTUAL,ENTIDADES DIFERENTES A ENTIDADES TERRITORIALES - GESTION GENERAL,NO DEFINIDO,NO DEFINIDO,NO DEFINIDO,5176489.0,6676489.0,2021,Segundo Trimestre,pres_gasto,,,,,,,,,,,,,,,,,,,,,,
3340214,20230301,220173585,Instituto Purificense para la Recreación y el Deporte,2.1.1.02.01,FACTORES CONSTITUTIVOS DE SALARIO,GASTOS,FUNCIONAMIENTO,GASTOS DE PERSONAL,PERSONAL SUPERNUMERARIO Y PLANTA TEMPORAL,FACTORES CONSTITUTIVOS DE SALARIO,No Aplica,No Aplica,No Aplica,No Aplica,No Aplica,VIGENCIA ACTUAL,ENTIDADES DIFERENTES A ENTIDADES TERRITORIALES - GESTION GENERAL,NO DEFINIDO,NO DEFINIDO,NO DEFINIDO,55360000.0,56860000.0,2023,Primer Trimestre,pres_gasto,,,,,,,,,,,,,,,,,,,,,,
3371181,20230601,220173585,Instituto Purificense para la Recreación y el Deporte,2.1.1.01.02.003,APORTES DE CESANTIAS,GASTOS,FUNCIONAMIENTO,GASTOS DE PERSONAL,PLANTA DE PERSONAL PERMANENTE,CONTRIBUCIONES INHERENTES A LA NOMINA,APORTES DE CESANTIAS,No Aplica,No Aplica,No Aplica,No Aplica,VIGENCIA ACTUAL,ENTIDADES DIFERENTES A ENTIDADES TERRITORIALES - GESTION GENERAL,NO DEFINIDO,NO DEFINIDO,DEPORTE Y RECREACION,10700000.0,10700000.0,2023,Segundo Trimestre,pres_gasto,,,,,,,,,,,,,,,,,,,,,,
3380344,20220301,220173585,Instituto Purificense para la Recreación y el Deporte,2.1.1.01.02.003,APORTES DE CESANTIAS,GASTOS,FUNCIONAMIENTO,GASTOS DE PERSONAL,PLANTA DE PERSONAL PERMANENTE,CONTRIBUCIONES INHERENTES A LA NOMINA,APORTES DE CESANTIAS,No Aplica,No Aplica,No Aplica,No Aplica,VIGENCIA ACTUAL,ENTIDADES DIFERENTES A ENTIDADES TERRITORIALES - GESTION GENERAL,NO DEFINIDO,NO DEFINIDO,DEPORTE Y RECREACION,8400000.0,8705600.0,2022,Primer Trimestre,pres_gasto,,,,,,,,,,,,,,,,,,,,,,
3380368,20220301,220173585,Instituto Purificense para la Recreación y el Deporte,2.1.8.05,"MULTAS, SANCIONES E INTERESES DE MORA",GASTOS,FUNCIONAMIENTO,"GASTOS POR TRIBUTOS, TASAS, CONTRIBUCIONES, MULTAS, SANCIONES E INTERESES DE MORA","MULTAS, SANCIONES E INTERESES DE MORA",No Aplica,No Aplica,No Aplica,No Aplica,No Aplica,No Aplica,VIGENCIA ACTUAL,ENTIDADES DIFERENTES A ENTIDADES TERRITORIALES - GESTION GENERAL,NO DEFINIDO,NO DEFINIDO,NO DEFINIDO,2000.0,2000.0,2022,Primer Trimestre,pres_gasto,,,,,,,,,,,,,,,,,,,,,,
3386307,20210901,220173585,Instituto Purificense para la Recreación y el Deporte,2.1.1.01.03.001.01,VACACIONES,GASTOS,FUNCIONAMIENTO,GASTOS DE PERSONAL,PLANTA DE PERSONAL PERMANENTE,REMUNERACIONES NO CONSTITUTIVAS DE FACTOR SALARIAL,PRESTACIONES SOCIALES,VACACIONES,No Aplica,No Aplica,No Aplica,VIGENCIA ACTUAL,ENTIDADES DIFERENTES A ENTIDADES TERRITORIALES - GESTION GENERAL,NO DEFINIDO,NO DEFINIDO,DEPORTE Y RECREACION,3000000.0,4820000.0,2021,Tercer Trimestre,pres_gasto,,,,,,,,,,,,,,,,,,,,,,
3391679,20210301,220173585,Instituto Purificense para la Recreación y el Deporte,2.1.2.01.01.003.03.01,"MAQUINAS PARA OFICINA Y CONTABILIDAD, Y SUS PARTES Y ACCESORIOS",GASTOS,FUNCIONAMIENTO,ADQUISICION DE BIENES Y SERVICIOS,ADQUISICION DE ACTIVOS NO FINANCIEROS,ACTIVOS FIJOS,MAQUINARIA Y EQUIPO,"MAQUINARIA DE OFICINA, CONTABILIDAD E INFORMATICA","MAQUINAS PARA OFICINA Y CONTABILIDAD, Y SUS PARTES Y ACCESORIOS",No Aplica,No Aplica,VIGENCIA ACTUAL,ENTIDADES DIFERENTES A ENTIDADES TERRITORIALES - GESTION GENERAL,NO DEFINIDO,NO DEFINIDO,NO DEFINIDO,10776489.0,11776489.0,2021,Primer Trimestre,pres_gasto,,,,,,,,,,,,,,,,,,,,,,
3419178,20220601,220173585,Instituto Purificense para la Recreación y el Deporte,2.99,INVERSIÓN CONSOLIDADA,GASTOS,INVERSIÓN CONSOLIDADA,No Aplica,No Aplica,No Aplica,No Aplica,No Aplica,No Aplica,No Aplica,No Aplica,VIGENCIA ACTUAL,ENTIDADES DIFERENTES A ENTIDADES TERRITORIALES - GESTION GENERAL,NO DEFINIDO,NO DEFINIDO,DEPORTE Y RECREACION,434072000.0,466945841.0,2022,Segundo Trimestre,pres_gasto,,,,,,,,,,,,,,,,,,,,,,
3421083,20220601,220173585,Instituto Purificense para la Recreación y el Deporte,2.1.3.13.01.002,CONCILIACIONES,GASTOS,FUNCIONAMIENTO,TRANSFERENCIAS CORRIENTES,SENTENCIAS Y CONCILIACIONES,FALLOS NACIONALES,CONCILIACIONES,No Aplica,No Aplica,No Aplica,No Aplica,VIGENCIA ACTUAL,ENTIDADES DIFERENTES A ENTIDADES TERRITORIALES - GESTION GENERAL,NO DEFINIDO,NO DEFINIDO,DEPORTE Y RECREACION,0.0,70000000.0,2022,Segundo Trimestre,pres_gasto,,,,,,,,,,,,,,,,,,,,,,
3421810,20220901,220173585,Instituto Purificense para la Recreación y el Deporte,2.1.2.02,ADQUISICIONES DIFERENTES DE ACTIVOS,GASTOS,FUNCIONAMIENTO,ADQUISICION DE BIENES Y SERVICIOS,ADQUISICIONES DIFERENTES DE ACTIVOS,No Aplica,No Aplica,No Aplica,No Aplica,No Aplica,No Aplica,VIGENCIA ACTUAL,ENTIDADES DIFERENTES A ENTIDADES TERRITORIALES - GESTION GENERAL,NO DEFINIDO,NO DEFINIDO,NO DEFINIDO,41857287.0,41551687.0,2022,Tercer Trimestre,pres_gasto,,,,,,,,,,,,,,,,,,,,,,
3423433,20210601,220173585,Instituto Purificense para la Recreación y el Deporte,2.1.1.01.02.003,APORTES DE CESANTIAS,GASTOS,FUNCIONAMIENTO,GASTOS DE PERSONAL,PLANTA DE PERSONAL PERMANENTE,CONTRIBUCIONES INHERENTES A LA NOMINA,APORTES DE CESANTIAS,No Aplica,No Aplica,No Aplica,No Aplica,VIGENCIA ACTUAL,ENTIDADES DIFERENTES A ENTIDADES TERRITORIALES - GESTION GENERAL,NO DEFINIDO,NO DEFINIDO,DEPORTE Y RECREACION,7840000.0,7990000.0,2021,Segundo Trimestre,pres_gasto,,,,,,,,,,,,,,,,,,,,,,
3425742,20220901,220173585,Instituto Purificense para la Recreación y el Deporte,2.1.3.13.01.002,CONCILIACIONES,GASTOS,FUNCIONAMIENTO,TRANSFERENCIAS CORRIENTES,SENTENCIAS Y CONCILIACIONES,FALLOS NACIONALES,CONCILIACIONES,No Aplica,No Aplica,No Aplica,No Aplica,VIGENCIA ACTUAL,ENTIDADES DIFERENTES A ENTIDADES TERRITORIALES - GESTION GENERAL,NO DEFINIDO,NO DEFINIDO,DEPORTE Y RECREACION,0.0,70000000.0,2022,Tercer Trimestre,pres_gasto,,,,,,,,,,,,,,,,,,,,,,
3449387,20210301,220173585,Instituto Purificense para la Recreación y el Deporte,2.1.1.01.02,CONTRIBUCIONES INHERENTES A LA NOMINA,GASTOS,FUNCIONAMIENTO,GASTOS DE PERSONAL,PLANTA DE PERSONAL PERMANENTE,CONTRIBUCIONES INHERENTES A LA NOMINA,No Aplica,No Aplica,No Aplica,No Aplica,No Aplica,VIGENCIA ACTUAL,ENTIDADES DIFERENTES A ENTIDADES TERRITORIALES - GESTION GENERAL,NO DEFINIDO,NO DEFINIDO,NO DEFINIDO,32579735.0,32729735.0,2021,Primer Trimestre,pres_gasto,,,,,,,,,,,,,,,,,,,,,,
3453978,20210901,220173585,Instituto Purificense para la Recreación y el Deporte,2.1.1.01.01.001.05,AUXILIO DE TRANSPORTE,GASTOS,FUNCIONAMIENTO,GASTOS DE PERSONAL,PLANTA DE PERSONAL PERMANENTE,FACTORES CONSTITUTIVOS DE SALARIO,FACTORES SALARIALES COMUNES,AUXILIO DE TRANSPORTE,No Aplica,No Aplica,No Aplica,VIGENCIA ACTUAL,ENTIDADES DIFERENTES A ENTIDADES TERRITORIALES - GESTION GENERAL,NO DEFINIDO,NO DEFINIDO,DEPORTE Y RECREACION,1400000.0,1400000.0,2021,Tercer Trimestre,pres_gasto,,,,,,,,,,,,,,,,,,,,,,
3456166,20211201,220173585,Instituto Purificense para la Recreación y el Deporte,2.1.1.01,PLANTA DE PERSONAL PERMANENTE,GASTOS,FUNCIONAMIENTO,GASTOS DE PERSONAL,PLANTA DE PERSONAL PERMANENTE,No Aplica,No Aplica,No Aplica,No Aplica,No Aplica,No Aplica,VIGENCIA ACTUAL,ENTIDADES DIFERENTES A ENTIDADES TERRITORIALES - GESTION GENERAL,NO DEFINIDO,NO DEFINIDO,NO DEFINIDO,130721511.0,133848511.0,2021,Cuarto Trimestre,pres_gasto,,,,,,,,,,,,,,,,,,,,,,
3457322,20220901,220173585,Instituto Purificense para la Recreación y el Deporte,2.1.1.01.01,FACTORES CONSTITUTIVOS DE SALARIO,GASTOS,FUNCIONAMIENTO,GASTOS DE PERSONAL,PLANTA DE PERSONAL PERMANENTE,FACTORES CONSTITUTIVOS DE SALARIO,No Aplica,No Aplica,No Aplica,No Aplica,No Aplica,VIGENCIA ACTUAL,ENTIDADES DIFERENTES A ENTIDADES TERRITORIALES - GESTION GENERAL,NO DEFINIDO,NO DEFINIDO,NO DEFINIDO,112589681.0,112589681.0,2022,Tercer Trimestre,pres_gasto,,,,,,,,,,,,,,,,,,,,,,
3460040,20230601,220173585,Instituto Purificense para la Recreación y el Deporte,2,GASTOS,GASTOS,No Aplica,No Aplica,No Aplica,No Aplica,No Aplica,No Aplica,No Aplica,No Aplica,No Aplica,VIGENCIA ACTUAL,ENTIDADES DIFERENTES A ENTIDADES TERRITORIALES - GESTION GENERAL,NO DEFINIDO,NO DEFINIDO,NO DEFINIDO,524700000.0,540814403.0,2023,Segundo Trimestre,pres_gasto,,,,,,,,,,,,,,,,,,,,,,
3467218,20220901,220173585,Instituto Purificense para la Recreación y el Deporte,2.1.2,ADQUISICION DE BIENES Y SERVICIOS,GASTOS,FUNCIONAMIENTO,ADQUISICION DE BIENES Y SERVICIOS,No Aplica,No Aplica,No Aplica,No Aplica,No Aplica,No Aplica,No Aplica,VIGENCIA ACTUAL,ENTIDADES DIFERENTES A ENTIDADES TERRITORIALES - GESTION GENERAL,NO DEFINIDO,NO DEFINIDO,NO DEFINIDO,41857287.0,41551687.0,2022,Tercer Trimestre,pres_gasto,,,,,,,,,,,,,,,,,,,,,,
3469022,20211201,220173585,Instituto Purificense para la Recreación y el Deporte,2.1.1,GASTOS DE PERSONAL,GASTOS,FUNCIONAMIENTO,GASTOS DE PERSONAL,No Aplica,No Aplica,No Aplica,No Aplica,No Aplica,No Aplica,No Aplica,VIGENCIA ACTUAL,ENTIDADES DIFERENTES A ENTIDADES TERRITORIALES - GESTION GENERAL,NO DEFINIDO,NO DEFINIDO,NO DEFINIDO,170721511.0,175848511.0,2021,Cuarto Trimestre,pres_gasto,,,,,,,,,,,,,,,,,,,,,,
3480878,20211201,220173585,Instituto Purificense para la Recreación y el Deporte,2.1.2.02.02.008,SERVICIOS PRESTADOS A LAS EMPRESAS Y SERVICIOS DE PRODUCCION,GASTOS,FUNCIONAMIENTO,ADQUISICION DE BIENES Y SERVICIOS,ADQUISICIONES DIFERENTES DE ACTIVOS,ADQUISICION DE SERVICIOS,SERVICIOS PRESTADOS A LAS EMPRESAS Y SERVICIOS DE PRODUCCION,No Aplica,No Aplica,No Aplica,No Aplica,VIGENCIA ACTUAL,ENTIDADES DIFERENTES A ENTIDADES TERRITORIALES - GESTION GENERAL,NO DEFINIDO,NO DEFINIDO,DEPORTE Y RECREACION,5600000.0,1250000.0,2021,Cuarto Trimestre,pres_gasto,,,,,,,,,,,,,,,,,,,,,,
3484192,20220301,220173585,Instituto Purificense para la Recreación y el Deporte,2.1.2.01.01.003,MAQUINARIA Y EQUIPO,GASTOS,FUNCIONAMIENTO,ADQUISICION DE BIENES Y SERVICIOS,ADQUISICION DE ACTIVOS NO FINANCIEROS,ACTIVOS FIJOS,MAQUINARIA Y EQUIPO,No Aplica,No Aplica,No Aplica,No Aplica,VIGENCIA ACTUAL,ENTIDADES DIFERENTES A ENTIDADES TERRITORIALES - GESTION GENERAL,NO DEFINIDO,NO DEFINIDO,NO DEFINIDO,5000000.0,5000000.0,2022,Primer Trimestre,pres_gasto,,,,,,,,,,,,,,,,,,,,,,
3492091,20210301,220173585,Instituto Purificense para la Recreación y el Deporte,2.1.1.01.01.001,FACTORES SALARIALES COMUNES,GASTOS,FUNCIONAMIENTO,GASTOS DE PERSONAL,PLANTA DE PERSONAL PERMANENTE,FACTORES CONSTITUTIVOS DE SALARIO,FACTORES SALARIALES COMUNES,No Aplica,No Aplica,No Aplica,No Aplica,VIGENCIA ACTUAL,ENTIDADES DIFERENTES A ENTIDADES TERRITORIALES - GESTION GENERAL,NO DEFINIDO,NO DEFINIDO,NO DEFINIDO,98141776.0,98141776.0,2021,Primer Trimestre,pres_gasto,,,,,,,,,,,,,,,,,,,,,,
3496099,20210601,220173585,Instituto Purificense para la Recreación y el Deporte,2.1.1.01.03.001,PRESTACIONES SOCIALES,GASTOS,FUNCIONAMIENTO,GASTOS DE PERSONAL,PLANTA DE PERSONAL PERMANENTE,REMUNERACIONES NO CONSTITUTIVAS DE FACTOR SALARIAL,PRESTACIONES SOCIALES,No Aplica,No Aplica,No Aplica,No Aplica,VIGENCIA ACTUAL,ENTIDADES DIFERENTES A ENTIDADES TERRITORIALES - GESTION GENERAL,NO DEFINIDO,NO DEFINIDO,NO DEFINIDO,3000000.0,3500000.0,2021,Segundo Trimestre,pres_gasto,,,,,,,,,,,,,,,,,,,,,,
3501211,20221201,220173585,Instituto Purificense para la Recreación y el Deporte,2.1.1.01.01.001,FACTORES SALARIALES COMUNES,GASTOS,FUNCIONAMIENTO,GASTOS DE PERSONAL,PLANTA DE PERSONAL PERMANENTE,FACTORES CONSTITUTIVOS DE SALARIO,FACTORES SALARIALES COMUNES,No Aplica,No Aplica,No Aplica,No Aplica,VIGENCIA ACTUAL,ENTIDADES DIFERENTES A ENTIDADES TERRITORIALES - GESTION GENERAL,NO DEFINIDO,NO DEFINIDO,NO DEFINIDO,112589681.0,112639681.0,2022,Cuarto Trimestre,pres_gasto,,,,,,,,,,,,,,,,,,,,,,
3514066,20230301,220173585,Instituto Purificense para la Recreación y el Deporte,2.1.1.01.03,REMUNERACIONES NO CONSTITUTIVAS DE FACTOR SALARIAL,GASTOS,FUNCIONAMIENTO,GASTOS DE PERSONAL,PLANTA DE PERSONAL PERMANENTE,REMUNERACIONES NO CONSTITUTIVAS DE FACTOR SALARIAL,No Aplica,No Aplica,No Aplica,No Aplica,No Aplica,VIGENCIA ACTUAL,ENTIDADES DIFERENTES A ENTIDADES TERRITORIALES - GESTION GENERAL,NO DEFINIDO,NO DEFINIDO,NO DEFINIDO,7500000.0,7500000.0,2023,Primer Trimestre,pres_gasto,,,,,,,,,,,,,,,,,,,,,,
3517464,20210901,220173585,Instituto Purificense para la Recreación y el Deporte,2.1.3.13.01,FALLOS NACIONALES,GASTOS,FUNCIONAMIENTO,TRANSFERENCIAS CORRIENTES,SENTENCIAS Y CONCILIACIONES,FALLOS NACIONALES,No Aplica,No Aplica,No Aplica,No Aplica,No Aplica,VIGENCIA ACTUAL,ENTIDADES DIFERENTES A ENTIDADES TERRITORIALES - GESTION GENERAL,NO DEFINIDO,NO DEFINIDO,NO DEFINIDO,0.0,112050000.0,2021,Tercer Trimestre,pres_gasto,,,,,,,,,,,,,,,,,,,,,,
3522439,20210601,220173585,Instituto Purificense para la Recreación y el Deporte,2.1.1.01.02.007,APORTES AL SENA,GASTOS,FUNCIONAMIENTO,GASTOS DE PERSONAL,PLANTA DE PERSONAL PERMANENTE,CONTRIBUCIONES INHERENTES A LA NOMINA,APORTES AL SENA,No Aplica,No Aplica,No Aplica,No Aplica,VIGENCIA ACTUAL,ENTIDADES DIFERENTES A ENTIDADES TERRITORIALES - GESTION GENERAL,NO DEFINIDO,NO DEFINIDO,DEPORTE Y RECREACION,1646000.0,1646000.0,2021,Segundo Trimestre,pres_gasto,,,,,,,,,,,,,,,,,,,,,,
3531108,20210601,220173585,Instituto Purificense para la Recreación y el Deporte,2.1.2.01,ADQUISICION DE ACTIVOS NO FINANCIEROS,GASTOS,FUNCIONAMIENTO,ADQUISICION DE BIENES Y SERVICIOS,ADQUISICION DE ACTIVOS NO FINANCIEROS,No Aplica,No Aplica,No Aplica,No Aplica,No Aplica,No Aplica,VIGENCIA ACTUAL,ENTIDADES DIFERENTES A ENTIDADES TERRITORIALES - GESTION GENERAL,NO DEFINIDO,NO DEFINIDO,NO DEFINIDO,5176489.0,6676489.0,2021,Segundo Trimestre,pres_gasto,,,,,,,,,,,,,,,,,,,,,,
3537444,20211201,220173585,Instituto Purificense para la Recreación y el Deporte,2.1.5,GASTOS DE COMERCIALIZACION Y PRODUCCION,GASTOS,FUNCIONAMIENTO,GASTOS DE COMERCIALIZACION Y PRODUCCION,No Aplica,No Aplica,No Aplica,No Aplica,No Aplica,No Aplica,No Aplica,VIGENCIA ACTUAL,ENTIDADES DIFERENTES A ENTIDADES TERRITORIALES - GESTION GENERAL,NO DEFINIDO,NO DEFINIDO,NO DEFINIDO,15500000.0,9583000.0,2021,Cuarto Trimestre,pres_gasto,,,,,,,,,,,,,,,,,,,,,,
3538556,20230601,220173585,Instituto Purificense para la Recreación y el Deporte,2.1.1.02,PERSONAL SUPERNUMERARIO Y PLANTA TEMPORAL,GASTOS,FUNCIONAMIENTO,GASTOS DE PERSONAL,PERSONAL SUPERNUMERARIO Y PLANTA TEMPORAL,No Aplica,No Aplica,No Aplica,No Aplica,No Aplica,No Aplica,VIGENCIA ACTUAL,ENTIDADES DIFERENTES A ENTIDADES TERRITORIALES - GESTION GENERAL,NO DEFINIDO,NO DEFINIDO,NO DEFINIDO,55360000.0,56860000.0,2023,Segundo Trimestre,pres_gasto,,,,,,,,,,,,,,,,,,,,,,
3543913,20220601,220173585,Instituto Purificense para la Recreación y el Deporte,2.1.1.02.01,FACTORES CONSTITUTIVOS DE SALARIO,GASTOS,FUNCIONAMIENTO,GASTOS DE PERSONAL,PERSONAL SUPERNUMERARIO Y PLANTA TEMPORAL,FACTORES CONSTITUTIVOS DE SALARIO,No Aplica,No Aplica,No Aplica,No Aplica,No Aplica,VIGENCIA ACTUAL,ENTIDADES DIFERENTES A ENTIDADES TERRITORIALES - GESTION GENERAL,NO DEFINIDO,NO DEFINIDO,NO DEFINIDO,26400000.0,26400000.0,2022,Segundo Trimestre,pres_gasto,,,,,,,,,,,,,,,,,,,,,,
3546740,20220301,220173585,Instituto Purificense para la Recreación y el Deporte,2.1.1.01.01.001.08.02,PRIMA DE VACACIONES,GASTOS,FUNCIONAMIENTO,GASTOS DE PERSONAL,PLANTA DE PERSONAL PERMANENTE,FACTORES CONSTITUTIVOS DE SALARIO,FACTORES SALARIALES COMUNES,PRESTACIONES SOCIALES,PRIMA DE VACACIONES,No Aplica,No Aplica,VIGENCIA ACTUAL,ENTIDADES DIFERENTES A ENTIDADES TERRITORIALES - GESTION GENERAL,NO DEFINIDO,NO DEFINIDO,DEPORTE Y RECREACION,4200000.0,4200000.0,2022,Primer Trimestre,pres_gasto,,,,,,,,,,,,,,,,,,,,,,
3550711,20210301,220173585,Instituto Purificense para la Recreación y el Deporte,2.1.1.02.01,FACTORES CONSTITUTIVOS DE SALARIO,GASTOS,FUNCIONAMIENTO,GASTOS DE PERSONAL,PERSONAL SUPERNUMERARIO Y PLANTA TEMPORAL,FACTORES CONSTITUTIVOS DE SALARIO,No Aplica,No Aplica,No Aplica,No Aplica,No Aplica,VIGENCIA ACTUAL,ENTIDADES DIFERENTES A ENTIDADES TERRITORIALES - GESTION GENERAL,NO DEFINIDO,NO DEFINIDO,NO DEFINIDO,40000000.0,38850000.0,2021,Primer Trimestre,pres_gasto,,,,,,,,,,,,,,,,,,,,,,
3552533,20220601,220173585,Instituto Purificense para la Recreación y el Deporte,2.1.2.02,ADQUISICIONES DIFERENTES DE ACTIVOS,GASTOS,FUNCIONAMIENTO,ADQUISICION DE BIENES Y SERVICIOS,ADQUISICIONES DIFERENTES DE ACTIVOS,No Aplica,No Aplica,No Aplica,No Aplica,No Aplica,No Aplica,VIGENCIA ACTUAL,ENTIDADES DIFERENTES A ENTIDADES TERRITORIALES - GESTION GENERAL,NO DEFINIDO,NO DEFINIDO,NO DEFINIDO,35000000.0,35000000.0,2022,Segundo Trimestre,pres_gasto,,,,,,,,,,,,,,,,,,,,,,
3556015,20220901,220173585,Instituto Purificense para la Recreación y el Deporte,2.1.1.01,PLANTA DE PERSONAL PERMANENTE,GASTOS,FUNCIONAMIENTO,GASTOS DE PERSONAL,PLANTA DE PERSONAL PERMANENTE,No Aplica,No Aplica,No Aplica,No Aplica,No Aplica,No Aplica,VIGENCIA ACTUAL,ENTIDADES DIFERENTES A ENTIDADES TERRITORIALES - GESTION GENERAL,NO DEFINIDO,NO DEFINIDO,NO DEFINIDO,155740713.0,156046313.0,2022,Tercer Trimestre,pres_gasto,,,,,,,,,,,,,,,,,,,,,,
3556396,20230601,220173585,Instituto Purificense para la Recreación y el Deporte,2.1.1.01.02.005,APORTES GENERALES AL SISTEMA DE RIESGOS LABORALES,GASTOS,FUNCIONAMIENTO,GASTOS DE PERSONAL,PLANTA DE PERSONAL PERMANENTE,CONTRIBUCIONES INHERENTES A LA NOMINA,APORTES GENERALES AL SISTEMA DE RIESGOS LABORALES,No Aplica,No Aplica,No Aplica,No Aplica,VIGENCIA ACTUAL,ENTIDADES DIFERENTES A ENTIDADES TERRITORIALES - GESTION GENERAL,NO DEFINIDO,NO DEFINIDO,DEPORTE Y RECREACION,553610.0,553610.0,2023,Segundo Trimestre,pres_gasto,,,,,,,,,,,,,,,,,,,,,,
3556825,20220901,220173585,Instituto Purificense para la Recreación y el Deporte,2.1.1.01.03.001,PRESTACIONES SOCIALES,GASTOS,FUNCIONAMIENTO,GASTOS DE PERSONAL,PLANTA DE PERSONAL PERMANENTE,REMUNERACIONES NO CONSTITUTIVAS DE FACTOR SALARIAL,PRESTACIONES SOCIALES,No Aplica,No Aplica,No Aplica,No Aplica,VIGENCIA ACTUAL,ENTIDADES DIFERENTES A ENTIDADES TERRITORIALES - GESTION GENERAL,NO DEFINIDO,NO DEFINIDO,NO DEFINIDO,6500000.0,6500000.0,2022,Tercer Trimestre,pres_gasto,,,,,,,,,,,,,,,,,,,,,,
3561993,20221201,220173585,Instituto Purificense para la Recreación y el Deporte,2,GASTOS,GASTOS,No Aplica,No Aplica,No Aplica,No Aplica,No Aplica,No Aplica,No Aplica,No Aplica,No Aplica,VIGENCIA ACTUAL,ENTIDADES DIFERENTES A ENTIDADES TERRITORIALES - GESTION GENERAL,NO DEFINIDO,NO DEFINIDO,NO DEFINIDO,688072000.0,870437995.0,2022,Cuarto Trimestre,pres_gasto,,,,,,,,,,,,,,,,,,,,,,
3562477,20230301,220173585,Instituto Purificense para la Recreación y el Deporte,2.1.1,GASTOS DE PERSONAL,GASTOS,FUNCIONAMIENTO,GASTOS DE PERSONAL,No Aplica,No Aplica,No Aplica,No Aplica,No Aplica,No Aplica,No Aplica,VIGENCIA ACTUAL,ENTIDADES DIFERENTES A ENTIDADES TERRITORIALES - GESTION GENERAL,NO DEFINIDO,NO DEFINIDO,NO DEFINIDO,236559168.0,238059168.0,2023,Primer Trimestre,pres_gasto,,,,,,,,,,,,,,,,,,,,,,
3564978,20220601,220173585,Instituto Purificense para la Recreación y el Deporte,2.1.1.01.01.001.01,SUELDO BASICO,GASTOS,FUNCIONAMIENTO,GASTOS DE PERSONAL,PLANTA DE PERSONAL PERMANENTE,FACTORES CONSTITUTIVOS DE SALARIO,FACTORES SALARIALES COMUNES,SUELDO BASICO,No Aplica,No Aplica,No Aplica,VIGENCIA ACTUAL,ENTIDADES DIFERENTES A ENTIDADES TERRITORIALES - GESTION GENERAL,NO DEFINIDO,NO DEFINIDO,DEPORTE Y RECREACION,95689681.0,95689681.0,2022,Segundo Trimestre,pres_gasto,,,,,,,,,,,,,,,,,,,,,,
3567273,20220301,220173585,Instituto Purificense para la Recreación y el Deporte,2.1.3,TRANSFERENCIAS CORRIENTES,GASTOS,FUNCIONAMIENTO,TRANSFERENCIAS CORRIENTES,No Aplica,No Aplica,No Aplica,No Aplica,No Aplica,No Aplica,No Aplica,VIGENCIA ACTUAL,ENTIDADES DIFERENTES A ENTIDADES TERRITORIALES - GESTION GENERAL,NO DEFINIDO,NO DEFINIDO,NO DEFINIDO,0.0,70000000.0,2022,Primer Trimestre,pres_gasto,,,,,,,,,,,,,,,,,,,,,,
3577166,20210601,220173585,Instituto Purificense para la Recreación y el Deporte,2.1.1.01.01.001.08.01,PRIMA DE NAVIDAD,GASTOS,FUNCIONAMIENTO,GASTOS DE PERSONAL,PLANTA DE PERSONAL PERMANENTE,FACTORES CONSTITUTIVOS DE SALARIO,FACTORES SALARIALES COMUNES,PRESTACIONES SOCIALES,PRIMA DE NAVIDAD,No Aplica,No Aplica,VIGENCIA ACTUAL,ENTIDADES DIFERENTES A ENTIDADES TERRITORIALES - GESTION GENERAL,NO DEFINIDO,NO DEFINIDO,DEPORTE Y RECREACION,7000000.0,7000000.0,2021,Segundo Trimestre,pres_gasto,,,,,,,,,,,,,,,,,,,,,,
3577345,20221201,220173585,Instituto Purificense para la Recreación y el Deporte,2.1.1.01,PLANTA DE PERSONAL PERMANENTE,GASTOS,FUNCIONAMIENTO,GASTOS DE PERSONAL,PLANTA DE PERSONAL PERMANENTE,No Aplica,No Aplica,No Aplica,No Aplica,No Aplica,No Aplica,VIGENCIA ACTUAL,ENTIDADES DIFERENTES A ENTIDADES TERRITORIALES - GESTION GENERAL,NO DEFINIDO,NO DEFINIDO,NO DEFINIDO,155740713.0,151696313.0,2022,Cuarto Trimestre,pres_gasto,,,,,,,,,,,,,,,,,,,,,,
3579369,20210901,220173585,Instituto Purificense para la Recreación y el Deporte,2.1.1.01.02.003,APORTES DE CESANTIAS,GASTOS,FUNCIONAMIENTO,GASTOS DE PERSONAL,PLANTA DE PERSONAL PERMANENTE,CONTRIBUCIONES INHERENTES A LA NOMINA,APORTES DE CESANTIAS,No Aplica,No Aplica,No Aplica,No Aplica,VIGENCIA ACTUAL,ENTIDADES DIFERENTES A ENTIDADES TERRITORIALES - GESTION GENERAL,NO DEFINIDO,NO DEFINIDO,DEPORTE Y RECREACION,7840000.0,7990000.0,2021,Tercer Trimestre,pres_gasto,,,,,,,,,,,,,,,,,,,,,,
3582186,20230301,220173585,Instituto Purificense para la Recreación y el Deporte,2.1.1.01.01.001.06,PRIMA DE SERVICIO,GASTOS,FUNCIONAMIENTO,GASTOS DE PERSONAL,PLANTA DE PERSONAL PERMANENTE,FACTORES CONSTITUTIVOS DE SALARIO,FACTORES SALARIALES COMUNES,PRIMA DE SERVICIO,No Aplica,No Aplica,No Aplica,VIGENCIA ACTUAL,ENTIDADES DIFERENTES A ENTIDADES TERRITORIALES - GESTION GENERAL,NO DEFINIDO,NO DEFINIDO,DEPORTE Y RECREACION,5500000.0,5500000.0,2023,Primer Trimestre,pres_gasto,,,,,,,,,,,,,,,,,,,,,,
3584000,20210301,220173585,Instituto Purificense para la Recreación y el Deporte,2.1.1.02.01.001,FACTORES SALARIALES COMUNES,GASTOS,FUNCIONAMIENTO,GASTOS DE PERSONAL,PERSONAL SUPERNUMERARIO Y PLANTA TEMPORAL,FACTORES CONSTITUTIVOS DE SALARIO,FACTORES SALARIALES COMUNES,No Aplica,No Aplica,No Aplica,No Aplica,VIGENCIA ACTUAL,ENTIDADES DIFERENTES A ENTIDADES TERRITORIALES - GESTION GENERAL,NO DEFINIDO,NO DEFINIDO,NO DEFINIDO,40000000.0,38850000.0,2021,Primer Trimestre,pres_gasto,,,,,,,,,,,,,,,,,,,,,,
3585119,20211201,220173585,Instituto Purificense para la Recreación y el Deporte,2.1.2,ADQUISICION DE BIENES Y SERVICIOS,GASTOS,FUNCIONAMIENTO,ADQUISICION DE BIENES Y SERVICIOS,No Aplica,No Aplica,No Aplica,No Aplica,No Aplica,No Aplica,No Aplica,VIGENCIA ACTUAL,ENTIDADES DIFERENTES A ENTIDADES TERRITORIALES - GESTION GENERAL,NO DEFINIDO,NO DEFINIDO,NO DEFINIDO,10776489.0,8366489.0,2021,Cuarto Trimestre,pres_gasto,,,,,,,,,,,,,,,,,,,,,,
3597511,20210601,220173585,Instituto Purificense para la Recreación y el Deporte,2.1.5.02,ADQUISICION DE SERVICIOS,GASTOS,FUNCIONAMIENTO,GASTOS DE COMERCIALIZACION Y PRODUCCION,ADQUISICION DE SERVICIOS,No Aplica,No Aplica,No Aplica,No Aplica,No Aplica,No Aplica,VIGENCIA ACTUAL,ENTIDADES DIFERENTES A ENTIDADES TERRITORIALES - GESTION GENERAL,NO DEFINIDO,NO DEFINIDO,NO DEFINIDO,15500000.0,15500000.0,2021,Segundo Trimestre,pres_gasto,,,,,,,,,,,,,,,,,,,,,,
3598309,20220601,220173585,Instituto Purificense para la Recreación y el Deporte,2.1.1.01.02.007,APORTES AL SENA,GASTOS,FUNCIONAMIENTO,GASTOS DE PERSONAL,PLANTA DE PERSONAL PERMANENTE,CONTRIBUCIONES INHERENTES A LA NOMINA,APORTES AL SENA,No Aplica,No Aplica,No Aplica,No Aplica,VIGENCIA ACTUAL,ENTIDADES DIFERENTES A ENTIDADES TERRITORIALES - GESTION GENERAL,NO DEFINIDO,NO DEFINIDO,DEPORTE Y RECREACION,1913784.0,1913784.0,2022,Segundo Trimestre,pres_gasto,,,,,,,,,,,,,,,,,,,,,,
3613473,20220301,220173585,Instituto Purificense para la Recreación y el Deporte,2.1.1,GASTOS DE PERSONAL,GASTOS,FUNCIONAMIENTO,GASTOS DE PERSONAL,No Aplica,No Aplica,No Aplica,No Aplica,No Aplica,No Aplica,No Aplica,VIGENCIA ACTUAL,ENTIDADES DIFERENTES A ENTIDADES TERRITORIALES - GESTION GENERAL,NO DEFINIDO,NO DEFINIDO,NO DEFINIDO,182140713.0,182446313.0,2022,Primer Trimestre,pres_gasto,,,,,,,,,,,,,,,,,,,,,,
3622755,20210601,220173585,Instituto Purificense para la Recreación y el Deporte,2.1.1.01.02.002,APORTES A LA SEGURIDAD SOCIAL EN SALUD,GASTOS,FUNCIONAMIENTO,GASTOS DE PERSONAL,PLANTA DE PERSONAL PERMANENTE,CONTRIBUCIONES INHERENTES A LA NOMINA,APORTES A LA SEGURIDAD SOCIAL EN SALUD,No Aplica,No Aplica,No Aplica,No Aplica,VIGENCIA ACTUAL,ENTIDADES DIFERENTES A ENTIDADES TERRITORIALES - GESTION GENERAL,NO DEFINIDO,NO DEFINIDO,DEPORTE Y RECREACION,6999051.0,6999051.0,2021,Segundo Trimestre,pres_gasto,,,,,,,,,,,,,,,,,,,,,,
3624379,20211201,220173585,Instituto Purificense para la Recreación y el Deporte,2.1.2.01.01,ACTIVOS FIJOS,GASTOS,FUNCIONAMIENTO,ADQUISICION DE BIENES Y SERVICIOS,ADQUISICION DE ACTIVOS NO FINANCIEROS,ACTIVOS FIJOS,No Aplica,No Aplica,No Aplica,No Aplica,No Aplica,VIGENCIA ACTUAL,ENTIDADES DIFERENTES A ENTIDADES TERRITORIALES - GESTION GENERAL,NO DEFINIDO,NO DEFINIDO,NO DEFINIDO,5176489.0,7116489.0,2021,Cuarto Trimestre,pres_gasto,,,,,,,,,,,,,,,,,,,,,,
3640428,20220601,220173585,Instituto Purificense para la Recreación y el Deporte,2.1.1.01.02.001,APORTES A LA SEGURIDAD SOCIAL EN PENSIONES,GASTOS,FUNCIONAMIENTO,GASTOS DE PERSONAL,PLANTA DE PERSONAL PERMANENTE,CONTRIBUCIONES INHERENTES A LA NOMINA,APORTES A LA SEGURIDAD SOCIAL EN PENSIONES,No Aplica,No Aplica,No Aplica,No Aplica,VIGENCIA ACTUAL,ENTIDADES DIFERENTES A ENTIDADES TERRITORIALES - GESTION GENERAL,NO DEFINIDO,NO DEFINIDO,DEPORTE Y RECREACION,11483796.0,11483796.0,2022,Segundo Trimestre,pres_gasto,,,,,,,,,,,,,,,,,,,,,,
3642234,20210901,220173585,Instituto Purificense para la Recreación y el Deporte,2.1.1.01.03.001,PRESTACIONES SOCIALES,GASTOS,FUNCIONAMIENTO,GASTOS DE PERSONAL,PLANTA DE PERSONAL PERMANENTE,REMUNERACIONES NO CONSTITUTIVAS DE FACTOR SALARIAL,PRESTACIONES SOCIALES,No Aplica,No Aplica,No Aplica,No Aplica,VIGENCIA ACTUAL,ENTIDADES DIFERENTES A ENTIDADES TERRITORIALES - GESTION GENERAL,NO DEFINIDO,NO DEFINIDO,NO DEFINIDO,3000000.0,4820000.0,2021,Tercer Trimestre,pres_gasto,,,,,,,,,,,,,,,,,,,,,,
3646448,20220301,220173585,Instituto Purificense para la Recreación y el Deporte,2.1.2.01,ADQUISICION DE ACTIVOS NO FINANCIEROS,GASTOS,FUNCIONAMIENTO,ADQUISICION DE BIENES Y SERVICIOS,ADQUISICION DE ACTIVOS NO FINANCIEROS,No Aplica,No Aplica,No Aplica,No Aplica,No Aplica,No Aplica,VIGENCIA ACTUAL,ENTIDADES DIFERENTES A ENTIDADES TERRITORIALES - GESTION GENERAL,NO DEFINIDO,NO DEFINIDO,NO DEFINIDO,5000000.0,5000000.0,2022,Primer Trimestre,pres_gasto,,,,,,,,,,,,,,,,,,,,,,
3656145,20220901,220173585,Instituto Purificense para la Recreación y el Deporte,2.1.8,"GASTOS POR TRIBUTOS, TASAS, CONTRIBUCIONES, MULTAS, SANCIONES E INTERESES DE MORA",GASTOS,FUNCIONAMIENTO,"GASTOS POR TRIBUTOS, TASAS, CONTRIBUCIONES, MULTAS, SANCIONES E INTERESES DE MORA",No Aplica,No Aplica,No Aplica,No Aplica,No Aplica,No Aplica,No Aplica,VIGENCIA ACTUAL,ENTIDADES DIFERENTES A ENTIDADES TERRITORIALES - GESTION GENERAL,NO DEFINIDO,NO DEFINIDO,NO DEFINIDO,2000.0,2000.0,2022,Tercer Trimestre,pres_gasto,,,,,,,,,,,,,,,,,,,,,,
3667276,20220901,220173585,Instituto Purificense para la Recreación y el Deporte,2.1.1.01.03.001.01,VACACIONES,GASTOS,FUNCIONAMIENTO,GASTOS DE PERSONAL,PLANTA DE PERSONAL PERMANENTE,REMUNERACIONES NO CONSTITUTIVAS DE FACTOR SALARIAL,PRESTACIONES SOCIALES,VACACIONES,No Aplica,No Aplica,No Aplica,VIGENCIA ACTUAL,ENTIDADES DIFERENTES A ENTIDADES TERRITORIALES - GESTION GENERAL,NO DEFINIDO,NO DEFINIDO,DEPORTE Y RECREACION,6500000.0,6500000.0,2022,Tercer Trimestre,pres_gasto,,,,,,,,,,,,,,,,,,,,,,
3668225,20210601,220173585,Instituto Purificense para la Recreación y el Deporte,2.1.1,GASTOS DE PERSONAL,GASTOS,FUNCIONAMIENTO,GASTOS DE PERSONAL,No Aplica,No Aplica,No Aplica,No Aplica,No Aplica,No Aplica,No Aplica,VIGENCIA ACTUAL,ENTIDADES DIFERENTES A ENTIDADES TERRITORIALES - GESTION GENERAL,NO DEFINIDO,NO DEFINIDO,NO DEFINIDO,170721511.0,171021511.0,2021,Segundo Trimestre,pres_gasto,,,,,,,,,,,,,,,,,,,,,,
3669142,20210601,220173585,Instituto Purificense para la Recreación y el Deporte,2.1.1.02,PERSONAL SUPERNUMERARIO Y PLANTA TEMPORAL,GASTOS,FUNCIONAMIENTO,GASTOS DE PERSONAL,PERSONAL SUPERNUMERARIO Y PLANTA TEMPORAL,No Aplica,No Aplica,No Aplica,No Aplica,No Aplica,No Aplica,VIGENCIA ACTUAL,ENTIDADES DIFERENTES A ENTIDADES TERRITORIALES - GESTION GENERAL,NO DEFINIDO,NO DEFINIDO,NO DEFINIDO,40000000.0,40650000.0,2021,Segundo Trimestre,pres_gasto,,,,,,,,,,,,,,,,,,,,,,
3670262,20210901,220173585,Instituto Purificense para la Recreación y el Deporte,2.1.1.01.01.001.06,PRIMA DE SERVICIO,GASTOS,FUNCIONAMIENTO,GASTOS DE PERSONAL,PLANTA DE PERSONAL PERMANENTE,FACTORES CONSTITUTIVOS DE SALARIO,FACTORES SALARIALES COMUNES,PRIMA DE SERVICIO,No Aplica,No Aplica,No Aplica,VIGENCIA ACTUAL,ENTIDADES DIFERENTES A ENTIDADES TERRITORIALES - GESTION GENERAL,NO DEFINIDO,NO DEFINIDO,DEPORTE Y RECREACION,0.0,3500000.0,2021,Tercer Trimestre,pres_gasto,,,,,,,,,,,,,,,,,,,,,,
3671225,20210901,220173585,Instituto Purificense para la Recreación y el Deporte,2.1.2.01.01.003.03.01,"MAQUINAS PARA OFICINA Y CONTABILIDAD, Y SUS PARTES Y ACCESORIOS",GASTOS,FUNCIONAMIENTO,ADQUISICION DE BIENES Y SERVICIOS,ADQUISICION DE ACTIVOS NO FINANCIEROS,ACTIVOS FIJOS,MAQUINARIA Y EQUIPO,"MAQUINARIA DE OFICINA, CONTABILIDAD E INFORMATICA","MAQUINAS PARA OFICINA Y CONTABILIDAD, Y SUS PARTES Y ACCESORIOS",No Aplica,No Aplica,VIGENCIA ACTUAL,ENTIDADES DIFERENTES A ENTIDADES TERRITORIALES - GESTION GENERAL,NO DEFINIDO,NO DEFINIDO,DEPORTE Y RECREACION,5176489.0,7116489.0,2021,Tercer Trimestre,pres_gasto,,,,,,,,,,,,,,,,,,,,,,
3673932,20210901,220173585,Instituto Purificense para la Recreación y el Deporte,2.1.5,GASTOS DE COMERCIALIZACION Y PRODUCCION,GASTOS,FUNCIONAMIENTO,GASTOS DE COMERCIALIZACION Y PRODUCCION,No Aplica,No Aplica,No Aplica,No Aplica,No Aplica,No Aplica,No Aplica,VIGENCIA ACTUAL,ENTIDADES DIFERENTES A ENTIDADES TERRITORIALES - GESTION GENERAL,NO DEFINIDO,NO DEFINIDO,NO DEFINIDO,15500000.0,9583000.0,2021,Tercer Trimestre,pres_gasto,,,,,,,,,,,,,,,,,,,,,,
3683333,20230301,220173585,Instituto Purificense para la Recreación y el Deporte,2.1.1.01.02.004,APORTES A CAJAS DE COMPENSACION FAMILIAR,GASTOS,FUNCIONAMIENTO,GASTOS DE PERSONAL,PLANTA DE PERSONAL PERMANENTE,CONTRIBUCIONES INHERENTES A LA NOMINA,APORTES A CAJAS DE COMPENSACION FAMILIAR,No Aplica,No Aplica,No Aplica,No Aplica,VIGENCIA ACTUAL,ENTIDADES DIFERENTES A ENTIDADES TERRITORIALES - GESTION GENERAL,NO DEFINIDO,NO DEFINIDO,DEPORTE Y RECREACION,4430882.0,4430882.0,2023,Primer Trimestre,pres_gasto,,,,,,,,,,,,,,,,,,,,,,
3685220,20210301,220173585,Instituto Purificense para la Recreación y el Deporte,2.1.2.01.01,ACTIVOS FIJOS,GASTOS,FUNCIONAMIENTO,ADQUISICION DE BIENES Y SERVICIOS,ADQUISICION DE ACTIVOS NO FINANCIEROS,ACTIVOS FIJOS,No Aplica,No Aplica,No Aplica,No Aplica,No Aplica,VIGENCIA ACTUAL,ENTIDADES DIFERENTES A ENTIDADES TERRITORIALES - GESTION GENERAL,NO DEFINIDO,NO DEFINIDO,NO DEFINIDO,10776489.0,11776489.0,2021,Primer Trimestre,pres_gasto,,,,,,,,,,,,,,,,,,,,,,
3691043,20210901,220173585,Instituto Purificense para la Recreación y el Deporte,2.1.1.01.01.001.08.02,PRIMA DE VACACIONES,GASTOS,FUNCIONAMIENTO,GASTOS DE PERSONAL,PLANTA DE PERSONAL PERMANENTE,FACTORES CONSTITUTIVOS DE SALARIO,FACTORES SALARIALES COMUNES,PRESTACIONES SOCIALES,PRIMA DE VACACIONES,No Aplica,No Aplica,VIGENCIA ACTUAL,ENTIDADES DIFERENTES A ENTIDADES TERRITORIALES - GESTION GENERAL,NO DEFINIDO,NO DEFINIDO,DEPORTE Y RECREACION,3500000.0,3800000.0,2021,Tercer Trimestre,pres_gasto,,,,,,,,,,,,,,,,,,,,,,
3707370,20230601,220173585,Instituto Purificense para la Recreación y el Deporte,2.99,INVERSIÓN CONSOLIDADA,GASTOS,INVERSIÓN CONSOLIDADA,No Aplica,No Aplica,No Aplica,No Aplica,No Aplica,No Aplica,No Aplica,No Aplica,VIGENCIA ACTUAL,ENTIDADES DIFERENTES A ENTIDADES TERRITORIALES - GESTION GENERAL,NO DEFINIDO,NO DEFINIDO,DEPORTE Y RECREACION,245300000.0,259914403.0,2023,Segundo Trimestre,pres_gasto,,,,,,,,,,,,,,,,,,,,,,
3717174,20210601,220173585,Instituto Purificense para la Recreación y el Deporte,2.1.5,GASTOS DE COMERCIALIZACION Y PRODUCCION,GASTOS,FUNCIONAMIENTO,GASTOS DE COMERCIALIZACION Y PRODUCCION,No Aplica,No Aplica,No Aplica,No Aplica,No Aplica,No Aplica,No Aplica,VIGENCIA ACTUAL,ENTIDADES DIFERENTES A ENTIDADES TERRITORIALES - GESTION GENERAL,NO DEFINIDO,NO DEFINIDO,NO DEFINIDO,15500000.0,15500000.0,2021,Segundo Trimestre,pres_gasto,,,,,,,,,,,,,,,,,,,,,,
3717480,20221201,220173585,Instituto Purificense para la Recreación y el Deporte,2.1.1.01.02,CONTRIBUCIONES INHERENTES A LA NOMINA,GASTOS,FUNCIONAMIENTO,GASTOS DE PERSONAL,PLANTA DE PERSONAL PERMANENTE,CONTRIBUCIONES INHERENTES A LA NOMINA,No Aplica,No Aplica,No Aplica,No Aplica,No Aplica,VIGENCIA ACTUAL,ENTIDADES DIFERENTES A ENTIDADES TERRITORIALES - GESTION GENERAL,NO DEFINIDO,NO DEFINIDO,NO DEFINIDO,36651032.0,34606632.0,2022,Cuarto Trimestre,pres_gasto,,,,,,,,,,,,,,,,,,,,,,
3720154,20220901,220173585,Instituto Purificense para la Recreación y el Deporte,2.1.1.01.01.001.08.02,PRIMA DE VACACIONES,GASTOS,FUNCIONAMIENTO,GASTOS DE PERSONAL,PLANTA DE PERSONAL PERMANENTE,FACTORES CONSTITUTIVOS DE SALARIO,FACTORES SALARIALES COMUNES,PRESTACIONES SOCIALES,PRIMA DE VACACIONES,No Aplica,No Aplica,VIGENCIA ACTUAL,ENTIDADES DIFERENTES A ENTIDADES TERRITORIALES - GESTION GENERAL,NO DEFINIDO,NO DEFINIDO,DEPORTE Y RECREACION,4200000.0,4200000.0,2022,Tercer Trimestre,pres_gasto,,,,,,,,,,,,,,,,,,,,,,
3723482,20230601,220173585,Instituto Purificense para la Recreación y el Deporte,2.1.1.01.01,FACTORES CONSTITUTIVOS DE SALARIO,GASTOS,FUNCIONAMIENTO,GASTOS DE PERSONAL,PLANTA DE PERSONAL PERMANENTE,FACTORES CONSTITUTIVOS DE SALARIO,No Aplica,No Aplica,No Aplica,No Aplica,No Aplica,VIGENCIA ACTUAL,ENTIDADES DIFERENTES A ENTIDADES TERRITORIALES - GESTION GENERAL,NO DEFINIDO,NO DEFINIDO,NO DEFINIDO,129772054.0,129772054.0,2023,Segundo Trimestre,pres_gasto,,,,,,,,,,,,,,,,,,,,,,
3728479,20210301,220173585,Instituto Purificense para la Recreación y el Deporte,2.1.1.01.03.001,PRESTACIONES SOCIALES,GASTOS,FUNCIONAMIENTO,GASTOS DE PERSONAL,PLANTA DE PERSONAL PERMANENTE,REMUNERACIONES NO CONSTITUTIVAS DE FACTOR SALARIAL,PRESTACIONES SOCIALES,No Aplica,No Aplica,No Aplica,No Aplica,VIGENCIA ACTUAL,ENTIDADES DIFERENTES A ENTIDADES TERRITORIALES - GESTION GENERAL,NO DEFINIDO,NO DEFINIDO,NO DEFINIDO,3000000.0,3000000.0,2021,Primer Trimestre,pres_gasto,,,,,,,,,,,,,,,,,,,,,,
3737687,20220301,220173585,Instituto Purificense para la Recreación y el Deporte,2.1.1.01.02.004,APORTES A CAJAS DE COMPENSACION FAMILIAR,GASTOS,FUNCIONAMIENTO,GASTOS DE PERSONAL,PLANTA DE PERSONAL PERMANENTE,CONTRIBUCIONES INHERENTES A LA NOMINA,APORTES A CAJAS DE COMPENSACION FAMILIAR,No Aplica,No Aplica,No Aplica,No Aplica,VIGENCIA ACTUAL,ENTIDADES DIFERENTES A ENTIDADES TERRITORIALES - GESTION GENERAL,NO DEFINIDO,NO DEFINIDO,DEPORTE Y RECREACION,3827587.0,3827587.0,2022,Primer Trimestre,pres_gasto,,,,,,,,,,,,,,,,,,,,,,
3740408,20210901,220173585,Instituto Purificense para la Recreación y el Deporte,2.1.1.01.01.001,FACTORES SALARIALES COMUNES,GASTOS,FUNCIONAMIENTO,GASTOS DE PERSONAL,PLANTA DE PERSONAL PERMANENTE,FACTORES CONSTITUTIVOS DE SALARIO,FACTORES SALARIALES COMUNES,No Aplica,No Aplica,No Aplica,No Aplica,VIGENCIA ACTUAL,ENTIDADES DIFERENTES A ENTIDADES TERRITORIALES - GESTION GENERAL,NO DEFINIDO,NO DEFINIDO,NO DEFINIDO,95141776.0,96298776.0,2021,Tercer Trimestre,pres_gasto,,,,,,,,,,,,,,,,,,,,,,
3741110,20220601,220173585,Instituto Purificense para la Recreación y el Deporte,2.1.1.02.01.001.01,SUELDO BASICO,GASTOS,FUNCIONAMIENTO,GASTOS DE PERSONAL,PERSONAL SUPERNUMERARIO Y PLANTA TEMPORAL,FACTORES CONSTITUTIVOS DE SALARIO,FACTORES SALARIALES COMUNES,SUELDO BASICO,No Aplica,No Aplica,No Aplica,VIGENCIA ACTUAL,ENTIDADES DIFERENTES A ENTIDADES TERRITORIALES - GESTION GENERAL,NO DEFINIDO,NO DEFINIDO,DEPORTE Y RECREACION,26400000.0,26400000.0,2022,Segundo Trimestre,pres_gasto,,,,,,,,,,,,,,,,,,,,,,
3744432,20230601,220173585,Instituto Purificense para la Recreación y el Deporte,2.1.2.02.02,ADQUISICION DE SERVICIOS,GASTOS,FUNCIONAMIENTO,ADQUISICION DE BIENES Y SERVICIOS,ADQUISICIONES DIFERENTES DE ACTIVOS,ADQUISICION DE SERVICIOS,No Aplica,No Aplica,No Aplica,No Aplica,No Aplica,VIGENCIA ACTUAL,ENTIDADES DIFERENTES A ENTIDADES TERRITORIALES - GESTION GENERAL,NO DEFINIDO,NO DEFINIDO,NO DEFINIDO,42840832.0,42840832.0,2023,Segundo Trimestre,pres_gasto,,,,,,,,,,,,,,,,,,,,,,
3749545,20210901,220173585,Instituto Purificense para la Recreación y el Deporte,2.1.1.02,PERSONAL SUPERNUMERARIO Y PLANTA TEMPORAL,GASTOS,FUNCIONAMIENTO,GASTOS DE PERSONAL,PERSONAL SUPERNUMERARIO Y PLANTA TEMPORAL,No Aplica,No Aplica,No Aplica,No Aplica,No Aplica,No Aplica,VIGENCIA ACTUAL,ENTIDADES DIFERENTES A ENTIDADES TERRITORIALES - GESTION GENERAL,NO DEFINIDO,NO DEFINIDO,NO DEFINIDO,40000000.0,42650000.0,2021,Tercer Trimestre,pres_gasto,,,,,,,,,,,,,,,,,,,,,,
3753504,20230301,220173585,Instituto Purificense para la Recreación y el Deporte,2.1.1.01.02.002,APORTES A LA SEGURIDAD SOCIAL EN SALUD,GASTOS,FUNCIONAMIENTO,GASTOS DE PERSONAL,PLANTA DE PERSONAL PERMANENTE,CONTRIBUCIONES INHERENTES A LA NOMINA,APORTES A LA SEGURIDAD SOCIAL EN SALUD,No Aplica,No Aplica,No Aplica,No Aplica,VIGENCIA ACTUAL,ENTIDADES DIFERENTES A ENTIDADES TERRITORIALES - GESTION GENERAL,NO DEFINIDO,NO DEFINIDO,NO APLICA,9411374.0,9411374.0,2023,Primer Trimestre,pres_gasto,,,,,,,,,,,,,,,,,,,,,,
3754855,20220601,220173585,Instituto Purificense para la Recreación y el Deporte,2.1.3.13,SENTENCIAS Y CONCILIACIONES,GASTOS,FUNCIONAMIENTO,TRANSFERENCIAS CORRIENTES,SENTENCIAS Y CONCILIACIONES,No Aplica,No Aplica,No Aplica,No Aplica,No Aplica,No Aplica,VIGENCIA ACTUAL,ENTIDADES DIFERENTES A ENTIDADES TERRITORIALES - GESTION GENERAL,NO DEFINIDO,NO DEFINIDO,NO DEFINIDO,0.0,70000000.0,2022,Segundo Trimestre,pres_gasto,,,,,,,,,,,,,,,,,,,,,,
3762547,20220601,220173585,Instituto Purificense para la Recreación y el Deporte,2.1.1.01.03,REMUNERACIONES NO CONSTITUTIVAS DE FACTOR SALARIAL,GASTOS,FUNCIONAMIENTO,GASTOS DE PERSONAL,PLANTA DE PERSONAL PERMANENTE,REMUNERACIONES NO CONSTITUTIVAS DE FACTOR SALARIAL,No Aplica,No Aplica,No Aplica,No Aplica,No Aplica,VIGENCIA ACTUAL,ENTIDADES DIFERENTES A ENTIDADES TERRITORIALES - GESTION GENERAL,NO DEFINIDO,NO DEFINIDO,NO DEFINIDO,6500000.0,6500000.0,2022,Segundo Trimestre,pres_gasto,,,,,,,,,,,,,,,,,,,,,,
3763149,20211201,220173585,Instituto Purificense para la Recreación y el Deporte,2.1.1.01.02.001,APORTES A LA SEGURIDAD SOCIAL EN PENSIONES,GASTOS,FUNCIONAMIENTO,GASTOS DE PERSONAL,PLANTA DE PERSONAL PERMANENTE,CONTRIBUCIONES INHERENTES A LA NOMINA,APORTES A LA SEGURIDAD SOCIAL EN PENSIONES,No Aplica,No Aplica,No Aplica,No Aplica,VIGENCIA ACTUAL,ENTIDADES DIFERENTES A ENTIDADES TERRITORIALES - GESTION GENERAL,NO DEFINIDO,NO DEFINIDO,DEPORTE Y RECREACION,9881013.0,8781013.0,2021,Cuarto Trimestre,pres_gasto,,,,,,,,,,,,,,,,,,,,,,
3767150,20220601,220173585,Instituto Purificense para la Recreación y el Deporte,2.1.1.01.02.005,APORTES GENERALES AL SISTEMA DE RIESGOS LABORALES,GASTOS,FUNCIONAMIENTO,GASTOS DE PERSONAL,PLANTA DE PERSONAL PERMANENTE,CONTRIBUCIONES INHERENTES A LA NOMINA,APORTES GENERALES AL SISTEMA DE RIESGOS LABORALES,No Aplica,No Aplica,No Aplica,No Aplica,VIGENCIA ACTUAL,ENTIDADES DIFERENTES A ENTIDADES TERRITORIALES - GESTION GENERAL,NO DEFINIDO,NO DEFINIDO,DEPORTE Y RECREACION,500000.0,500000.0,2022,Segundo Trimestre,pres_gasto,,,,,,,,,,,,,,,,,,,,,,
3775169,20221201,220173585,Instituto Purificense para la Recreación y el Deporte,2.1.1.01.02.001,APORTES A LA SEGURIDAD SOCIAL EN PENSIONES,GASTOS,FUNCIONAMIENTO,GASTOS DE PERSONAL,PLANTA DE PERSONAL PERMANENTE,CONTRIBUCIONES INHERENTES A LA NOMINA,APORTES A LA SEGURIDAD SOCIAL EN PENSIONES,No Aplica,No Aplica,No Aplica,No Aplica,VIGENCIA ACTUAL,ENTIDADES DIFERENTES A ENTIDADES TERRITORIALES - GESTION GENERAL,NO DEFINIDO,NO DEFINIDO,DEPORTE Y RECREACION,11483796.0,10283796.0,2022,Cuarto Trimestre,pres_gasto,,,,,,,,,,,,,,,,,,,,,,
3777539,20230601,220173585,Instituto Purificense para la Recreación y el Deporte,2.1.1.01.02,CONTRIBUCIONES INHERENTES A LA NOMINA,GASTOS,FUNCIONAMIENTO,GASTOS DE PERSONAL,PLANTA DE PERSONAL PERMANENTE,CONTRIBUCIONES INHERENTES A LA NOMINA,No Aplica,No Aplica,No Aplica,No Aplica,No Aplica,VIGENCIA ACTUAL,ENTIDADES DIFERENTES A ENTIDADES TERRITORIALES - GESTION GENERAL,NO DEFINIDO,NO DEFINIDO,NO DEFINIDO,43927114.0,43927114.0,2023,Segundo Trimestre,pres_gasto,,,,,,,,,,,,,,,,,,,,,,
3778305,20220601,220173585,Instituto Purificense para la Recreación y el Deporte,2.1.1.01,PLANTA DE PERSONAL PERMANENTE,GASTOS,FUNCIONAMIENTO,GASTOS DE PERSONAL,PLANTA DE PERSONAL PERMANENTE,No Aplica,No Aplica,No Aplica,No Aplica,No Aplica,No Aplica,VIGENCIA ACTUAL,ENTIDADES DIFERENTES A ENTIDADES TERRITORIALES - GESTION GENERAL,NO DEFINIDO,NO DEFINIDO,NO DEFINIDO,155740713.0,156046313.0,2022,Segundo Trimestre,pres_gasto,,,,,,,,,,,,,,,,,,,,,,
3786346,20210301,220173585,Instituto Purificense para la Recreación y el Deporte,2.1.1.01.01,FACTORES CONSTITUTIVOS DE SALARIO,GASTOS,FUNCIONAMIENTO,GASTOS DE PERSONAL,PLANTA DE PERSONAL PERMANENTE,FACTORES CONSTITUTIVOS DE SALARIO,No Aplica,No Aplica,No Aplica,No Aplica,No Aplica,VIGENCIA ACTUAL,ENTIDADES DIFERENTES A ENTIDADES TERRITORIALES - GESTION GENERAL,NO DEFINIDO,NO DEFINIDO,NO DEFINIDO,98141776.0,98141776.0,2021,Primer Trimestre,pres_gasto,,,,,,,,,,,,,,,,,,,,,,
3789854,20220301,220173585,Instituto Purificense para la Recreación y el Deporte,2.1.3.13.01.002,CONCILIACIONES,GASTOS,FUNCIONAMIENTO,TRANSFERENCIAS CORRIENTES,SENTENCIAS Y CONCILIACIONES,FALLOS NACIONALES,CONCILIACIONES,No Aplica,No Aplica,No Aplica,No Aplica,VIGENCIA ACTUAL,ENTIDADES DIFERENTES A ENTIDADES TERRITORIALES - GESTION GENERAL,NO DEFINIDO,NO DEFINIDO,DEPORTE Y RECREACION,0.0,70000000.0,2022,Primer Trimestre,pres_gasto,,,,,,,,,,,,,,,,,,,,,,
3798456,20210601,220173585,Instituto Purificense para la Recreación y el Deporte,2.1.1.01.03,REMUNERACIONES NO CONSTITUTIVAS DE FACTOR SALARIAL,GASTOS,FUNCIONAMIENTO,GASTOS DE PERSONAL,PLANTA DE PERSONAL PERMANENTE,REMUNERACIONES NO CONSTITUTIVAS DE FACTOR SALARIAL,No Aplica,No Aplica,No Aplica,No Aplica,No Aplica,VIGENCIA ACTUAL,ENTIDADES DIFERENTES A ENTIDADES TERRITORIALES - GESTION GENERAL,NO DEFINIDO,NO DEFINIDO,NO DEFINIDO,3000000.0,3500000.0,2021,Segundo Trimestre,pres_gasto,,,,,,,,,,,,,,,,,,,,,,
3823031,20211201,220173585,Instituto Purificense para la Recreación y el Deporte,2.1.2.01.01.003,MAQUINARIA Y EQUIPO,GASTOS,FUNCIONAMIENTO,ADQUISICION DE BIENES Y SERVICIOS,ADQUISICION DE ACTIVOS NO FINANCIEROS,ACTIVOS FIJOS,MAQUINARIA Y EQUIPO,No Aplica,No Aplica,No Aplica,No Aplica,VIGENCIA ACTUAL,ENTIDADES DIFERENTES A ENTIDADES TERRITORIALES - GESTION GENERAL,NO DEFINIDO,NO DEFINIDO,NO DEFINIDO,5176489.0,7116489.0,2021,Cuarto Trimestre,pres_gasto,,,,,,,,,,,,,,,,,,,,,,
3823602,20210901,220173585,Instituto Purificense para la Recreación y el Deporte,2.1.8.01.14,GRAVAMEN A LOS MOVIMIENTOS FINANCIEROS,GASTOS,FUNCIONAMIENTO,"GASTOS POR TRIBUTOS, TASAS, CONTRIBUCIONES, MULTAS, SANCIONES E INTERESES DE MORA",IMPUESTOS,GRAVAMEN A LOS MOVIMIENTOS FINANCIEROS,No Aplica,No Aplica,No Aplica,No Aplica,No Aplica,VIGENCIA ACTUAL,ENTIDADES DIFERENTES A ENTIDADES TERRITORIALES - GESTION GENERAL,NO DEFINIDO,NO DEFINIDO,DEPORTE Y RECREACION,2000.0,2000.0,2021,Tercer Trimestre,pres_gasto,,,,,,,,,,,,,,,,,,,,,,
3833893,20221201,220173585,Instituto Purificense para la Recreación y el Deporte,2.1.1.01.02.003,APORTES DE CESANTIAS,GASTOS,FUNCIONAMIENTO,GASTOS DE PERSONAL,PLANTA DE PERSONAL PERMANENTE,CONTRIBUCIONES INHERENTES A LA NOMINA,APORTES DE CESANTIAS,No Aplica,No Aplica,No Aplica,No Aplica,VIGENCIA ACTUAL,ENTIDADES DIFERENTES A ENTIDADES TERRITORIALES - GESTION GENERAL,NO DEFINIDO,NO DEFINIDO,DEPORTE Y RECREACION,8400000.0,8705600.0,2022,Cuarto Trimestre,pres_gasto,,,,,,,,,,,,,,,,,,,,,,
3841964,20210301,220173585,Instituto Purificense para la Recreación y el Deporte,2.1.1.01.03,REMUNERACIONES NO CONSTITUTIVAS DE FACTOR SALARIAL,GASTOS,FUNCIONAMIENTO,GASTOS DE PERSONAL,PLANTA DE PERSONAL PERMANENTE,REMUNERACIONES NO CONSTITUTIVAS DE FACTOR SALARIAL,No Aplica,No Aplica,No Aplica,No Aplica,No Aplica,VIGENCIA ACTUAL,ENTIDADES DIFERENTES A ENTIDADES TERRITORIALES - GESTION GENERAL,NO DEFINIDO,NO DEFINIDO,NO DEFINIDO,3000000.0,3000000.0,2021,Primer Trimestre,pres_gasto,,,,,,,,,,,,,,,,,,,,,,
3843484,20211201,220173585,Instituto Purificense para la Recreación y el Deporte,2.1.1.01.02,CONTRIBUCIONES INHERENTES A LA NOMINA,GASTOS,FUNCIONAMIENTO,GASTOS DE PERSONAL,PLANTA DE PERSONAL PERMANENTE,CONTRIBUCIONES INHERENTES A LA NOMINA,No Aplica,No Aplica,No Aplica,No Aplica,No Aplica,VIGENCIA ACTUAL,ENTIDADES DIFERENTES A ENTIDADES TERRITORIALES - GESTION GENERAL,NO DEFINIDO,NO DEFINIDO,NO DEFINIDO,32579735.0,31629735.0,2021,Cuarto Trimestre,pres_gasto,,,,,,,,,,,,,,,,,,,,,,
3865117,20220301,220173585,Instituto Purificense para la Recreación y el Deporte,2.1.2.01.01,ACTIVOS FIJOS,GASTOS,FUNCIONAMIENTO,ADQUISICION DE BIENES Y SERVICIOS,ADQUISICION DE ACTIVOS NO FINANCIEROS,ACTIVOS FIJOS,No Aplica,No Aplica,No Aplica,No Aplica,No Aplica,VIGENCIA ACTUAL,ENTIDADES DIFERENTES A ENTIDADES TERRITORIALES - GESTION GENERAL,NO DEFINIDO,NO DEFINIDO,NO DEFINIDO,5000000.0,5000000.0,2022,Primer Trimestre,pres_gasto,,,,,,,,,,,,,,,,,,,,,,
3868527,20220601,220173585,Instituto Purificense para la Recreación y el Deporte,2.1,FUNCIONAMIENTO,GASTOS,FUNCIONAMIENTO,No Aplica,No Aplica,No Aplica,No Aplica,No Aplica,No Aplica,No Aplica,No Aplica,VIGENCIA ACTUAL,ENTIDADES DIFERENTES A ENTIDADES TERRITORIALES - GESTION GENERAL,NO DEFINIDO,NO DEFINIDO,NO DEFINIDO,254000000.0,324000000.0,2022,Segundo Trimestre,pres_gasto,,,,,,,,,,,,,,,,,,,,,,
3891647,20220601,220173585,Instituto Purificense para la Recreación y el Deporte,2,GASTOS,GASTOS,No Aplica,No Aplica,No Aplica,No Aplica,No Aplica,No Aplica,No Aplica,No Aplica,No Aplica,VIGENCIA ACTUAL,ENTIDADES DIFERENTES A ENTIDADES TERRITORIALES - GESTION GENERAL,NO DEFINIDO,NO DEFINIDO,NO DEFINIDO,688072000.0,790945841.0,2022,Segundo Trimestre,pres_gasto,,,,,,,,,,,,,,,,,,,,,,
3892693,20230601,220173585,Instituto Purificense para la Recreación y el Deporte,2.1.1.01.01.001.08.02,PRIMA DE VACACIONES,GASTOS,FUNCIONAMIENTO,GASTOS DE PERSONAL,PLANTA DE PERSONAL PERMANENTE,FACTORES CONSTITUTIVOS DE SALARIO,FACTORES SALARIALES COMUNES,PRESTACIONES SOCIALES,PRIMA DE VACACIONES,No Aplica,No Aplica,VIGENCIA ACTUAL,ENTIDADES DIFERENTES A ENTIDADES TERRITORIALES - GESTION GENERAL,NO DEFINIDO,NO DEFINIDO,DEPORTE Y RECREACION,5000000.0,5000000.0,2023,Segundo Trimestre,pres_gasto,,,,,,,,,,,,,,,,,,,,,,
3900498,20211201,220173585,Instituto Purificense para la Recreación y el Deporte,2.1.1.02.01.001.01,SUELDO BASICO,GASTOS,FUNCIONAMIENTO,GASTOS DE PERSONAL,PERSONAL SUPERNUMERARIO Y PLANTA TEMPORAL,FACTORES CONSTITUTIVOS DE SALARIO,FACTORES SALARIALES COMUNES,SUELDO BASICO,No Aplica,No Aplica,No Aplica,VIGENCIA ACTUAL,ENTIDADES DIFERENTES A ENTIDADES TERRITORIALES - GESTION GENERAL,NO DEFINIDO,NO DEFINIDO,DEPORTE Y RECREACION,40000000.0,42000000.0,2021,Cuarto Trimestre,pres_gasto,,,,,,,,,,,,,,,,,,,,,,
3918347,20221201,220173585,Instituto Purificense para la Recreación y el Deporte,2.1.3.13,SENTENCIAS Y CONCILIACIONES,GASTOS,FUNCIONAMIENTO,TRANSFERENCIAS CORRIENTES,SENTENCIAS Y CONCILIACIONES,No Aplica,No Aplica,No Aplica,No Aplica,No Aplica,No Aplica,VIGENCIA ACTUAL,ENTIDADES DIFERENTES A ENTIDADES TERRITORIALES - GESTION GENERAL,NO DEFINIDO,NO DEFINIDO,NO DEFINIDO,0.0,99350000.0,2022,Cuarto Trimestre,pres_gasto,,,,,,,,,,,,,,,,,,,,,,
3921511,20210301,220173585,Instituto Purificense para la Recreación y el Deporte,2,GASTOS,GASTOS,No Aplica,No Aplica,No Aplica,No Aplica,No Aplica,No Aplica,No Aplica,No Aplica,No Aplica,VIGENCIA ACTUAL,ENTIDADES DIFERENTES A ENTIDADES TERRITORIALES - GESTION GENERAL,NO DEFINIDO,NO DEFINIDO,NO DEFINIDO,431000000.0,541000000.0,2021,Primer Trimestre,pres_gasto,,,,,,,,,,,,,,,,,,,,,,
3938466,20210301,220173585,Instituto Purificense para la Recreación y el Deporte,2.1.1.02,PERSONAL SUPERNUMERARIO Y PLANTA TEMPORAL,GASTOS,FUNCIONAMIENTO,GASTOS DE PERSONAL,PERSONAL SUPERNUMERARIO Y PLANTA TEMPORAL,No Aplica,No Aplica,No Aplica,No Aplica,No Aplica,No Aplica,VIGENCIA ACTUAL,ENTIDADES DIFERENTES A ENTIDADES TERRITORIALES - GESTION GENERAL,NO DEFINIDO,NO DEFINIDO,NO DEFINIDO,40000000.0,38850000.0,2021,Primer Trimestre,pres_gasto,,,,,,,,,,,,,,,,,,,,,,
3944868,20230301,220173585,Instituto Purificense para la Recreación y el Deporte,2.1.1.02.01.001.01,SUELDO BASICO,GASTOS,FUNCIONAMIENTO,GASTOS DE PERSONAL,PERSONAL SUPERNUMERARIO Y PLANTA TEMPORAL,FACTORES CONSTITUTIVOS DE SALARIO,FACTORES SALARIALES COMUNES,SUELDO BASICO,No Aplica,No Aplica,No Aplica,VIGENCIA ACTUAL,ENTIDADES DIFERENTES A ENTIDADES TERRITORIALES - GESTION GENERAL,NO DEFINIDO,NO DEFINIDO,DEPORTE Y RECREACION,55360000.0,56860000.0,2023,Primer Trimestre,pres_gasto,,,,,,,,,,,,,,,,,,,,,,
3948434,20210901,220173585,Instituto Purificense para la Recreación y el Deporte,2.1.1.02.01,FACTORES CONSTITUTIVOS DE SALARIO,GASTOS,FUNCIONAMIENTO,GASTOS DE PERSONAL,PERSONAL SUPERNUMERARIO Y PLANTA TEMPORAL,FACTORES CONSTITUTIVOS DE SALARIO,No Aplica,No Aplica,No Aplica,No Aplica,No Aplica,VIGENCIA ACTUAL,ENTIDADES DIFERENTES A ENTIDADES TERRITORIALES - GESTION GENERAL,NO DEFINIDO,NO DEFINIDO,NO DEFINIDO,40000000.0,42650000.0,2021,Tercer Trimestre,pres_gasto,,,,,,,,,,,,,,,,,,,,,,
3950815,20210901,220173585,Instituto Purificense para la Recreación y el Deporte,2.1.3,TRANSFERENCIAS CORRIENTES,GASTOS,FUNCIONAMIENTO,TRANSFERENCIAS CORRIENTES,No Aplica,No Aplica,No Aplica,No Aplica,No Aplica,No Aplica,No Aplica,VIGENCIA ACTUAL,ENTIDADES DIFERENTES A ENTIDADES TERRITORIALES - GESTION GENERAL,NO DEFINIDO,NO DEFINIDO,NO DEFINIDO,0.0,112050000.0,2021,Tercer Trimestre,pres_gasto,,,,,,,,,,,,,,,,,,,,,,
3952509,20210901,220173585,Instituto Purificense para la Recreación y el Deporte,2.1.1.01.02.001,APORTES A LA SEGURIDAD SOCIAL EN PENSIONES,GASTOS,FUNCIONAMIENTO,GASTOS DE PERSONAL,PLANTA DE PERSONAL PERMANENTE,CONTRIBUCIONES INHERENTES A LA NOMINA,APORTES A LA SEGURIDAD SOCIAL EN PENSIONES,No Aplica,No Aplica,No Aplica,No Aplica,VIGENCIA ACTUAL,ENTIDADES DIFERENTES A ENTIDADES TERRITORIALES - GESTION GENERAL,NO DEFINIDO,NO DEFINIDO,DEPORTE Y RECREACION,9881013.0,9881013.0,2021,Tercer Trimestre,pres_gasto,,,,,,,,,,,,,,,,,,,,,,
3953174,20221201,220173585,Instituto Purificense para la Recreación y el Deporte,2.1.1.01.01.001.06,PRIMA DE SERVICIO,GASTOS,FUNCIONAMIENTO,GASTOS DE PERSONAL,PLANTA DE PERSONAL PERMANENTE,FACTORES CONSTITUTIVOS DE SALARIO,FACTORES SALARIALES COMUNES,PRIMA DE SERVICIO,No Aplica,No Aplica,No Aplica,VIGENCIA ACTUAL,ENTIDADES DIFERENTES A ENTIDADES TERRITORIALES - GESTION GENERAL,NO DEFINIDO,NO DEFINIDO,DEPORTE Y RECREACION,4200000.0,3400000.0,2022,Cuarto Trimestre,pres_gasto,,,,,,,,,,,,,,,,,,,,,,
3954147,20220601,220173585,Instituto Purificense para la Recreación y el Deporte,2.1.5.02.09,"SERVICIOS PARA LA COMUNIDAD, SOCIALES Y PERSONALES",GASTOS,FUNCIONAMIENTO,GASTOS DE COMERCIALIZACION Y PRODUCCION,ADQUISICION DE SERVICIOS,"SERVICIOS PARA LA COMUNIDAD, SOCIALES Y PERSONALES",No Aplica,No Aplica,No Aplica,No Aplica,No Aplica,VIGENCIA ACTUAL,ENTIDADES DIFERENTES A ENTIDADES TERRITORIALES - GESTION GENERAL,NO DEFINIDO,NO DEFINIDO,DEPORTE Y RECREACION,34857287.0,34552683.0,2022,Segundo Trimestre,pres_gasto,,,,,,,,,,,,,,,,,,,,,,
3958424,20220901,220173585,Instituto Purificense para la Recreación y el Deporte,2.1.1.01.01.001.06,PRIMA DE SERVICIO,GASTOS,FUNCIONAMIENTO,GASTOS DE PERSONAL,PLANTA DE PERSONAL PERMANENTE,FACTORES CONSTITUTIVOS DE SALARIO,FACTORES SALARIALES COMUNES,PRIMA DE SERVICIO,No Aplica,No Aplica,No Aplica,VIGENCIA ACTUAL,ENTIDADES DIFERENTES A ENTIDADES TERRITORIALES - GESTION GENERAL,NO DEFINIDO,NO DEFINIDO,DEPORTE Y RECREACION,4200000.0,4200000.0,2022,Tercer Trimestre,pres_gasto,,,,,,,,,,,,,,,,,,,,,,
3960821,20230301,220173585,Instituto Purificense para la Recreación y el Deporte,2.1.1.01.02.006,APORTES AL ICBF,GASTOS,FUNCIONAMIENTO,GASTOS DE PERSONAL,PLANTA DE PERSONAL PERMANENTE,CONTRIBUCIONES INHERENTES A LA NOMINA,APORTES AL ICBF,No Aplica,No Aplica,No Aplica,No Aplica,VIGENCIA ACTUAL,ENTIDADES DIFERENTES A ENTIDADES TERRITORIALES - GESTION GENERAL,NO DEFINIDO,NO DEFINIDO,DEPORTE Y RECREACION,3323161.0,3323161.0,2023,Primer Trimestre,pres_gasto,,,,,,,,,,,,,,,,,,,,,,
3964659,20211201,220173585,Instituto Purificense para la Recreación y el Deporte,2.1.2.02.02,ADQUISICION DE SERVICIOS,GASTOS,FUNCIONAMIENTO,ADQUISICION DE BIENES Y SERVICIOS,ADQUISICIONES DIFERENTES DE ACTIVOS,ADQUISICION DE SERVICIOS,No Aplica,No Aplica,No Aplica,No Aplica,No Aplica,VIGENCIA ACTUAL,ENTIDADES DIFERENTES A ENTIDADES TERRITORIALES - GESTION GENERAL,NO DEFINIDO,NO DEFINIDO,NO DEFINIDO,5600000.0,1250000.0,2021,Cuarto Trimestre,pres_gasto,,,,,,,,,,,,,,,,,,,,,,
3965430,20221201,220173585,Instituto Purificense para la Recreación y el Deporte,2.1.1.01.01.001.08.02,PRIMA DE VACACIONES,GASTOS,FUNCIONAMIENTO,GASTOS DE PERSONAL,PLANTA DE PERSONAL PERMANENTE,FACTORES CONSTITUTIVOS DE SALARIO,FACTORES SALARIALES COMUNES,PRESTACIONES SOCIALES,PRIMA DE VACACIONES,No Aplica,No Aplica,VIGENCIA ACTUAL,ENTIDADES DIFERENTES A ENTIDADES TERRITORIALES - GESTION GENERAL,NO DEFINIDO,NO DEFINIDO,DEPORTE Y RECREACION,4200000.0,3750000.0,2022,Cuarto Trimestre,pres_gasto,,,,,,,,,,,,,,,,,,,,,,
3968979,20210301,220173585,Instituto Purificense para la Recreación y el Deporte,2.1.1.01.01.001.08,PRESTACIONES SOCIALES,GASTOS,FUNCIONAMIENTO,GASTOS DE PERSONAL,PLANTA DE PERSONAL PERMANENTE,FACTORES CONSTITUTIVOS DE SALARIO,FACTORES SALARIALES COMUNES,PRESTACIONES SOCIALES,No Aplica,No Aplica,No Aplica,VIGENCIA ACTUAL,ENTIDADES DIFERENTES A ENTIDADES TERRITORIALES - GESTION GENERAL,NO DEFINIDO,NO DEFINIDO,NO DEFINIDO,10500000.0,10500000.0,2021,Primer Trimestre,pres_gasto,,,,,,,,,,,,,,,,,,,,,,
3989043,20221201,220173585,Instituto Purificense para la Recreación y el Deporte,2.1.3.13.01.002,CONCILIACIONES,GASTOS,FUNCIONAMIENTO,TRANSFERENCIAS CORRIENTES,SENTENCIAS Y CONCILIACIONES,FALLOS NACIONALES,CONCILIACIONES,No Aplica,No Aplica,No Aplica,No Aplica,VIGENCIA ACTUAL,ENTIDADES DIFERENTES A ENTIDADES TERRITORIALES - GESTION GENERAL,NO DEFINIDO,NO DEFINIDO,DEPORTE Y RECREACION,0.0,99350000.0,2022,Cuarto Trimestre,pres_gasto,,,,,,,,,,,,,,,,,,,,,,
3992144,20211201,220173585,Instituto Purificense para la Recreación y el Deporte,2.1.2.01.01.003.03,"MAQUINARIA DE OFICINA, CONTABILIDAD E INFORMATICA",GASTOS,FUNCIONAMIENTO,ADQUISICION DE BIENES Y SERVICIOS,ADQUISICION DE ACTIVOS NO FINANCIEROS,ACTIVOS FIJOS,MAQUINARIA Y EQUIPO,"MAQUINARIA DE OFICINA, CONTABILIDAD E INFORMATICA",No Aplica,No Aplica,No Aplica,VIGENCIA ACTUAL,ENTIDADES DIFERENTES A ENTIDADES TERRITORIALES - GESTION GENERAL,NO DEFINIDO,NO DEFINIDO,NO DEFINIDO,5176489.0,7116489.0,2021,Cuarto Trimestre,pres_gasto,,,,,,,,,,,,,,,,,,,,,,
3992431,20220601,220173585,Instituto Purificense para la Recreación y el Deporte,2.1.1.01.01.001.08,PRESTACIONES SOCIALES,GASTOS,FUNCIONAMIENTO,GASTOS DE PERSONAL,PLANTA DE PERSONAL PERMANENTE,FACTORES CONSTITUTIVOS DE SALARIO,FACTORES SALARIALES COMUNES,PRESTACIONES SOCIALES,No Aplica,No Aplica,No Aplica,VIGENCIA ACTUAL,ENTIDADES DIFERENTES A ENTIDADES TERRITORIALES - GESTION GENERAL,NO DEFINIDO,NO DEFINIDO,NO DEFINIDO,12700000.0,12700000.0,2022,Segundo Trimestre,pres_gasto,,,,,,,,,,,,,,,,,,,,,,
3994832,20220301,220173585,Instituto Purificense para la Recreación y el Deporte,2.1.3.13,SENTENCIAS Y CONCILIACIONES,GASTOS,FUNCIONAMIENTO,TRANSFERENCIAS CORRIENTES,SENTENCIAS Y CONCILIACIONES,No Aplica,No Aplica,No Aplica,No Aplica,No Aplica,No Aplica,VIGENCIA ACTUAL,ENTIDADES DIFERENTES A ENTIDADES TERRITORIALES - GESTION GENERAL,NO DEFINIDO,NO DEFINIDO,NO DEFINIDO,0.0,70000000.0,2022,Primer Trimestre,pres_gasto,,,,,,,,,,,,,,,,,,,,,,
3997319,20230301,220173585,Instituto Purificense para la Recreación y el Deporte,2.1.2.02.02,ADQUISICION DE SERVICIOS,GASTOS,FUNCIONAMIENTO,ADQUISICION DE BIENES Y SERVICIOS,ADQUISICIONES DIFERENTES DE ACTIVOS,ADQUISICION DE SERVICIOS,No Aplica,No Aplica,No Aplica,No Aplica,No Aplica,VIGENCIA ACTUAL,ENTIDADES DIFERENTES A ENTIDADES TERRITORIALES - GESTION GENERAL,NO DEFINIDO,NO DEFINIDO,NO DEFINIDO,42840832.0,42840832.0,2023,Primer Trimestre,pres_gasto,,,,,,,,,,,,,,,,,,,,,,
4004941,20210901,220173585,Instituto Purificense para la Recreación y el Deporte,2.1.2.01.01.003.03,"MAQUINARIA DE OFICINA, CONTABILIDAD E INFORMATICA",GASTOS,FUNCIONAMIENTO,ADQUISICION DE BIENES Y SERVICIOS,ADQUISICION DE ACTIVOS NO FINANCIEROS,ACTIVOS FIJOS,MAQUINARIA Y EQUIPO,"MAQUINARIA DE OFICINA, CONTABILIDAD E INFORMATICA",No Aplica,No Aplica,No Aplica,VIGENCIA ACTUAL,ENTIDADES DIFERENTES A ENTIDADES TERRITORIALES - GESTION GENERAL,NO DEFINIDO,NO DEFINIDO,NO DEFINIDO,5176489.0,7116489.0,2021,Tercer Trimestre,pres_gasto,,,,,,,,,,,,,,,,,,,,,,
4009922,20210301,220173585,Instituto Purificense para la Recreación y el Deporte,2.1.2.02,ADQUISICIONES DIFERENTES DE ACTIVOS,GASTOS,FUNCIONAMIENTO,ADQUISICION DE BIENES Y SERVICIOS,ADQUISICIONES DIFERENTES DE ACTIVOS,No Aplica,No Aplica,No Aplica,No Aplica,No Aplica,No Aplica,VIGENCIA ACTUAL,ENTIDADES DIFERENTES A ENTIDADES TERRITORIALES - GESTION GENERAL,NO DEFINIDO,NO DEFINIDO,NO DEFINIDO,12502000.0,12502000.0,2021,Primer Trimestre,pres_gasto,,,,,,,,,,,,,,,,,,,,,,
4012846,20210301,220173585,Instituto Purificense para la Recreación y el Deporte,2.1.1.01.02.007,APORTES AL SENA,GASTOS,FUNCIONAMIENTO,GASTOS DE PERSONAL,PLANTA DE PERSONAL PERMANENTE,CONTRIBUCIONES INHERENTES A LA NOMINA,APORTES AL SENA,No Aplica,No Aplica,No Aplica,No Aplica,VIGENCIA ACTUAL,ENTIDADES DIFERENTES A ENTIDADES TERRITORIALES - GESTION GENERAL,NO DEFINIDO,NO DEFINIDO,NO DEFINIDO,1646000.0,1646000.0,2021,Primer Trimestre,pres_gasto,,,,,,,,,,,,,,,,,,,,,,
4013425,20220601,220173585,Instituto Purificense para la Recreación y el Deporte,2.1.1.01.01.001.08.01,PRIMA DE NAVIDAD,GASTOS,FUNCIONAMIENTO,GASTOS DE PERSONAL,PLANTA DE PERSONAL PERMANENTE,FACTORES CONSTITUTIVOS DE SALARIO,FACTORES SALARIALES COMUNES,PRESTACIONES SOCIALES,PRIMA DE NAVIDAD,No Aplica,No Aplica,VIGENCIA ACTUAL,ENTIDADES DIFERENTES A ENTIDADES TERRITORIALES - GESTION GENERAL,NO DEFINIDO,NO DEFINIDO,DEPORTE Y RECREACION,8500000.0,8500000.0,2022,Segundo Trimestre,pres_gasto,,,,,,,,,,,,,,,,,,,,,,
4018344,20230601,220173585,Instituto Purificense para la Recreación y el Deporte,2.1.1.01.03.001.01,VACACIONES,GASTOS,FUNCIONAMIENTO,GASTOS DE PERSONAL,PLANTA DE PERSONAL PERMANENTE,REMUNERACIONES NO CONSTITUTIVAS DE FACTOR SALARIAL,PRESTACIONES SOCIALES,VACACIONES,No Aplica,No Aplica,No Aplica,VIGENCIA ACTUAL,ENTIDADES DIFERENTES A ENTIDADES TERRITORIALES - GESTION GENERAL,NO DEFINIDO,NO DEFINIDO,DEPORTE Y RECREACION,7500000.0,7500000.0,2023,Segundo Trimestre,pres_gasto,,,,,,,,,,,,,,,,,,,,,,
4027521,20220301,220173585,Instituto Purificense para la Recreación y el Deporte,2.1.1.01.01.001.08.01,PRIMA DE NAVIDAD,GASTOS,FUNCIONAMIENTO,GASTOS DE PERSONAL,PLANTA DE PERSONAL PERMANENTE,FACTORES CONSTITUTIVOS DE SALARIO,FACTORES SALARIALES COMUNES,PRESTACIONES SOCIALES,PRIMA DE NAVIDAD,No Aplica,No Aplica,VIGENCIA ACTUAL,ENTIDADES DIFERENTES A ENTIDADES TERRITORIALES - GESTION GENERAL,NO DEFINIDO,NO DEFINIDO,DEPORTE Y RECREACION,8500000.0,8500000.0,2022,Primer Trimestre,pres_gasto,,,,,,,,,,,,,,,,,,,,,,
4037761,20210901,220173585,Instituto Purificense para la Recreación y el Deporte,2,GASTOS,GASTOS,No Aplica,No Aplica,No Aplica,No Aplica,No Aplica,No Aplica,No Aplica,No Aplica,No Aplica,VIGENCIA ACTUAL,ENTIDADES DIFERENTES A ENTIDADES TERRITORIALES - GESTION GENERAL,NO DEFINIDO,NO DEFINIDO,NO DEFINIDO,431000000.0,636000000.0,2021,Tercer Trimestre,pres_gasto,,,,,,,,,,,,,,,,,,,,,,
4040106,20220901,220173585,Instituto Purificense para la Recreación y el Deporte,2.1.8.05,"MULTAS, SANCIONES E INTERESES DE MORA",GASTOS,FUNCIONAMIENTO,"GASTOS POR TRIBUTOS, TASAS, CONTRIBUCIONES, MULTAS, SANCIONES E INTERESES DE MORA","MULTAS, SANCIONES E INTERESES DE MORA",No Aplica,No Aplica,No Aplica,No Aplica,No Aplica,No Aplica,VIGENCIA ACTUAL,ENTIDADES DIFERENTES A ENTIDADES TERRITORIALES - GESTION GENERAL,NO DEFINIDO,NO DEFINIDO,NO DEFINIDO,2000.0,2000.0,2022,Tercer Trimestre,pres_gasto,,,,,,,,,,,,,,,,,,,,,,
4041292,20211201,220173585,Instituto Purificense para la Recreación y el Deporte,2,GASTOS,GASTOS,No Aplica,No Aplica,No Aplica,No Aplica,No Aplica,No Aplica,No Aplica,No Aplica,No Aplica,VIGENCIA ACTUAL,ENTIDADES DIFERENTES A ENTIDADES TERRITORIALES - GESTION GENERAL,NO DEFINIDO,NO DEFINIDO,NO DEFINIDO,431000000.0,668863847.0,2021,Cuarto Trimestre,pres_gasto,,,,,,,,,,,,,,,,,,,,,,
4047177,20211201,220173585,Instituto Purificense para la Recreación y el Deporte,2.1.8,"GASTOS POR TRIBUTOS, TASAS, CONTRIBUCIONES, MULTAS, SANCIONES E INTERESES DE MORA",GASTOS,FUNCIONAMIENTO,"GASTOS POR TRIBUTOS, TASAS, CONTRIBUCIONES, MULTAS, SANCIONES E INTERESES DE MORA",No Aplica,No Aplica,No Aplica,No Aplica,No Aplica,No Aplica,No Aplica,VIGENCIA ACTUAL,ENTIDADES DIFERENTES A ENTIDADES TERRITORIALES - GESTION GENERAL,NO DEFINIDO,NO DEFINIDO,NO DEFINIDO,2000.0,1152000.0,2021,Cuarto Trimestre,pres_gasto,,,,,,,,,,,,,,,,,,,,,,
4048367,20220301,220173585,Instituto Purificense para la Recreación y el Deporte,2.1.3.13.01,FALLOS NACIONALES,GASTOS,FUNCIONAMIENTO,TRANSFERENCIAS CORRIENTES,SENTENCIAS Y CONCILIACIONES,FALLOS NACIONALES,No Aplica,No Aplica,No Aplica,No Aplica,No Aplica,VIGENCIA ACTUAL,ENTIDADES DIFERENTES A ENTIDADES TERRITORIALES - GESTION GENERAL,NO DEFINIDO,NO DEFINIDO,NO DEFINIDO,0.0,70000000.0,2022,Primer Trimestre,pres_gasto,,,,,,,,,,,,,,,,,,,,,,
4050864,20221201,220173585,Instituto Purificense para la Recreación y el Deporte,2.1.1.01.03.001.01,VACACIONES,GASTOS,FUNCIONAMIENTO,GASTOS DE PERSONAL,PLANTA DE PERSONAL PERMANENTE,REMUNERACIONES NO CONSTITUTIVAS DE FACTOR SALARIAL,PRESTACIONES SOCIALES,VACACIONES,No Aplica,No Aplica,No Aplica,VIGENCIA ACTUAL,ENTIDADES DIFERENTES A ENTIDADES TERRITORIALES - GESTION GENERAL,NO DEFINIDO,NO DEFINIDO,DEPORTE Y RECREACION,6500000.0,4450000.0,2022,Cuarto Trimestre,pres_gasto,,,,,,,,,,,,,,,,,,,,,,
4051075,20220901,220173585,Instituto Purificense para la Recreación y el Deporte,2.1.2.02.02.008,SERVICIOS PRESTADOS A LAS EMPRESAS Y SERVICIOS DE PRODUCCION,GASTOS,FUNCIONAMIENTO,ADQUISICION DE BIENES Y SERVICIOS,ADQUISICIONES DIFERENTES DE ACTIVOS,ADQUISICION DE SERVICIOS,SERVICIOS PRESTADOS A LAS EMPRESAS Y SERVICIOS DE PRODUCCION,No Aplica,No Aplica,No Aplica,No Aplica,VIGENCIA ACTUAL,ENTIDADES DIFERENTES A ENTIDADES TERRITORIALES - GESTION GENERAL,NO DEFINIDO,NO DEFINIDO,DEPORTE Y RECREACION,8600000.0,8600000.0,2022,Tercer Trimestre,pres_gasto,,,,,,,,,,,,,,,,,,,,,,
4051575,20220301,220173585,Instituto Purificense para la Recreación y el Deporte,2.1.1.02.01,FACTORES CONSTITUTIVOS DE SALARIO,GASTOS,FUNCIONAMIENTO,GASTOS DE PERSONAL,PERSONAL SUPERNUMERARIO Y PLANTA TEMPORAL,FACTORES CONSTITUTIVOS DE SALARIO,No Aplica,No Aplica,No Aplica,No Aplica,No Aplica,VIGENCIA ACTUAL,ENTIDADES DIFERENTES A ENTIDADES TERRITORIALES - GESTION GENERAL,NO DEFINIDO,NO DEFINIDO,NO DEFINIDO,26400000.0,26400000.0,2022,Primer Trimestre,pres_gasto,,,,,,,,,,,,,,,,,,,,,,
4094702,20210301,220173585,Instituto Purificense para la Recreación y el Deporte,2.1.1.01.01.001.05,AUXILIO DE TRANSPORTE,GASTOS,FUNCIONAMIENTO,GASTOS DE PERSONAL,PLANTA DE PERSONAL PERMANENTE,FACTORES CONSTITUTIVOS DE SALARIO,FACTORES SALARIALES COMUNES,AUXILIO DE TRANSPORTE,No Aplica,No Aplica,No Aplica,VIGENCIA ACTUAL,ENTIDADES DIFERENTES A ENTIDADES TERRITORIALES - GESTION GENERAL,NO DEFINIDO,NO DEFINIDO,NO DEFINIDO,1400000.0,1400000.0,2021,Primer Trimestre,pres_gasto,,,,,,,,,,,,,,,,,,,,,,
4096046,20220901,220173585,Instituto Purificense para la Recreación y el Deporte,2.1.1.02.01,FACTORES CONSTITUTIVOS DE SALARIO,GASTOS,FUNCIONAMIENTO,GASTOS DE PERSONAL,PERSONAL SUPERNUMERARIO Y PLANTA TEMPORAL,FACTORES CONSTITUTIVOS DE SALARIO,No Aplica,No Aplica,No Aplica,No Aplica,No Aplica,VIGENCIA ACTUAL,ENTIDADES DIFERENTES A ENTIDADES TERRITORIALES - GESTION GENERAL,NO DEFINIDO,NO DEFINIDO,NO DEFINIDO,56400000.0,56400000.0,2022,Tercer Trimestre,pres_gasto,,,,,,,,,,,,,,,,,,,,,,
4096126,20230301,220173585,Instituto Purificense para la Recreación y el Deporte,2.1.2,ADQUISICION DE BIENES Y SERVICIOS,GASTOS,FUNCIONAMIENTO,ADQUISICION DE BIENES Y SERVICIOS,No Aplica,No Aplica,No Aplica,No Aplica,No Aplica,No Aplica,No Aplica,VIGENCIA ACTUAL,ENTIDADES DIFERENTES A ENTIDADES TERRITORIALES - GESTION GENERAL,NO DEFINIDO,NO DEFINIDO,NO DEFINIDO,42840832.0,42840832.0,2023,Primer Trimestre,pres_gasto,,,,,,,,,,,,,,,,,,,,,,
4102606,20220901,220173585,Instituto Purificense para la Recreación y el Deporte,2.1.8.05.01,MULTAS Y SANCIONES,GASTOS,FUNCIONAMIENTO,"GASTOS POR TRIBUTOS, TASAS, CONTRIBUCIONES, MULTAS, SANCIONES E INTERESES DE MORA","MULTAS, SANCIONES E INTERESES DE MORA",MULTAS Y SANCIONES,No Aplica,No Aplica,No Aplica,No Aplica,No Aplica,VIGENCIA ACTUAL,ENTIDADES DIFERENTES A ENTIDADES TERRITORIALES - GESTION GENERAL,NO DEFINIDO,NO DEFINIDO,NO DEFINIDO,2000.0,2000.0,2022,Tercer Trimestre,pres_gasto,,,,,,,,,,,,,,,,,,,,,,
4105315,20220601,220173585,Instituto Purificense para la Recreación y el Deporte,2.1.2,ADQUISICION DE BIENES Y SERVICIOS,GASTOS,FUNCIONAMIENTO,ADQUISICION DE BIENES Y SERVICIOS,No Aplica,No Aplica,No Aplica,No Aplica,No Aplica,No Aplica,No Aplica,VIGENCIA ACTUAL,ENTIDADES DIFERENTES A ENTIDADES TERRITORIALES - GESTION GENERAL,NO DEFINIDO,NO DEFINIDO,NO DEFINIDO,35000000.0,35000000.0,2022,Segundo Trimestre,pres_gasto,,,,,,,,,,,,,,,,,,,,,,
4108971,20220301,220173585,Instituto Purificense para la Recreación y el Deporte,2,GASTOS,GASTOS,No Aplica,No Aplica,No Aplica,No Aplica,No Aplica,No Aplica,No Aplica,No Aplica,No Aplica,VIGENCIA ACTUAL,ENTIDADES DIFERENTES A ENTIDADES TERRITORIALES - GESTION GENERAL,NO DEFINIDO,NO DEFINIDO,NO DEFINIDO,688072000.0,790945841.0,2022,Primer Trimestre,pres_gasto,,,,,,,,,,,,,,,,,,,,,,
4109498,20220901,220173585,Instituto Purificense para la Recreación y el Deporte,2.1.3.13.01,FALLOS NACIONALES,GASTOS,FUNCIONAMIENTO,TRANSFERENCIAS CORRIENTES,SENTENCIAS Y CONCILIACIONES,FALLOS NACIONALES,No Aplica,No Aplica,No Aplica,No Aplica,No Aplica,VIGENCIA ACTUAL,ENTIDADES DIFERENTES A ENTIDADES TERRITORIALES - GESTION GENERAL,NO DEFINIDO,NO DEFINIDO,NO DEFINIDO,0.0,70000000.0,2022,Tercer Trimestre,pres_gasto,,,,,,,,,,,,,,,,,,,,,,
4122734,20220601,220173585,Instituto Purificense para la Recreación y el Deporte,2.1.8.01,IMPUESTOS,GASTOS,FUNCIONAMIENTO,"GASTOS POR TRIBUTOS, TASAS, CONTRIBUCIONES, MULTAS, SANCIONES E INTERESES DE MORA",IMPUESTOS,No Aplica,No Aplica,No Aplica,No Aplica,No Aplica,No Aplica,VIGENCIA ACTUAL,ENTIDADES DIFERENTES A ENTIDADES TERRITORIALES - GESTION GENERAL,NO DEFINIDO,NO DEFINIDO,NO DEFINIDO,2000000.0,2000000.0,2022,Segundo Trimestre,pres_gasto,,,,,,,,,,,,,,,,,,,,,,
4127649,20230301,220173585,Instituto Purificense para la Recreación y el Deporte,2.1.2.02.02.008,SERVICIOS PRESTADOS A LAS EMPRESAS Y SERVICIOS DE PRODUCCION,GASTOS,FUNCIONAMIENTO,ADQUISICION DE BIENES Y SERVICIOS,ADQUISICIONES DIFERENTES DE ACTIVOS,ADQUISICION DE SERVICIOS,SERVICIOS PRESTADOS A LAS EMPRESAS Y SERVICIOS DE PRODUCCION,No Aplica,No Aplica,No Aplica,No Aplica,VIGENCIA ACTUAL,ENTIDADES DIFERENTES A ENTIDADES TERRITORIALES - GESTION GENERAL,NO DEFINIDO,NO DEFINIDO,DEPORTE Y RECREACION,20000000.0,20000000.0,2023,Primer Trimestre,pres_gasto,,,,,,,,,,,,,,,,,,,,,,
4130769,20210601,220173585,Instituto Purificense para la Recreación y el Deporte,2.1.2.01.01,ACTIVOS FIJOS,GASTOS,FUNCIONAMIENTO,ADQUISICION DE BIENES Y SERVICIOS,ADQUISICION DE ACTIVOS NO FINANCIEROS,ACTIVOS FIJOS,No Aplica,No Aplica,No Aplica,No Aplica,No Aplica,VIGENCIA ACTUAL,ENTIDADES DIFERENTES A ENTIDADES TERRITORIALES - GESTION GENERAL,NO DEFINIDO,NO DEFINIDO,NO DEFINIDO,5176489.0,6676489.0,2021,Segundo Trimestre,pres_gasto,,,,,,,,,,,,,,,,,,,,,,
4133245,20210301,220173585,Instituto Purificense para la Recreación y el Deporte,2.1.3.13.01.002,CONCILIACIONES,GASTOS,FUNCIONAMIENTO,TRANSFERENCIAS CORRIENTES,SENTENCIAS Y CONCILIACIONES,FALLOS NACIONALES,CONCILIACIONES,No Aplica,No Aplica,No Aplica,No Aplica,VIGENCIA ACTUAL,ENTIDADES DIFERENTES A ENTIDADES TERRITORIALES - GESTION GENERAL,NO DEFINIDO,NO DEFINIDO,NO DEFINIDO,0.0,110000000.0,2021,Primer Trimestre,pres_gasto,,,,,,,,,,,,,,,,,,,,,,
4135921,20220901,220173585,Instituto Purificense para la Recreación y el Deporte,2.1,FUNCIONAMIENTO,GASTOS,FUNCIONAMIENTO,No Aplica,No Aplica,No Aplica,No Aplica,No Aplica,No Aplica,No Aplica,No Aplica,VIGENCIA ACTUAL,ENTIDADES DIFERENTES A ENTIDADES TERRITORIALES - GESTION GENERAL,NO DEFINIDO,NO DEFINIDO,NO DEFINIDO,254000000.0,324000000.0,2022,Tercer Trimestre,pres_gasto,,,,,,,,,,,,,,,,,,,,,,
4139339,20230601,220173585,Instituto Purificense para la Recreación y el Deporte,2.1.1.01.03,REMUNERACIONES NO CONSTITUTIVAS DE FACTOR SALARIAL,GASTOS,FUNCIONAMIENTO,GASTOS DE PERSONAL,PLANTA DE PERSONAL PERMANENTE,REMUNERACIONES NO CONSTITUTIVAS DE FACTOR SALARIAL,No Aplica,No Aplica,No Aplica,No Aplica,No Aplica,VIGENCIA ACTUAL,ENTIDADES DIFERENTES A ENTIDADES TERRITORIALES - GESTION GENERAL,NO DEFINIDO,NO DEFINIDO,NO DEFINIDO,7500000.0,7500000.0,2023,Segundo Trimestre,pres_gasto,,,,,,,,,,,,,,,,,,,,,,
4141826,20230601,220173585,Instituto Purificense para la Recreación y el Deporte,2.1.1.01.02.004,APORTES A CAJAS DE COMPENSACION FAMILIAR,GASTOS,FUNCIONAMIENTO,GASTOS DE PERSONAL,PLANTA DE PERSONAL PERMANENTE,CONTRIBUCIONES INHERENTES A LA NOMINA,APORTES A CAJAS DE COMPENSACION FAMILIAR,No Aplica,No Aplica,No Aplica,No Aplica,VIGENCIA ACTUAL,ENTIDADES DIFERENTES A ENTIDADES TERRITORIALES - GESTION GENERAL,NO DEFINIDO,NO DEFINIDO,DEPORTE Y RECREACION,4430882.0,4430882.0,2023,Segundo Trimestre,pres_gasto,,,,,,,,,,,,,,,,,,,,,,
4143617,20230601,220173585,Instituto Purificense para la Recreación y el Deporte,2.1.1.01.01.001.01,SUELDO BASICO,GASTOS,FUNCIONAMIENTO,GASTOS DE PERSONAL,PLANTA DE PERSONAL PERMANENTE,FACTORES CONSTITUTIVOS DE SALARIO,FACTORES SALARIALES COMUNES,SUELDO BASICO,No Aplica,No Aplica,No Aplica,VIGENCIA ACTUAL,ENTIDADES DIFERENTES A ENTIDADES TERRITORIALES - GESTION GENERAL,NO DEFINIDO,NO DEFINIDO,DEPORTE Y RECREACION,110772054.0,110772054.0,2023,Segundo Trimestre,pres_gasto,,,,,,,,,,,,,,,,,,,,,,
4149681,20210601,220173585,Instituto Purificense para la Recreación y el Deporte,2.1.1.01.01.001.05,AUXILIO DE TRANSPORTE,GASTOS,FUNCIONAMIENTO,GASTOS DE PERSONAL,PLANTA DE PERSONAL PERMANENTE,FACTORES CONSTITUTIVOS DE SALARIO,FACTORES SALARIALES COMUNES,AUXILIO DE TRANSPORTE,No Aplica,No Aplica,No Aplica,VIGENCIA ACTUAL,ENTIDADES DIFERENTES A ENTIDADES TERRITORIALES - GESTION GENERAL,NO DEFINIDO,NO DEFINIDO,DEPORTE Y RECREACION,1400000.0,1400000.0,2021,Segundo Trimestre,pres_gasto,,,,,,,,,,,,,,,,,,,,,,
4150450,20220901,220173585,Instituto Purificense para la Recreación y el Deporte,2.1.1.01.02,CONTRIBUCIONES INHERENTES A LA NOMINA,GASTOS,FUNCIONAMIENTO,GASTOS DE PERSONAL,PLANTA DE PERSONAL PERMANENTE,CONTRIBUCIONES INHERENTES A LA NOMINA,No Aplica,No Aplica,No Aplica,No Aplica,No Aplica,VIGENCIA ACTUAL,ENTIDADES DIFERENTES A ENTIDADES TERRITORIALES - GESTION GENERAL,NO DEFINIDO,NO DEFINIDO,NO DEFINIDO,36651032.0,36956632.0,2022,Tercer Trimestre,pres_gasto,,,,,,,,,,,,,,,,,,,,,,
4165898,20220901,220173585,Instituto Purificense para la Recreación y el Deporte,2.1.1.01.02.001,APORTES A LA SEGURIDAD SOCIAL EN PENSIONES,GASTOS,FUNCIONAMIENTO,GASTOS DE PERSONAL,PLANTA DE PERSONAL PERMANENTE,CONTRIBUCIONES INHERENTES A LA NOMINA,APORTES A LA SEGURIDAD SOCIAL EN PENSIONES,No Aplica,No Aplica,No Aplica,No Aplica,VIGENCIA ACTUAL,ENTIDADES DIFERENTES A ENTIDADES TERRITORIALES - GESTION GENERAL,NO DEFINIDO,NO DEFINIDO,DEPORTE Y RECREACION,11483796.0,11483796.0,2022,Tercer Trimestre,pres_gasto,,,,,,,,,,,,,,,,,,,,,,
4173598,20230601,220173585,Instituto Purificense para la Recreación y el Deporte,2.1.1.01,PLANTA DE PERSONAL PERMANENTE,GASTOS,FUNCIONAMIENTO,GASTOS DE PERSONAL,PLANTA DE PERSONAL PERMANENTE,No Aplica,No Aplica,No Aplica,No Aplica,No Aplica,No Aplica,VIGENCIA ACTUAL,ENTIDADES DIFERENTES A ENTIDADES TERRITORIALES - GESTION GENERAL,NO DEFINIDO,NO DEFINIDO,NO DEFINIDO,181199168.0,181199168.0,2023,Segundo Trimestre,pres_gasto,,,,,,,,,,,,,,,,,,,,,,
4176762,20210301,220173585,Instituto Purificense para la Recreación y el Deporte,2.1.1.01.02.001,APORTES A LA SEGURIDAD SOCIAL EN PENSIONES,GASTOS,FUNCIONAMIENTO,GASTOS DE PERSONAL,PLANTA DE PERSONAL PERMANENTE,CONTRIBUCIONES INHERENTES A LA NOMINA,APORTES A LA SEGURIDAD SOCIAL EN PENSIONES,No Aplica,No Aplica,No Aplica,No Aplica,VIGENCIA ACTUAL,ENTIDADES DIFERENTES A ENTIDADES TERRITORIALES - GESTION GENERAL,NO DEFINIDO,NO DEFINIDO,NO DEFINIDO,9881013.0,9881013.0,2021,Primer Trimestre,pres_gasto,,,,,,,,,,,,,,,,,,,,,,
4183428,20210901,220173585,Instituto Purificense para la Recreación y el Deporte,2.1.1.02.01.001.01,SUELDO BASICO,GASTOS,FUNCIONAMIENTO,GASTOS DE PERSONAL,PERSONAL SUPERNUMERARIO Y PLANTA TEMPORAL,FACTORES CONSTITUTIVOS DE SALARIO,FACTORES SALARIALES COMUNES,SUELDO BASICO,No Aplica,No Aplica,No Aplica,VIGENCIA ACTUAL,ENTIDADES DIFERENTES A ENTIDADES TERRITORIALES - GESTION GENERAL,NO DEFINIDO,NO DEFINIDO,DEPORTE Y RECREACION,40000000.0,42650000.0,2021,Tercer Trimestre,pres_gasto,,,,,,,,,,,,,,,,,,,,,,
4187557,20230601,220173585,Instituto Purificense para la Recreación y el Deporte,2.1.2.02.02.008,SERVICIOS PRESTADOS A LAS EMPRESAS Y SERVICIOS DE PRODUCCION,GASTOS,FUNCIONAMIENTO,ADQUISICION DE BIENES Y SERVICIOS,ADQUISICIONES DIFERENTES DE ACTIVOS,ADQUISICION DE SERVICIOS,SERVICIOS PRESTADOS A LAS EMPRESAS Y SERVICIOS DE PRODUCCION,No Aplica,No Aplica,No Aplica,No Aplica,VIGENCIA ACTUAL,ENTIDADES DIFERENTES A ENTIDADES TERRITORIALES - GESTION GENERAL,NO DEFINIDO,NO DEFINIDO,DEPORTE Y RECREACION,20000000.0,19000000.0,2023,Segundo Trimestre,pres_gasto,,,,,,,,,,,,,,,,,,,,,,
4188211,20220601,220173585,Instituto Purificense para la Recreación y el Deporte,2.1.1.01.02.006,APORTES AL ICBF,GASTOS,FUNCIONAMIENTO,GASTOS DE PERSONAL,PLANTA DE PERSONAL PERMANENTE,CONTRIBUCIONES INHERENTES A LA NOMINA,APORTES AL ICBF,No Aplica,No Aplica,No Aplica,No Aplica,VIGENCIA ACTUAL,ENTIDADES DIFERENTES A ENTIDADES TERRITORIALES - GESTION GENERAL,NO DEFINIDO,NO DEFINIDO,DEPORTE Y RECREACION,2870690.0,2870690.0,2022,Segundo Trimestre,pres_gasto,,,,,,,,,,,,,,,,,,,,,,
4201907,20221201,220173585,Instituto Purificense para la Recreación y el Deporte,2.1.8.05.01,MULTAS Y SANCIONES,GASTOS,FUNCIONAMIENTO,"GASTOS POR TRIBUTOS, TASAS, CONTRIBUCIONES, MULTAS, SANCIONES E INTERESES DE MORA","MULTAS, SANCIONES E INTERESES DE MORA",MULTAS Y SANCIONES,No Aplica,No Aplica,No Aplica,No Aplica,No Aplica,VIGENCIA ACTUAL,ENTIDADES DIFERENTES A ENTIDADES TERRITORIALES - GESTION GENERAL,NO DEFINIDO,NO DEFINIDO,NO DEFINIDO,2000.0,2000.0,2022,Cuarto Trimestre,pres_gasto,,,,,,,,,,,,,,,,,,,,,,
4203152,20210301,220173585,Instituto Purificense para la Recreación y el Deporte,2.1.1.01.02.005,APORTES GENERALES AL SISTEMA DE RIESGOS LABORALES,GASTOS,FUNCIONAMIENTO,GASTOS DE PERSONAL,PLANTA DE PERSONAL PERMANENTE,CONTRIBUCIONES INHERENTES A LA NOMINA,APORTES GENERALES AL SISTEMA DE RIESGOS LABORALES,No Aplica,No Aplica,No Aplica,No Aplica,VIGENCIA ACTUAL,ENTIDADES DIFERENTES A ENTIDADES TERRITORIALES - GESTION GENERAL,NO DEFINIDO,NO DEFINIDO,NO DEFINIDO,450000.0,450000.0,2021,Primer Trimestre,pres_gasto,,,,,,,,,,,,,,,,,,,,,,
4203327,20211201,220173585,Instituto Purificense para la Recreación y el Deporte,2.1.1.01.01.001.08.02,PRIMA DE VACACIONES,GASTOS,FUNCIONAMIENTO,GASTOS DE PERSONAL,PLANTA DE PERSONAL PERMANENTE,FACTORES CONSTITUTIVOS DE SALARIO,FACTORES SALARIALES COMUNES,PRESTACIONES SOCIALES,PRIMA DE VACACIONES,No Aplica,No Aplica,VIGENCIA ACTUAL,ENTIDADES DIFERENTES A ENTIDADES TERRITORIALES - GESTION GENERAL,NO DEFINIDO,NO DEFINIDO,DEPORTE Y RECREACION,3500000.0,3800000.0,2021,Cuarto Trimestre,pres_gasto,,,,,,,,,,,,,,,,,,,,,,
4203378,20230301,220173585,Instituto Purificense para la Recreación y el Deporte,2.1.1.01.02.003,APORTES DE CESANTIAS,GASTOS,FUNCIONAMIENTO,GASTOS DE PERSONAL,PLANTA DE PERSONAL PERMANENTE,CONTRIBUCIONES INHERENTES A LA NOMINA,APORTES DE CESANTIAS,No Aplica,No Aplica,No Aplica,No Aplica,VIGENCIA ACTUAL,ENTIDADES DIFERENTES A ENTIDADES TERRITORIALES - GESTION GENERAL,NO DEFINIDO,NO DEFINIDO,DEPORTE Y RECREACION,10700000.0,10700000.0,2023,Primer Trimestre,pres_gasto,,,,,,,,,,,,,,,,,,,,,,
4204119,20221201,220173585,Instituto Purificense para la Recreación y el Deporte,2.1.1.01.01,FACTORES CONSTITUTIVOS DE SALARIO,GASTOS,FUNCIONAMIENTO,GASTOS DE PERSONAL,PLANTA DE PERSONAL PERMANENTE,FACTORES CONSTITUTIVOS DE SALARIO,No Aplica,No Aplica,No Aplica,No Aplica,No Aplica,VIGENCIA ACTUAL,ENTIDADES DIFERENTES A ENTIDADES TERRITORIALES - GESTION GENERAL,NO DEFINIDO,NO DEFINIDO,NO DEFINIDO,112589681.0,112639681.0,2022,Cuarto Trimestre,pres_gasto,,,,,,,,,,,,,,,,,,,,,,
4205578,20220301,220173585,Instituto Purificense para la Recreación y el Deporte,2.1.5.02.09,"SERVICIOS PARA LA COMUNIDAD, SOCIALES Y PERSONALES",GASTOS,FUNCIONAMIENTO,GASTOS DE COMERCIALIZACION Y PRODUCCION,ADQUISICION DE SERVICIOS,"SERVICIOS PARA LA COMUNIDAD, SOCIALES Y PERSONALES",No Aplica,No Aplica,No Aplica,No Aplica,No Aplica,VIGENCIA ACTUAL,ENTIDADES DIFERENTES A ENTIDADES TERRITORIALES - GESTION GENERAL,NO DEFINIDO,NO DEFINIDO,DEPORTE Y RECREACION,34857287.0,34551687.0,2022,Primer Trimestre,pres_gasto,,,,,,,,,,,,,,,,,,,,,,
4208011,20210901,220173585,Instituto Purificense para la Recreación y el Deporte,2.1.1.01.03,REMUNERACIONES NO CONSTITUTIVAS DE FACTOR SALARIAL,GASTOS,FUNCIONAMIENTO,GASTOS DE PERSONAL,PLANTA DE PERSONAL PERMANENTE,REMUNERACIONES NO CONSTITUTIVAS DE FACTOR SALARIAL,No Aplica,No Aplica,No Aplica,No Aplica,No Aplica,VIGENCIA ACTUAL,ENTIDADES DIFERENTES A ENTIDADES TERRITORIALES - GESTION GENERAL,NO DEFINIDO,NO DEFINIDO,NO DEFINIDO,3000000.0,4820000.0,2021,Tercer Trimestre,pres_gasto,,,,,,,,,,,,,,,,,,,,,,
4213472,20210601,220173585,Instituto Purificense para la Recreación y el Deporte,2.1.3.13.01.002,CONCILIACIONES,GASTOS,FUNCIONAMIENTO,TRANSFERENCIAS CORRIENTES,SENTENCIAS Y CONCILIACIONES,FALLOS NACIONALES,CONCILIACIONES,No Aplica,No Aplica,No Aplica,No Aplica,VIGENCIA ACTUAL,ENTIDADES DIFERENTES A ENTIDADES TERRITORIALES - GESTION GENERAL,NO DEFINIDO,NO DEFINIDO,DEPORTE Y RECREACION,0.0,112050000.0,2021,Segundo Trimestre,pres_gasto,,,,,,,,,,,,,,,,,,,,,,
4216696,20220301,220173585,Instituto Purificense para la Recreación y el Deporte,2.1.8,"GASTOS POR TRIBUTOS, TASAS, CONTRIBUCIONES, MULTAS, SANCIONES E INTERESES DE MORA",GASTOS,FUNCIONAMIENTO,"GASTOS POR TRIBUTOS, TASAS, CONTRIBUCIONES, MULTAS, SANCIONES E INTERESES DE MORA",No Aplica,No Aplica,No Aplica,No Aplica,No Aplica,No Aplica,No Aplica,VIGENCIA ACTUAL,ENTIDADES DIFERENTES A ENTIDADES TERRITORIALES - GESTION GENERAL,NO DEFINIDO,NO DEFINIDO,NO DEFINIDO,2002000.0,2002000.0,2022,Primer Trimestre,pres_gasto,,,,,,,,,,,,,,,,,,,,,,
4218685,20230301,220173585,Instituto Purificense para la Recreación y el Deporte,2.1.1.01.01.001.08.01,PRIMA DE NAVIDAD,GASTOS,FUNCIONAMIENTO,GASTOS DE PERSONAL,PLANTA DE PERSONAL PERMANENTE,FACTORES CONSTITUTIVOS DE SALARIO,FACTORES SALARIALES COMUNES,PRESTACIONES SOCIALES,PRIMA DE NAVIDAD,No Aplica,No Aplica,VIGENCIA ACTUAL,ENTIDADES DIFERENTES A ENTIDADES TERRITORIALES - GESTION GENERAL,NO DEFINIDO,NO DEFINIDO,DEPORTE Y RECREACION,8500000.0,8500000.0,2023,Primer Trimestre,pres_gasto,,,,,,,,,,,,,,,,,,,,,,
4232111,20210601,220173585,Instituto Purificense para la Recreación y el Deporte,2.1.1.02.01,FACTORES CONSTITUTIVOS DE SALARIO,GASTOS,FUNCIONAMIENTO,GASTOS DE PERSONAL,PERSONAL SUPERNUMERARIO Y PLANTA TEMPORAL,FACTORES CONSTITUTIVOS DE SALARIO,No Aplica,No Aplica,No Aplica,No Aplica,No Aplica,VIGENCIA ACTUAL,ENTIDADES DIFERENTES A ENTIDADES TERRITORIALES - GESTION GENERAL,NO DEFINIDO,NO DEFINIDO,NO DEFINIDO,40000000.0,40650000.0,2021,Segundo Trimestre,pres_gasto,,,,,,,,,,,,,,,,,,,,,,
4238984,20221201,220173585,Instituto Purificense para la Recreación y el Deporte,2.1.1.01.03.001,PRESTACIONES SOCIALES,GASTOS,FUNCIONAMIENTO,GASTOS DE PERSONAL,PLANTA DE PERSONAL PERMANENTE,REMUNERACIONES NO CONSTITUTIVAS DE FACTOR SALARIAL,PRESTACIONES SOCIALES,No Aplica,No Aplica,No Aplica,No Aplica,VIGENCIA ACTUAL,ENTIDADES DIFERENTES A ENTIDADES TERRITORIALES - GESTION GENERAL,NO DEFINIDO,NO DEFINIDO,NO DEFINIDO,6500000.0,4450000.0,2022,Cuarto Trimestre,pres_gasto,,,,,,,,,,,,,,,,,,,,,,
4240680,20210601,220173585,Instituto Purificense para la Recreación y el Deporte,2.1.1.01.02,CONTRIBUCIONES INHERENTES A LA NOMINA,GASTOS,FUNCIONAMIENTO,GASTOS DE PERSONAL,PLANTA DE PERSONAL PERMANENTE,CONTRIBUCIONES INHERENTES A LA NOMINA,No Aplica,No Aplica,No Aplica,No Aplica,No Aplica,VIGENCIA ACTUAL,ENTIDADES DIFERENTES A ENTIDADES TERRITORIALES - GESTION GENERAL,NO DEFINIDO,NO DEFINIDO,NO DEFINIDO,32579735.0,32729735.0,2021,Segundo Trimestre,pres_gasto,,,,,,,,,,,,,,,,,,,,,,
4241567,20210901,220173585,Instituto Purificense para la Recreación y el Deporte,2.99,INVERSIÓN CONSOLIDADA,GASTOS,INVERSIÓN CONSOLIDADA,No Aplica,No Aplica,No Aplica,No Aplica,No Aplica,No Aplica,No Aplica,No Aplica,VIGENCIA ACTUAL,ENTIDADES DIFERENTES A ENTIDADES TERRITORIALES - GESTION GENERAL,NO DEFINIDO,NO DEFINIDO,DEPORTE Y RECREACION,234000000.0,329000000.0,2021,Tercer Trimestre,pres_gasto,,,,,,,,,,,,,,,,,,,,,,
4243630,20210901,220173585,Instituto Purificense para la Recreación y el Deporte,2.1.1.01.02.005,APORTES GENERALES AL SISTEMA DE RIESGOS LABORALES,GASTOS,FUNCIONAMIENTO,GASTOS DE PERSONAL,PLANTA DE PERSONAL PERMANENTE,CONTRIBUCIONES INHERENTES A LA NOMINA,APORTES GENERALES AL SISTEMA DE RIESGOS LABORALES,No Aplica,No Aplica,No Aplica,No Aplica,VIGENCIA ACTUAL,ENTIDADES DIFERENTES A ENTIDADES TERRITORIALES - GESTION GENERAL,NO DEFINIDO,NO DEFINIDO,DEPORTE Y RECREACION,450000.0,450000.0,2021,Tercer Trimestre,pres_gasto,,,,,,,,,,,,,,,,,,,,,,
4251822,20220301,220173585,Instituto Purificense para la Recreación y el Deporte,2.1.1.01.03.001,PRESTACIONES SOCIALES,GASTOS,FUNCIONAMIENTO,GASTOS DE PERSONAL,PLANTA DE PERSONAL PERMANENTE,REMUNERACIONES NO CONSTITUTIVAS DE FACTOR SALARIAL,PRESTACIONES SOCIALES,No Aplica,No Aplica,No Aplica,No Aplica,VIGENCIA ACTUAL,ENTIDADES DIFERENTES A ENTIDADES TERRITORIALES - GESTION GENERAL,NO DEFINIDO,NO DEFINIDO,NO DEFINIDO,6500000.0,6500000.0,2022,Primer Trimestre,pres_gasto,,,,,,,,,,,,,,,,,,,,,,
4254593,20210301,220173585,Instituto Purificense para la Recreación y el Deporte,2.1.1.01.03.001.02,INDEMNIZACION POR VACACIONES,GASTOS,FUNCIONAMIENTO,GASTOS DE PERSONAL,PLANTA DE PERSONAL PERMANENTE,REMUNERACIONES NO CONSTITUTIVAS DE FACTOR SALARIAL,PRESTACIONES SOCIALES,INDEMNIZACION POR VACACIONES,No Aplica,No Aplica,No Aplica,VIGENCIA ACTUAL,ENTIDADES DIFERENTES A ENTIDADES TERRITORIALES - GESTION GENERAL,NO DEFINIDO,NO DEFINIDO,NO DEFINIDO,3000000.0,3000000.0,2021,Primer Trimestre,pres_gasto,,,,,,,,,,,,,,,,,,,,,,
4266710,20210301,220173585,Instituto Purificense para la Recreación y el Deporte,2.1.2.01.01.003.03,"MAQUINARIA DE OFICINA, CONTABILIDAD E INFORMATICA",GASTOS,FUNCIONAMIENTO,ADQUISICION DE BIENES Y SERVICIOS,ADQUISICION DE ACTIVOS NO FINANCIEROS,ACTIVOS FIJOS,MAQUINARIA Y EQUIPO,"MAQUINARIA DE OFICINA, CONTABILIDAD E INFORMATICA",No Aplica,No Aplica,No Aplica,VIGENCIA ACTUAL,ENTIDADES DIFERENTES A ENTIDADES TERRITORIALES - GESTION GENERAL,NO DEFINIDO,NO DEFINIDO,NO DEFINIDO,10776489.0,11776489.0,2021,Primer Trimestre,pres_gasto,,,,,,,,,,,,,,,,,,,,,,
4279254,20220601,220173585,Instituto Purificense para la Recreación y el Deporte,2.1.1,GASTOS DE PERSONAL,GASTOS,FUNCIONAMIENTO,GASTOS DE PERSONAL,No Aplica,No Aplica,No Aplica,No Aplica,No Aplica,No Aplica,No Aplica,VIGENCIA ACTUAL,ENTIDADES DIFERENTES A ENTIDADES TERRITORIALES - GESTION GENERAL,NO DEFINIDO,NO DEFINIDO,NO DEFINIDO,182140713.0,182446313.0,2022,Segundo Trimestre,pres_gasto,,,,,,,,,,,,,,,,,,,,,,
4289117,20220301,220173585,Instituto Purificense para la Recreación y el Deporte,2.99,INVERSIÓN CONSOLIDADA,GASTOS,INVERSIÓN CONSOLIDADA,No Aplica,No Aplica,No Aplica,No Aplica,No Aplica,No Aplica,No Aplica,No Aplica,VIGENCIA ACTUAL,ENTIDADES DIFERENTES A ENTIDADES TERRITORIALES - GESTION GENERAL,NO DEFINIDO,NO DEFINIDO,DEPORTE Y RECREACION,434072000.0,466945841.0,2022,Primer Trimestre,pres_gasto,,,,,,,,,,,,,,,,,,,,,,
4293741,20220601,220173585,Instituto Purificense para la Recreación y el Deporte,2.1.2.02.02.008,SERVICIOS PRESTADOS A LAS EMPRESAS Y SERVICIOS DE PRODUCCION,GASTOS,FUNCIONAMIENTO,ADQUISICION DE BIENES Y SERVICIOS,ADQUISICIONES DIFERENTES DE ACTIVOS,ADQUISICION DE SERVICIOS,SERVICIOS PRESTADOS A LAS EMPRESAS Y SERVICIOS DE PRODUCCION,No Aplica,No Aplica,No Aplica,No Aplica,VIGENCIA ACTUAL,ENTIDADES DIFERENTES A ENTIDADES TERRITORIALES - GESTION GENERAL,NO DEFINIDO,NO DEFINIDO,DEPORTE Y RECREACION,35000000.0,35000000.0,2022,Segundo Trimestre,pres_gasto,,,,,,,,,,,,,,,,,,,,,,
4297364,20211201,220173585,Instituto Purificense para la Recreación y el Deporte,2.1.1.02,PERSONAL SUPERNUMERARIO Y PLANTA TEMPORAL,GASTOS,FUNCIONAMIENTO,GASTOS DE PERSONAL,PERSONAL SUPERNUMERARIO Y PLANTA TEMPORAL,No Aplica,No Aplica,No Aplica,No Aplica,No Aplica,No Aplica,VIGENCIA ACTUAL,ENTIDADES DIFERENTES A ENTIDADES TERRITORIALES - GESTION GENERAL,NO DEFINIDO,NO DEFINIDO,NO DEFINIDO,40000000.0,42000000.0,2021,Cuarto Trimestre,pres_gasto,,,,,,,,,,,,,,,,,,,,,,
4316087,20210301,220173585,Instituto Purificense para la Recreación y el Deporte,2.1.1.01.01.001.08.02,PRIMA DE VACACIONES,GASTOS,FUNCIONAMIENTO,GASTOS DE PERSONAL,PLANTA DE PERSONAL PERMANENTE,FACTORES CONSTITUTIVOS DE SALARIO,FACTORES SALARIALES COMUNES,PRESTACIONES SOCIALES,PRIMA DE VACACIONES,No Aplica,No Aplica,VIGENCIA ACTUAL,ENTIDADES DIFERENTES A ENTIDADES TERRITORIALES - GESTION GENERAL,NO DEFINIDO,NO DEFINIDO,NO DEFINIDO,3500000.0,3500000.0,2021,Primer Trimestre,pres_gasto,,,,,,,,,,,,,,,,,,,,,,
4327062,20210301,220173585,Instituto Purificense para la Recreación y el Deporte,2.1.3,TRANSFERENCIAS CORRIENTES,GASTOS,FUNCIONAMIENTO,TRANSFERENCIAS CORRIENTES,No Aplica,No Aplica,No Aplica,No Aplica,No Aplica,No Aplica,No Aplica,VIGENCIA ACTUAL,ENTIDADES DIFERENTES A ENTIDADES TERRITORIALES - GESTION GENERAL,NO DEFINIDO,NO DEFINIDO,NO DEFINIDO,0.0,110000000.0,2021,Primer Trimestre,pres_gasto,,,,,,,,,,,,,,,,,,,,,,
4329093,20221201,220173585,Instituto Purificense para la Recreación y el Deporte,2.1.1.01.02.005,APORTES GENERALES AL SISTEMA DE RIESGOS LABORALES,GASTOS,FUNCIONAMIENTO,GASTOS DE PERSONAL,PLANTA DE PERSONAL PERMANENTE,CONTRIBUCIONES INHERENTES A LA NOMINA,APORTES GENERALES AL SISTEMA DE RIESGOS LABORALES,No Aplica,No Aplica,No Aplica,No Aplica,VIGENCIA ACTUAL,ENTIDADES DIFERENTES A ENTIDADES TERRITORIALES - GESTION GENERAL,NO DEFINIDO,NO DEFINIDO,DEPORTE Y RECREACION,500000.0,500000.0,2022,Cuarto Trimestre,pres_gasto,,,,,,,,,,,,,,,,,,,,,,
4339572,20221201,220173585,Instituto Purificense para la Recreación y el Deporte,2.1.8.05.01.004,SANCIONES ADMINISTRATIVAS,GASTOS,FUNCIONAMIENTO,"GASTOS POR TRIBUTOS, TASAS, CONTRIBUCIONES, MULTAS, SANCIONES E INTERESES DE MORA","MULTAS, SANCIONES E INTERESES DE MORA",MULTAS Y SANCIONES,SANCIONES ADMINISTRATIVAS,No Aplica,No Aplica,No Aplica,No Aplica,VIGENCIA ACTUAL,ENTIDADES DIFERENTES A ENTIDADES TERRITORIALES - GESTION GENERAL,NO DEFINIDO,NO DEFINIDO,DEPORTE Y RECREACION,2000.0,2000.0,2022,Cuarto Trimestre,pres_gasto,,,,,,,,,,,,,,,,,,,,,,
4356380,20220301,220173585,Instituto Purificense para la Recreación y el Deporte,2.1.1.01.02.007,APORTES AL SENA,GASTOS,FUNCIONAMIENTO,GASTOS DE PERSONAL,PLANTA DE PERSONAL PERMANENTE,CONTRIBUCIONES INHERENTES A LA NOMINA,APORTES AL SENA,No Aplica,No Aplica,No Aplica,No Aplica,VIGENCIA ACTUAL,ENTIDADES DIFERENTES A ENTIDADES TERRITORIALES - GESTION GENERAL,NO DEFINIDO,NO DEFINIDO,DEPORTE Y RECREACION,1913784.0,1913784.0,2022,Primer Trimestre,pres_gasto,,,,,,,,,,,,,,,,,,,,,,
4356997,20221201,220173585,Instituto Purificense para la Recreación y el Deporte,2.1.1.01.01.001.01,SUELDO BASICO,GASTOS,FUNCIONAMIENTO,GASTOS DE PERSONAL,PLANTA DE PERSONAL PERMANENTE,FACTORES CONSTITUTIVOS DE SALARIO,FACTORES SALARIALES COMUNES,SUELDO BASICO,No Aplica,No Aplica,No Aplica,VIGENCIA ACTUAL,ENTIDADES DIFERENTES A ENTIDADES TERRITORIALES - GESTION GENERAL,NO DEFINIDO,NO DEFINIDO,DEPORTE Y RECREACION,95689681.0,96889681.0,2022,Cuarto Trimestre,pres_gasto,,,,,,,,,,,,,,,,,,,,,,
4363772,20210301,220173585,Instituto Purificense para la Recreación y el Deporte,2.1.1.01,PLANTA DE PERSONAL PERMANENTE,GASTOS,FUNCIONAMIENTO,GASTOS DE PERSONAL,PLANTA DE PERSONAL PERMANENTE,No Aplica,No Aplica,No Aplica,No Aplica,No Aplica,No Aplica,VIGENCIA ACTUAL,ENTIDADES DIFERENTES A ENTIDADES TERRITORIALES - GESTION GENERAL,NO DEFINIDO,NO DEFINIDO,NO DEFINIDO,133721511.0,133871511.0,2021,Primer Trimestre,pres_gasto,,,,,,,,,,,,,,,,,,,,,,
4368595,20220901,220173585,Instituto Purificense para la Recreación y el Deporte,2.1.2.02.02.009,"SERVICIOS PARA LA COMUNIDAD, SOCIALES Y PERSONALES",GASTOS,FUNCIONAMIENTO,ADQUISICION DE BIENES Y SERVICIOS,ADQUISICIONES DIFERENTES DE ACTIVOS,ADQUISICION DE SERVICIOS,"SERVICIOS PARA LA COMUNIDAD, SOCIALES Y PERSONALES",No Aplica,No Aplica,No Aplica,No Aplica,VIGENCIA ACTUAL,ENTIDADES DIFERENTES A ENTIDADES TERRITORIALES - GESTION GENERAL,NO DEFINIDO,NO DEFINIDO,DEPORTE Y RECREACION,33257287.0,32951687.0,2022,Tercer Trimestre,pres_gasto,,,,,,,,,,,,,,,,,,,,,,
4373868,20220901,220173585,Instituto Purificense para la Recreación y el Deporte,2.1.1.01.01.001.08,PRESTACIONES SOCIALES,GASTOS,FUNCIONAMIENTO,GASTOS DE PERSONAL,PLANTA DE PERSONAL PERMANENTE,FACTORES CONSTITUTIVOS DE SALARIO,FACTORES SALARIALES COMUNES,PRESTACIONES SOCIALES,No Aplica,No Aplica,No Aplica,VIGENCIA ACTUAL,ENTIDADES DIFERENTES A ENTIDADES TERRITORIALES - GESTION GENERAL,NO DEFINIDO,NO DEFINIDO,NO DEFINIDO,12700000.0,12700000.0,2022,Tercer Trimestre,pres_gasto,,,,,,,,,,,,,,,,,,,,,,
4375545,20221201,220173585,Instituto Purificense para la Recreación y el Deporte,2.1.2,ADQUISICION DE BIENES Y SERVICIOS,GASTOS,FUNCIONAMIENTO,ADQUISICION DE BIENES Y SERVICIOS,No Aplica,No Aplica,No Aplica,No Aplica,No Aplica,No Aplica,No Aplica,VIGENCIA ACTUAL,ENTIDADES DIFERENTES A ENTIDADES TERRITORIALES - GESTION GENERAL,NO DEFINIDO,NO DEFINIDO,NO DEFINIDO,41857287.0,16551687.0,2022,Cuarto Trimestre,pres_gasto,,,,,,,,,,,,,,,,,,,,,,
4377125,20220301,220173585,Instituto Purificense para la Recreación y el Deporte,2.1.2.02.02,ADQUISICION DE SERVICIOS,GASTOS,FUNCIONAMIENTO,ADQUISICION DE BIENES Y SERVICIOS,ADQUISICIONES DIFERENTES DE ACTIVOS,ADQUISICION DE SERVICIOS,No Aplica,No Aplica,No Aplica,No Aplica,No Aplica,VIGENCIA ACTUAL,ENTIDADES DIFERENTES A ENTIDADES TERRITORIALES - GESTION GENERAL,NO DEFINIDO,NO DEFINIDO,NO DEFINIDO,30000000.0,30000000.0,2022,Primer Trimestre,pres_gasto,,,,,,,,,,,,,,,,,,,,,,
4378404,20210301,220173585,Instituto Purificense para la Recreación y el Deporte,2.1.3.13,SENTENCIAS Y CONCILIACIONES,GASTOS,FUNCIONAMIENTO,TRANSFERENCIAS CORRIENTES,SENTENCIAS Y CONCILIACIONES,No Aplica,No Aplica,No Aplica,No Aplica,No Aplica,No Aplica,VIGENCIA ACTUAL,ENTIDADES DIFERENTES A ENTIDADES TERRITORIALES - GESTION GENERAL,NO DEFINIDO,NO DEFINIDO,NO DEFINIDO,0.0,110000000.0,2021,Primer Trimestre,pres_gasto,,,,,,,,,,,,,,,,,,,,,,
4378897,20220901,220173585,Instituto Purificense para la Recreación y el Deporte,2.1.1.01.01.001.08.01,PRIMA DE NAVIDAD,GASTOS,FUNCIONAMIENTO,GASTOS DE PERSONAL,PLANTA DE PERSONAL PERMANENTE,FACTORES CONSTITUTIVOS DE SALARIO,FACTORES SALARIALES COMUNES,PRESTACIONES SOCIALES,PRIMA DE NAVIDAD,No Aplica,No Aplica,VIGENCIA ACTUAL,ENTIDADES DIFERENTES A ENTIDADES TERRITORIALES - GESTION GENERAL,NO DEFINIDO,NO DEFINIDO,DEPORTE Y RECREACION,8500000.0,8500000.0,2022,Tercer Trimestre,pres_gasto,,,,,,,,,,,,,,,,,,,,,,
4380601,20221201,220173585,Instituto Purificense para la Recreación y el Deporte,2.1.1.01.03,REMUNERACIONES NO CONSTITUTIVAS DE FACTOR SALARIAL,GASTOS,FUNCIONAMIENTO,GASTOS DE PERSONAL,PLANTA DE PERSONAL PERMANENTE,REMUNERACIONES NO CONSTITUTIVAS DE FACTOR SALARIAL,No Aplica,No Aplica,No Aplica,No Aplica,No Aplica,VIGENCIA ACTUAL,ENTIDADES DIFERENTES A ENTIDADES TERRITORIALES - GESTION GENERAL,NO DEFINIDO,NO DEFINIDO,NO DEFINIDO,6500000.0,4450000.0,2022,Cuarto Trimestre,pres_gasto,,,,,,,,,,,,,,,,,,,,,,
4398868,20230901,220173585,Instituto Purificense para la Recreación y el Deporte,2.1.1.01.01.001,FACTORES SALARIALES COMUNES,GASTOS,FUNCIONAMIENTO,GASTOS DE PERSONAL,PLANTA DE PERSONAL PERMANENTE,FACTORES CONSTITUTIVOS DE SALARIO,FACTORES SALARIALES COMUNES,No Aplica,No Aplica,No Aplica,No Aplica,VIGENCIA ACTUAL,ENTIDADES DIFERENTES A ENTIDADES TERRITORIALES - GESTION GENERAL,NO DEFINIDO,NO DEFINIDO,NO DEFINIDO,129772054.0,129772054.0,2023,Tercer Trimestre,pres_gasto,,,,,,,,,,,,,,,,,,,,,,
4414648,20230901,220173585,Instituto Purificense para la Recreación y el Deporte,2.1.1,GASTOS DE PERSONAL,GASTOS,FUNCIONAMIENTO,GASTOS DE PERSONAL,No Aplica,No Aplica,No Aplica,No Aplica,No Aplica,No Aplica,No Aplica,VIGENCIA ACTUAL,ENTIDADES DIFERENTES A ENTIDADES TERRITORIALES - GESTION GENERAL,NO DEFINIDO,NO DEFINIDO,NO DEFINIDO,236559168.0,238059168.0,2023,Tercer Trimestre,pres_gasto,,,,,,,,,,,,,,,,,,,,,,
4417981,20230901,220173585,Instituto Purificense para la Recreación y el Deporte,2.1.2.02.02,ADQUISICION DE SERVICIOS,GASTOS,FUNCIONAMIENTO,ADQUISICION DE BIENES Y SERVICIOS,ADQUISICIONES DIFERENTES DE ACTIVOS,ADQUISICION DE SERVICIOS,No Aplica,No Aplica,No Aplica,No Aplica,No Aplica,VIGENCIA ACTUAL,ENTIDADES DIFERENTES A ENTIDADES TERRITORIALES - GESTION GENERAL,NO DEFINIDO,NO DEFINIDO,NO DEFINIDO,42840832.0,42840832.0,2023,Tercer Trimestre,pres_gasto,,,,,,,,,,,,,,,,,,,,,,
4439673,20230901,220173585,Instituto Purificense para la Recreación y el Deporte,2.1.1.01.01.001.08,PRESTACIONES SOCIALES,GASTOS,FUNCIONAMIENTO,GASTOS DE PERSONAL,PLANTA DE PERSONAL PERMANENTE,FACTORES CONSTITUTIVOS DE SALARIO,FACTORES SALARIALES COMUNES,PRESTACIONES SOCIALES,No Aplica,No Aplica,No Aplica,VIGENCIA ACTUAL,ENTIDADES DIFERENTES A ENTIDADES TERRITORIALES - GESTION GENERAL,NO DEFINIDO,NO DEFINIDO,NO DEFINIDO,13500000.0,13500000.0,2023,Tercer Trimestre,pres_gasto,,,,,,,,,,,,,,,,,,,,,,
4443810,20230901,220173585,Instituto Purificense para la Recreación y el Deporte,2.1.1.02,PERSONAL SUPERNUMERARIO Y PLANTA TEMPORAL,GASTOS,FUNCIONAMIENTO,GASTOS DE PERSONAL,PERSONAL SUPERNUMERARIO Y PLANTA TEMPORAL,No Aplica,No Aplica,No Aplica,No Aplica,No Aplica,No Aplica,VIGENCIA ACTUAL,ENTIDADES DIFERENTES A ENTIDADES TERRITORIALES - GESTION GENERAL,NO DEFINIDO,NO DEFINIDO,NO DEFINIDO,55360000.0,56860000.0,2023,Tercer Trimestre,pres_gasto,,,,,,,,,,,,,,,,,,,,,,
4444256,20230901,220173585,Instituto Purificense para la Recreación y el Deporte,2.1.1.01.02.001,APORTES A LA SEGURIDAD SOCIAL EN PENSIONES,GASTOS,FUNCIONAMIENTO,GASTOS DE PERSONAL,PLANTA DE PERSONAL PERMANENTE,CONTRIBUCIONES INHERENTES A LA NOMINA,APORTES A LA SEGURIDAD SOCIAL EN PENSIONES,No Aplica,No Aplica,No Aplica,No Aplica,VIGENCIA ACTUAL,ENTIDADES DIFERENTES A ENTIDADES TERRITORIALES - GESTION GENERAL,NO DEFINIDO,NO DEFINIDO,DEPORTE Y RECREACION,13292646.0,13292646.0,2023,Tercer Trimestre,pres_gasto,,,,,,,,,,,,,,,,,,,,,,
4448849,20230901,220173585,Instituto Purificense para la Recreación y el Deporte,2.1.1.01.02.005,APORTES GENERALES AL SISTEMA DE RIESGOS LABORALES,GASTOS,FUNCIONAMIENTO,GASTOS DE PERSONAL,PLANTA DE PERSONAL PERMANENTE,CONTRIBUCIONES INHERENTES A LA NOMINA,APORTES GENERALES AL SISTEMA DE RIESGOS LABORALES,No Aplica,No Aplica,No Aplica,No Aplica,VIGENCIA ACTUAL,ENTIDADES DIFERENTES A ENTIDADES TERRITORIALES - GESTION GENERAL,NO DEFINIDO,NO DEFINIDO,DEPORTE Y RECREACION,553610.0,553610.0,2023,Tercer Trimestre,pres_gasto,,,,,,,,,,,,,,,,,,,,,,
4460315,20230901,220173585,Instituto Purificense para la Recreación y el Deporte,2.1.2,ADQUISICION DE BIENES Y SERVICIOS,GASTOS,FUNCIONAMIENTO,ADQUISICION DE BIENES Y SERVICIOS,No Aplica,No Aplica,No Aplica,No Aplica,No Aplica,No Aplica,No Aplica,VIGENCIA ACTUAL,ENTIDADES DIFERENTES A ENTIDADES TERRITORIALES - GESTION GENERAL,NO DEFINIDO,NO DEFINIDO,NO DEFINIDO,42840832.0,42840832.0,2023,Tercer Trimestre,pres_gasto,,,,,,,,,,,,,,,,,,,,,,
4479018,20230901,220173585,Instituto Purificense para la Recreación y el Deporte,2.1.2.02.02.008,SERVICIOS PRESTADOS A LAS EMPRESAS Y SERVICIOS DE PRODUCCION,GASTOS,FUNCIONAMIENTO,ADQUISICION DE BIENES Y SERVICIOS,ADQUISICIONES DIFERENTES DE ACTIVOS,ADQUISICION DE SERVICIOS,SERVICIOS PRESTADOS A LAS EMPRESAS Y SERVICIOS DE PRODUCCION,No Aplica,No Aplica,No Aplica,No Aplica,VIGENCIA ACTUAL,ENTIDADES DIFERENTES A ENTIDADES TERRITORIALES - GESTION GENERAL,NO DEFINIDO,NO DEFINIDO,DEPORTE Y RECREACION,20000000.0,19000000.0,2023,Tercer Trimestre,pres_gasto,,,,,,,,,,,,,,,,,,,,,,
4502947,20230901,220173585,Instituto Purificense para la Recreación y el Deporte,2.1.1.01.03,REMUNERACIONES NO CONSTITUTIVAS DE FACTOR SALARIAL,GASTOS,FUNCIONAMIENTO,GASTOS DE PERSONAL,PLANTA DE PERSONAL PERMANENTE,REMUNERACIONES NO CONSTITUTIVAS DE FACTOR SALARIAL,No Aplica,No Aplica,No Aplica,No Aplica,No Aplica,VIGENCIA ACTUAL,ENTIDADES DIFERENTES A ENTIDADES TERRITORIALES - GESTION GENERAL,NO DEFINIDO,NO DEFINIDO,NO DEFINIDO,7500000.0,7500000.0,2023,Tercer Trimestre,pres_gasto,,,,,,,,,,,,,,,,,,,,,,
4511910,20230901,220173585,Instituto Purificense para la Recreación y el Deporte,2.1.1.01.03.001.01,VACACIONES,GASTOS,FUNCIONAMIENTO,GASTOS DE PERSONAL,PLANTA DE PERSONAL PERMANENTE,REMUNERACIONES NO CONSTITUTIVAS DE FACTOR SALARIAL,PRESTACIONES SOCIALES,VACACIONES,No Aplica,No Aplica,No Aplica,VIGENCIA ACTUAL,ENTIDADES DIFERENTES A ENTIDADES TERRITORIALES - GESTION GENERAL,NO DEFINIDO,NO DEFINIDO,DEPORTE Y RECREACION,7500000.0,7500000.0,2023,Tercer Trimestre,pres_gasto,,,,,,,,,,,,,,,,,,,,,,
4513833,20230901,220173585,Instituto Purificense para la Recreación y el Deporte,2.1.1.01.02.002,APORTES A LA SEGURIDAD SOCIAL EN SALUD,GASTOS,FUNCIONAMIENTO,GASTOS DE PERSONAL,PLANTA DE PERSONAL PERMANENTE,CONTRIBUCIONES INHERENTES A LA NOMINA,APORTES A LA SEGURIDAD SOCIAL EN SALUD,No Aplica,No Aplica,No Aplica,No Aplica,VIGENCIA ACTUAL,ENTIDADES DIFERENTES A ENTIDADES TERRITORIALES - GESTION GENERAL,NO DEFINIDO,NO DEFINIDO,DEPORTE Y RECREACION,9411374.0,9411374.0,2023,Tercer Trimestre,pres_gasto,,,,,,,,,,,,,,,,,,,,,,
4518711,20230901,220173585,Instituto Purificense para la Recreación y el Deporte,2.1.1.01.01.001.08.02,PRIMA DE VACACIONES,GASTOS,FUNCIONAMIENTO,GASTOS DE PERSONAL,PLANTA DE PERSONAL PERMANENTE,FACTORES CONSTITUTIVOS DE SALARIO,FACTORES SALARIALES COMUNES,PRESTACIONES SOCIALES,PRIMA DE VACACIONES,No Aplica,No Aplica,VIGENCIA ACTUAL,ENTIDADES DIFERENTES A ENTIDADES TERRITORIALES - GESTION GENERAL,NO DEFINIDO,NO DEFINIDO,DEPORTE Y RECREACION,5000000.0,5000000.0,2023,Tercer Trimestre,pres_gasto,,,,,,,,,,,,,,,,,,,,,,
4538081,20230901,220173585,Instituto Purificense para la Recreación y el Deporte,2.1.1.02.01,FACTORES CONSTITUTIVOS DE SALARIO,GASTOS,FUNCIONAMIENTO,GASTOS DE PERSONAL,PERSONAL SUPERNUMERARIO Y PLANTA TEMPORAL,FACTORES CONSTITUTIVOS DE SALARIO,No Aplica,No Aplica,No Aplica,No Aplica,No Aplica,VIGENCIA ACTUAL,ENTIDADES DIFERENTES A ENTIDADES TERRITORIALES - GESTION GENERAL,NO DEFINIDO,NO DEFINIDO,NO DEFINIDO,55360000.0,56860000.0,2023,Tercer Trimestre,pres_gasto,,,,,,,,,,,,,,,,,,,,,,
4555162,20230901,220173585,Instituto Purificense para la Recreación y el Deporte,2.1.1.02.01.001.01,SUELDO BASICO,GASTOS,FUNCIONAMIENTO,GASTOS DE PERSONAL,PERSONAL SUPERNUMERARIO Y PLANTA TEMPORAL,FACTORES CONSTITUTIVOS DE SALARIO,FACTORES SALARIALES COMUNES,SUELDO BASICO,No Aplica,No Aplica,No Aplica,VIGENCIA ACTUAL,ENTIDADES DIFERENTES A ENTIDADES TERRITORIALES - GESTION GENERAL,NO DEFINIDO,NO DEFINIDO,DEPORTE Y RECREACION,55360000.0,56860000.0,2023,Tercer Trimestre,pres_gasto,,,,,,,,,,,,,,,,,,,,,,
4573293,20230901,220173585,Instituto Purificense para la Recreación y el Deporte,2.1.2.02,ADQUISICIONES DIFERENTES DE ACTIVOS,GASTOS,FUNCIONAMIENTO,ADQUISICION DE BIENES Y SERVICIOS,ADQUISICIONES DIFERENTES DE ACTIVOS,No Aplica,No Aplica,No Aplica,No Aplica,No Aplica,No Aplica,VIGENCIA ACTUAL,ENTIDADES DIFERENTES A ENTIDADES TERRITORIALES - GESTION GENERAL,NO DEFINIDO,NO DEFINIDO,NO DEFINIDO,42840832.0,42840832.0,2023,Tercer Trimestre,pres_gasto,,,,,,,,,,,,,,,,,,,,,,
4579171,20230901,220173585,Instituto Purificense para la Recreación y el Deporte,2.1.1.01.01.001.01,SUELDO BASICO,GASTOS,FUNCIONAMIENTO,GASTOS DE PERSONAL,PLANTA DE PERSONAL PERMANENTE,FACTORES CONSTITUTIVOS DE SALARIO,FACTORES SALARIALES COMUNES,SUELDO BASICO,No Aplica,No Aplica,No Aplica,VIGENCIA ACTUAL,ENTIDADES DIFERENTES A ENTIDADES TERRITORIALES - GESTION GENERAL,NO DEFINIDO,NO DEFINIDO,DEPORTE Y RECREACION,110772054.0,110772054.0,2023,Tercer Trimestre,pres_gasto,,,,,,,,,,,,,,,,,,,,,,
4609454,20230901,220173585,Instituto Purificense para la Recreación y el Deporte,2.1.1.02.01.001,FACTORES SALARIALES COMUNES,GASTOS,FUNCIONAMIENTO,GASTOS DE PERSONAL,PERSONAL SUPERNUMERARIO Y PLANTA TEMPORAL,FACTORES CONSTITUTIVOS DE SALARIO,FACTORES SALARIALES COMUNES,No Aplica,No Aplica,No Aplica,No Aplica,VIGENCIA ACTUAL,ENTIDADES DIFERENTES A ENTIDADES TERRITORIALES - GESTION GENERAL,NO DEFINIDO,NO DEFINIDO,NO DEFINIDO,55360000.0,56860000.0,2023,Tercer Trimestre,pres_gasto,,,,,,,,,,,,,,,,,,,,,,
4618836,20230901,220173585,Instituto Purificense para la Recreación y el Deporte,2.1,FUNCIONAMIENTO,GASTOS,FUNCIONAMIENTO,No Aplica,No Aplica,No Aplica,No Aplica,No Aplica,No Aplica,No Aplica,No Aplica,VIGENCIA ACTUAL,ENTIDADES DIFERENTES A ENTIDADES TERRITORIALES - GESTION GENERAL,NO DEFINIDO,NO DEFINIDO,NO DEFINIDO,279400000.0,280900000.0,2023,Tercer Trimestre,pres_gasto,,,,,,,,,,,,,,,,,,,,,,
4629657,20230901,220173585,Instituto Purificense para la Recreación y el Deporte,2.1.1.01,PLANTA DE PERSONAL PERMANENTE,GASTOS,FUNCIONAMIENTO,GASTOS DE PERSONAL,PLANTA DE PERSONAL PERMANENTE,No Aplica,No Aplica,No Aplica,No Aplica,No Aplica,No Aplica,VIGENCIA ACTUAL,ENTIDADES DIFERENTES A ENTIDADES TERRITORIALES - GESTION GENERAL,NO DEFINIDO,NO DEFINIDO,NO DEFINIDO,181199168.0,181199168.0,2023,Tercer Trimestre,pres_gasto,,,,,,,,,,,,,,,,,,,,,,
4655584,20230901,220173585,Instituto Purificense para la Recreación y el Deporte,2.1.1.01.01.001.08.01,PRIMA DE NAVIDAD,GASTOS,FUNCIONAMIENTO,GASTOS DE PERSONAL,PLANTA DE PERSONAL PERMANENTE,FACTORES CONSTITUTIVOS DE SALARIO,FACTORES SALARIALES COMUNES,PRESTACIONES SOCIALES,PRIMA DE NAVIDAD,No Aplica,No Aplica,VIGENCIA ACTUAL,ENTIDADES DIFERENTES A ENTIDADES TERRITORIALES - GESTION GENERAL,NO DEFINIDO,NO DEFINIDO,DEPORTE Y RECREACION,8500000.0,8500000.0,2023,Tercer Trimestre,pres_gasto,,,,,,,,,,,,,,,,,,,,,,
4667538,20230901,220173585,Instituto Purificense para la Recreación y el Deporte,2.1.1.01.02,CONTRIBUCIONES INHERENTES A LA NOMINA,GASTOS,FUNCIONAMIENTO,GASTOS DE PERSONAL,PLANTA DE PERSONAL PERMANENTE,CONTRIBUCIONES INHERENTES A LA NOMINA,No Aplica,No Aplica,No Aplica,No Aplica,No Aplica,VIGENCIA ACTUAL,ENTIDADES DIFERENTES A ENTIDADES TERRITORIALES - GESTION GENERAL,NO DEFINIDO,NO DEFINIDO,NO DEFINIDO,43927114.0,43927114.0,2023,Tercer Trimestre,pres_gasto,,,,,,,,,,,,,,,,,,,,,,
4690459,20230901,220173585,Instituto Purificense para la Recreación y el Deporte,2.1.1.01.02.004,APORTES A CAJAS DE COMPENSACION FAMILIAR,GASTOS,FUNCIONAMIENTO,GASTOS DE PERSONAL,PLANTA DE PERSONAL PERMANENTE,CONTRIBUCIONES INHERENTES A LA NOMINA,APORTES A CAJAS DE COMPENSACION FAMILIAR,No Aplica,No Aplica,No Aplica,No Aplica,VIGENCIA ACTUAL,ENTIDADES DIFERENTES A ENTIDADES TERRITORIALES - GESTION GENERAL,NO DEFINIDO,NO DEFINIDO,DEPORTE Y RECREACION,4430882.0,4430882.0,2023,Tercer Trimestre,pres_gasto,,,,,,,,,,,,,,,,,,,,,,
4695353,20230901,220173585,Instituto Purificense para la Recreación y el Deporte,2.1.2.02.02.009,"SERVICIOS PARA LA COMUNIDAD, SOCIALES Y PERSONALES",GASTOS,FUNCIONAMIENTO,ADQUISICION DE BIENES Y SERVICIOS,ADQUISICIONES DIFERENTES DE ACTIVOS,ADQUISICION DE SERVICIOS,"SERVICIOS PARA LA COMUNIDAD, SOCIALES Y PERSONALES",No Aplica,No Aplica,No Aplica,No Aplica,VIGENCIA ACTUAL,ENTIDADES DIFERENTES A ENTIDADES TERRITORIALES - GESTION GENERAL,NO DEFINIDO,NO DEFINIDO,DEPORTE Y RECREACION,22840832.0,23840832.0,2023,Tercer Trimestre,pres_gasto,,,,,,,,,,,,,,,,,,,,,,
4723731,20230901,220173585,Instituto Purificense para la Recreación y el Deporte,2.1.1.01.02.003,APORTES DE CESANTIAS,GASTOS,FUNCIONAMIENTO,GASTOS DE PERSONAL,PLANTA DE PERSONAL PERMANENTE,CONTRIBUCIONES INHERENTES A LA NOMINA,APORTES DE CESANTIAS,No Aplica,No Aplica,No Aplica,No Aplica,VIGENCIA ACTUAL,ENTIDADES DIFERENTES A ENTIDADES TERRITORIALES - GESTION GENERAL,NO DEFINIDO,NO DEFINIDO,DEPORTE Y RECREACION,10700000.0,10700000.0,2023,Tercer Trimestre,pres_gasto,,,,,,,,,,,,,,,,,,,,,,
4740508,20230901,220173585,Instituto Purificense para la Recreación y el Deporte,2.1.1.01.03.001,PRESTACIONES SOCIALES,GASTOS,FUNCIONAMIENTO,GASTOS DE PERSONAL,PLANTA DE PERSONAL PERMANENTE,REMUNERACIONES NO CONSTITUTIVAS DE FACTOR SALARIAL,PRESTACIONES SOCIALES,No Aplica,No Aplica,No Aplica,No Aplica,VIGENCIA ACTUAL,ENTIDADES DIFERENTES A ENTIDADES TERRITORIALES - GESTION GENERAL,NO DEFINIDO,NO DEFINIDO,NO DEFINIDO,7500000.0,7500000.0,2023,Tercer Trimestre,pres_gasto,,,,,,,,,,,,,,,,,,,,,,
4753013,20230901,220173585,Instituto Purificense para la Recreación y el Deporte,2.99,INVERSIÓN CONSOLIDADA,GASTOS,INVERSIÓN CONSOLIDADA,No Aplica,No Aplica,No Aplica,No Aplica,No Aplica,No Aplica,No Aplica,No Aplica,VIGENCIA ACTUAL,ENTIDADES DIFERENTES A ENTIDADES TERRITORIALES - GESTION GENERAL,NO DEFINIDO,NO DEFINIDO,DEPORTE Y RECREACION,245300000.0,421332692.0,2023,Tercer Trimestre,pres_gasto,,,,,,,,,,,,,,,,,,,,,,
4770602,20230901,220173585,Instituto Purificense para la Recreación y el Deporte,2.1.1.01.01.001.06,PRIMA DE SERVICIO,GASTOS,FUNCIONAMIENTO,GASTOS DE PERSONAL,PLANTA DE PERSONAL PERMANENTE,FACTORES CONSTITUTIVOS DE SALARIO,FACTORES SALARIALES COMUNES,PRIMA DE SERVICIO,No Aplica,No Aplica,No Aplica,VIGENCIA ACTUAL,ENTIDADES DIFERENTES A ENTIDADES TERRITORIALES - GESTION GENERAL,NO DEFINIDO,NO DEFINIDO,DEPORTE Y RECREACION,5500000.0,5500000.0,2023,Tercer Trimestre,pres_gasto,,,,,,,,,,,,,,,,,,,,,,
4810478,20230901,220173585,Instituto Purificense para la Recreación y el Deporte,2.1.1.01.01,FACTORES CONSTITUTIVOS DE SALARIO,GASTOS,FUNCIONAMIENTO,GASTOS DE PERSONAL,PLANTA DE PERSONAL PERMANENTE,FACTORES CONSTITUTIVOS DE SALARIO,No Aplica,No Aplica,No Aplica,No Aplica,No Aplica,VIGENCIA ACTUAL,ENTIDADES DIFERENTES A ENTIDADES TERRITORIALES - GESTION GENERAL,NO DEFINIDO,NO DEFINIDO,NO DEFINIDO,129772054.0,129772054.0,2023,Tercer Trimestre,pres_gasto,,,,,,,,,,,,,,,,,,,,,,
4822843,20230901,220173585,Instituto Purificense para la Recreación y el Deporte,2.1.1.01.02.006,APORTES AL ICBF,GASTOS,FUNCIONAMIENTO,GASTOS DE PERSONAL,PLANTA DE PERSONAL PERMANENTE,CONTRIBUCIONES INHERENTES A LA NOMINA,APORTES AL ICBF,No Aplica,No Aplica,No Aplica,No Aplica,VIGENCIA ACTUAL,ENTIDADES DIFERENTES A ENTIDADES TERRITORIALES - GESTION GENERAL,NO DEFINIDO,NO DEFINIDO,DEPORTE Y RECREACION,3323161.0,3323161.0,2023,Tercer Trimestre,pres_gasto,,,,,,,,,,,,,,,,,,,,,,
4830997,20230901,220173585,Instituto Purificense para la Recreación y el Deporte,2.1.1.01.02.007,APORTES AL SENA,GASTOS,FUNCIONAMIENTO,GASTOS DE PERSONAL,PLANTA DE PERSONAL PERMANENTE,CONTRIBUCIONES INHERENTES A LA NOMINA,APORTES AL SENA,No Aplica,No Aplica,No Aplica,No Aplica,VIGENCIA ACTUAL,ENTIDADES DIFERENTES A ENTIDADES TERRITORIALES - GESTION GENERAL,NO DEFINIDO,NO DEFINIDO,DEPORTE Y RECREACION,2215441.0,2215441.0,2023,Tercer Trimestre,pres_gasto,,,,,,,,,,,,,,,,,,,,,,
4843573,20230901,220173585,Instituto Purificense para la Recreación y el Deporte,2,GASTOS,GASTOS,No Aplica,No Aplica,No Aplica,No Aplica,No Aplica,No Aplica,No Aplica,No Aplica,No Aplica,VIGENCIA ACTUAL,ENTIDADES DIFERENTES A ENTIDADES TERRITORIALES - GESTION GENERAL,NO DEFINIDO,NO DEFINIDO,NO DEFINIDO,524700000.0,702232692.0,2023,Tercer Trimestre,pres_gasto,,,,,,,,,,,,,,,,,,,,,,
5565142,20210901,220173585,Instituto Purificense para la Recreación y el Deporte,1.1.02.06,TRANSFERENCIAS CORRIENTES,INGRESOS,INGRESOS CORRIENTES,INGRESOS NO TRIBUTARIOS,TRANSFERENCIAS CORRIENTES,No Aplica,No Aplica,No Aplica,No Aplica,No Aplica,No Aplica,,,,,,,,2021,Tercer Trimestre,pres_ingreso,636000000.0,431000000.0,,,,,,,,,,,,,,,,,,,,
5567277,20230301,220173585,Instituto Purificense para la Recreación y el Deporte,1.1.02.05.001.09,"SERVICIOS PARA LA COMUNIDAD, SOCIALES Y PERSONALES",INGRESOS,INGRESOS CORRIENTES,INGRESOS NO TRIBUTARIOS,VENTA DE BIENES Y SERVICIOS,VENTAS DE ESTABLECIMIENTOS DE MERCADO,"SERVICIOS PARA LA COMUNIDAD, SOCIALES Y PERSONALES",No Aplica,No Aplica,No Aplica,No Aplica,,,,,,,,2023,Primer Trimestre,pres_ingreso,1500000.0,0.0,,,,,,,,,,,,,,,,,,,,
5567540,20211201,220173585,Instituto Purificense para la Recreación y el Deporte,1.1,INGRESOS CORRIENTES,INGRESOS,INGRESOS CORRIENTES,No Aplica,No Aplica,No Aplica,No Aplica,No Aplica,No Aplica,No Aplica,No Aplica,,,,,,,,2021,Cuarto Trimestre,pres_ingreso,668863847.0,431000000.0,,,,,,,,,,,,,,,,,,,,
5581427,20220901,220173585,Instituto Purificense para la Recreación y el Deporte,1.1.02.06.006,TRANSFERENCIAS DE OTRAS ENTIDADES DEL GOBIERNO GENERAL,INGRESOS,INGRESOS CORRIENTES,INGRESOS NO TRIBUTARIOS,TRANSFERENCIAS CORRIENTES,TRANSFERENCIAS DE OTRAS ENTIDADES DEL GOBIERNO GENERAL,No Aplica,No Aplica,No Aplica,No Aplica,No Aplica,,,,,,,,2022,Tercer Trimestre,pres_ingreso,790945841.0,688072000.0,,,,,,,,,,,,,,,,,,,,
5588217,20210901,220173585,Instituto Purificense para la Recreación y el Deporte,1.1.02.06.006,TRANSFERENCIAS DE OTRAS ENTIDADES DEL GOBIERNO GENERAL,INGRESOS,INGRESOS CORRIENTES,INGRESOS NO TRIBUTARIOS,TRANSFERENCIAS CORRIENTES,TRANSFERENCIAS DE OTRAS ENTIDADES DEL GOBIERNO GENERAL,No Aplica,No Aplica,No Aplica,No Aplica,No Aplica,,,,,,,,2021,Tercer Trimestre,pres_ingreso,636000000.0,431000000.0,,,,,,,,,,,,,,,,,,,,
5589851,20220601,220173585,Instituto Purificense para la Recreación y el Deporte,1.1.02.06.006.06,OTRAS UNIDADES DE GOBIERNO,INGRESOS,INGRESOS CORRIENTES,INGRESOS NO TRIBUTARIOS,TRANSFERENCIAS CORRIENTES,TRANSFERENCIAS DE OTRAS ENTIDADES DEL GOBIERNO GENERAL,OTRAS UNIDADES DE GOBIERNO,No Aplica,No Aplica,No Aplica,No Aplica,,,,,,,,2022,Segundo Trimestre,pres_ingreso,790945841.0,688072000.0,,,,,,,,,,,,,,,,,,,,
5590447,20230601,220173585,Instituto Purificense para la Recreación y el Deporte,1.1.02,INGRESOS NO TRIBUTARIOS,INGRESOS,INGRESOS CORRIENTES,INGRESOS NO TRIBUTARIOS,No Aplica,No Aplica,No Aplica,No Aplica,No Aplica,No Aplica,No Aplica,,,,,,,,2023,Segundo Trimestre,pres_ingreso,537148413.0,524700000.0,,,,,,,,,,,,,,,,,,,,
5590688,20230301,220173585,Instituto Purificense para la Recreación y el Deporte,1.1.02.05.001,VENTAS DE ESTABLECIMIENTOS DE MERCADO,INGRESOS,INGRESOS CORRIENTES,INGRESOS NO TRIBUTARIOS,VENTA DE BIENES Y SERVICIOS,VENTAS DE ESTABLECIMIENTOS DE MERCADO,No Aplica,No Aplica,No Aplica,No Aplica,No Aplica,,,,,,,,2023,Primer Trimestre,pres_ingreso,1500000.0,0.0,,,,,,,,,,,,,,,,,,,,
5608141,20210901,220173585,Instituto Purificense para la Recreación y el Deporte,1.1.02,INGRESOS NO TRIBUTARIOS,INGRESOS,INGRESOS CORRIENTES,INGRESOS NO TRIBUTARIOS,No Aplica,No Aplica,No Aplica,No Aplica,No Aplica,No Aplica,No Aplica,,,,,,,,2021,Tercer Trimestre,pres_ingreso,636000000.0,431000000.0,,,,,,,,,,,,,,,,,,,,
5620605,20220301,220173585,Instituto Purificense para la Recreación y el Deporte,1.1.02.06.006,TRANSFERENCIAS DE OTRAS ENTIDADES DEL GOBIERNO GENERAL,INGRESOS,INGRESOS CORRIENTES,INGRESOS NO TRIBUTARIOS,TRANSFERENCIAS CORRIENTES,TRANSFERENCIAS DE OTRAS ENTIDADES DEL GOBIERNO GENERAL,No Aplica,No Aplica,No Aplica,No Aplica,No Aplica,,,,,,,,2022,Primer Trimestre,pres_ingreso,790945841.0,688072000.0,,,,,,,,,,,,,,,,,,,,
5623014,20220901,220173585,Instituto Purificense para la Recreación y el Deporte,1.1,INGRESOS CORRIENTES,INGRESOS,INGRESOS CORRIENTES,No Aplica,No Aplica,No Aplica,No Aplica,No Aplica,No Aplica,No Aplica,No Aplica,,,,,,,,2022,Tercer Trimestre,pres_ingreso,790945841.0,688072000.0,,,,,,,,,,,,,,,,,,,,
5630853,20210301,220173585,Instituto Purificense para la Recreación y el Deporte,1.1.02,INGRESOS NO TRIBUTARIOS,INGRESOS,INGRESOS CORRIENTES,INGRESOS NO TRIBUTARIOS,No Aplica,No Aplica,No Aplica,No Aplica,No Aplica,No Aplica,No Aplica,,,,,,,,2021,Primer Trimestre,pres_ingreso,431000000.0,431000000.0,,,,,,,,,,,,,,,,,,,,
5633313,20210601,220173585,Instituto Purificense para la Recreación y el Deporte,1,INGRESOS,INGRESOS,No Aplica,No Aplica,No Aplica,No Aplica,No Aplica,No Aplica,No Aplica,No Aplica,No Aplica,,,,,,,,2021,Segundo Trimestre,pres_ingreso,541000000.0,431000000.0,,,,,,,,,,,,,,,,,,,,
5634761,20220601,220173585,Instituto Purificense para la Recreación y el Deporte,1.1,INGRESOS CORRIENTES,INGRESOS,INGRESOS CORRIENTES,No Aplica,No Aplica,No Aplica,No Aplica,No Aplica,No Aplica,No Aplica,No Aplica,,,,,,,,2022,Segundo Trimestre,pres_ingreso,790945841.0,688072000.0,,,,,,,,,,,,,,,,,,,,
5636692,20220301,220173585,Instituto Purificense para la Recreación y el Deporte,1.1,INGRESOS CORRIENTES,INGRESOS,INGRESOS CORRIENTES,No Aplica,No Aplica,No Aplica,No Aplica,No Aplica,No Aplica,No Aplica,No Aplica,,,,,,,,2022,Primer Trimestre,pres_ingreso,790945841.0,688072000.0,,,,,,,,,,,,,,,,,,,,
5642856,20230301,220173585,Instituto Purificense para la Recreación y el Deporte,1.1.02,INGRESOS NO TRIBUTARIOS,INGRESOS,INGRESOS CORRIENTES,INGRESOS NO TRIBUTARIOS,No Aplica,No Aplica,No Aplica,No Aplica,No Aplica,No Aplica,No Aplica,,,,,,,,2023,Primer Trimestre,pres_ingreso,530591051.0,524700000.0,,,,,,,,,,,,,,,,,,,,
5645661,20230601,220173585,Instituto Purificense para la Recreación y el Deporte,1,INGRESOS,INGRESOS,No Aplica,No Aplica,No Aplica,No Aplica,No Aplica,No Aplica,No Aplica,No Aplica,No Aplica,,,,,,,,2023,Segundo Trimestre,pres_ingreso,547371765.0,524700000.0,,,,,,,,,,,,,,,,,,,,
5650974,20230301,220173585,Instituto Purificense para la Recreación y el Deporte,1.1.02.05,VENTA DE BIENES Y SERVICIOS,INGRESOS,INGRESOS CORRIENTES,INGRESOS NO TRIBUTARIOS,VENTA DE BIENES Y SERVICIOS,No Aplica,No Aplica,No Aplica,No Aplica,No Aplica,No Aplica,,,,,,,,2023,Primer Trimestre,pres_ingreso,1500000.0,0.0,,,,,,,,,,,,,,,,,,,,
5657668,20221201,220173585,Instituto Purificense para la Recreación y el Deporte,1.1.02.06,TRANSFERENCIAS CORRIENTES,INGRESOS,INGRESOS CORRIENTES,INGRESOS NO TRIBUTARIOS,TRANSFERENCIAS CORRIENTES,No Aplica,No Aplica,No Aplica,No Aplica,No Aplica,No Aplica,,,,,,,,2022,Cuarto Trimestre,pres_ingreso,870437995.0,688072000.0,,,,,,,,,,,,,,,,,,,,
5667060,20220601,220173585,Instituto Purificense para la Recreación y el Deporte,1.1.02.06.006,TRANSFERENCIAS DE OTRAS ENTIDADES DEL GOBIERNO GENERAL,INGRESOS,INGRESOS CORRIENTES,INGRESOS NO TRIBUTARIOS,TRANSFERENCIAS CORRIENTES,TRANSFERENCIAS DE OTRAS ENTIDADES DEL GOBIERNO GENERAL,No Aplica,No Aplica,No Aplica,No Aplica,No Aplica,,,,,,,,2022,Segundo Trimestre,pres_ingreso,790945841.0,688072000.0,,,,,,,,,,,,,,,,,,,,
5668605,20210901,220173585,Instituto Purificense para la Recreación y el Deporte,1.1,INGRESOS CORRIENTES,INGRESOS,INGRESOS CORRIENTES,No Aplica,No Aplica,No Aplica,No Aplica,No Aplica,No Aplica,No Aplica,No Aplica,,,,,,,,2021,Tercer Trimestre,pres_ingreso,636000000.0,431000000.0,,,,,,,,,,,,,,,,,,,,
5669255,20230301,220173585,Instituto Purificense para la Recreación y el Deporte,1.2.14.04,RECURSOS DE TERCEROS EN ADMINISTRACION,INGRESOS,RECURSOS DE CAPITAL,RECURSOS DE TERCEROS,RECURSOS DE TERCEROS EN ADMINISTRACION,No Aplica,No Aplica,No Aplica,No Aplica,No Aplica,No Aplica,,,,,,,,2023,Primer Trimestre,pres_ingreso,10223352.0,0.0,,,,,,,,,,,,,,,,,,,,
5669475,20220901,220173585,Instituto Purificense para la Recreación y el Deporte,1.1.02,INGRESOS NO TRIBUTARIOS,INGRESOS,INGRESOS CORRIENTES,INGRESOS NO TRIBUTARIOS,No Aplica,No Aplica,No Aplica,No Aplica,No Aplica,No Aplica,No Aplica,,,,,,,,2022,Tercer Trimestre,pres_ingreso,790945841.0,688072000.0,,,,,,,,,,,,,,,,,,,,
5674133,20220301,220173585,Instituto Purificense para la Recreación y el Deporte,1.1.02.06,TRANSFERENCIAS CORRIENTES,INGRESOS,INGRESOS CORRIENTES,INGRESOS NO TRIBUTARIOS,TRANSFERENCIAS CORRIENTES,No Aplica,No Aplica,No Aplica,No Aplica,No Aplica,No Aplica,,,,,,,,2022,Primer Trimestre,pres_ingreso,790945841.0,688072000.0,,,,,,,,,,,,,,,,,,,,
5677193,20210301,220173585,Instituto Purificense para la Recreación y el Deporte,1,INGRESOS,INGRESOS,No Aplica,No Aplica,No Aplica,No Aplica,No Aplica,No Aplica,No Aplica,No Aplica,No Aplica,,,,,,,,2021,Primer Trimestre,pres_ingreso,431000000.0,431000000.0,,,,,,,,,,,,,,,,,,,,
5683057,20211201,220173585,Instituto Purificense para la Recreación y el Deporte,1.1.02,INGRESOS NO TRIBUTARIOS,INGRESOS,INGRESOS CORRIENTES,INGRESOS NO TRIBUTARIOS,No Aplica,No Aplica,No Aplica,No Aplica,No Aplica,No Aplica,No Aplica,,,,,,,,2021,Cuarto Trimestre,pres_ingreso,668863847.0,431000000.0,,,,,,,,,,,,,,,,,,,,
5684408,20221201,220173585,Instituto Purificense para la Recreación y el Deporte,1.1,INGRESOS CORRIENTES,INGRESOS,INGRESOS CORRIENTES,No Aplica,No Aplica,No Aplica,No Aplica,No Aplica,No Aplica,No Aplica,No Aplica,,,,,,,,2022,Cuarto Trimestre,pres_ingreso,870437995.0,688072000.0,,,,,,,,,,,,,,,,,,,,
5684725,20220601,220173585,Instituto Purificense para la Recreación y el Deporte,1,INGRESOS,INGRESOS,No Aplica,No Aplica,No Aplica,No Aplica,No Aplica,No Aplica,No Aplica,No Aplica,No Aplica,,,,,,,,2022,Segundo Trimestre,pres_ingreso,790945841.0,688072000.0,,,,,,,,,,,,,,,,,,,,
5719423,20210301,220173585,Instituto Purificense para la Recreación y el Deporte,1.1.02.06.006.06,OTRAS UNIDADES DE GOBIERNO,INGRESOS,INGRESOS CORRIENTES,INGRESOS NO TRIBUTARIOS,TRANSFERENCIAS CORRIENTES,TRANSFERENCIAS DE OTRAS ENTIDADES DEL GOBIERNO GENERAL,OTRAS UNIDADES DE GOBIERNO,No Aplica,No Aplica,No Aplica,No Aplica,,,,,,,,2021,Primer Trimestre,pres_ingreso,431000000.0,431000000.0,,,,,,,,,,,,,,,,,,,,
5731294,20210301,220173585,Instituto Purificense para la Recreación y el Deporte,1.1.02.06.006,TRANSFERENCIAS DE OTRAS ENTIDADES DEL GOBIERNO GENERAL,INGRESOS,INGRESOS CORRIENTES,INGRESOS NO TRIBUTARIOS,TRANSFERENCIAS CORRIENTES,TRANSFERENCIAS DE OTRAS ENTIDADES DEL GOBIERNO GENERAL,No Aplica,No Aplica,No Aplica,No Aplica,No Aplica,,,,,,,,2021,Primer Trimestre,pres_ingreso,431000000.0,431000000.0,,,,,,,,,,,,,,,,,,,,
5735582,20210601,220173585,Instituto Purificense para la Recreación y el Deporte,1.1.02.06.006,TRANSFERENCIAS DE OTRAS ENTIDADES DEL GOBIERNO GENERAL,INGRESOS,INGRESOS CORRIENTES,INGRESOS NO TRIBUTARIOS,TRANSFERENCIAS CORRIENTES,TRANSFERENCIAS DE OTRAS ENTIDADES DEL GOBIERNO GENERAL,No Aplica,No Aplica,No Aplica,No Aplica,No Aplica,,,,,,,,2021,Segundo Trimestre,pres_ingreso,541000000.0,431000000.0,,,,,,,,,,,,,,,,,,,,
5740816,20230601,220173585,Instituto Purificense para la Recreación y el Deporte,1.1.02.06.006.06,OTRAS UNIDADES DE GOBIERNO,INGRESOS,INGRESOS CORRIENTES,INGRESOS NO TRIBUTARIOS,TRANSFERENCIAS CORRIENTES,TRANSFERENCIAS DE OTRAS ENTIDADES DEL GOBIERNO GENERAL,OTRAS UNIDADES DE GOBIERNO,No Aplica,No Aplica,No Aplica,No Aplica,,,,,,,,2023,Segundo Trimestre,pres_ingreso,535648413.0,524700000.0,,,,,,,,,,,,,,,,,,,,
5746466,20230301,220173585,Instituto Purificense para la Recreación y el Deporte,1.1,INGRESOS CORRIENTES,INGRESOS,INGRESOS CORRIENTES,No Aplica,No Aplica,No Aplica,No Aplica,No Aplica,No Aplica,No Aplica,No Aplica,,,,,,,,2023,Primer Trimestre,pres_ingreso,530591051.0,524700000.0,,,,,,,,,,,,,,,,,,,,
5754422,20220601,220173585,Instituto Purificense para la Recreación y el Deporte,1.1.02,INGRESOS NO TRIBUTARIOS,INGRESOS,INGRESOS CORRIENTES,INGRESOS NO TRIBUTARIOS,No Aplica,No Aplica,No Aplica,No Aplica,No Aplica,No Aplica,No Aplica,,,,,,,,2022,Segundo Trimestre,pres_ingreso,790945841.0,688072000.0,,,,,,,,,,,,,,,,,,,,
5756562,20220301,220173585,Instituto Purificense para la Recreación y el Deporte,1.1.02.06.006.06,OTRAS UNIDADES DE GOBIERNO,INGRESOS,INGRESOS CORRIENTES,INGRESOS NO TRIBUTARIOS,TRANSFERENCIAS CORRIENTES,TRANSFERENCIAS DE OTRAS ENTIDADES DEL GOBIERNO GENERAL,OTRAS UNIDADES DE GOBIERNO,No Aplica,No Aplica,No Aplica,No Aplica,,,,,,,,2022,Primer Trimestre,pres_ingreso,790945841.0,688072000.0,,,,,,,,,,,,,,,,,,,,
5760715,20230601,220173585,Instituto Purificense para la Recreación y el Deporte,1.2.14.04,RECURSOS DE TERCEROS EN ADMINISTRACION,INGRESOS,RECURSOS DE CAPITAL,RECURSOS DE TERCEROS,RECURSOS DE TERCEROS EN ADMINISTRACION,No Aplica,No Aplica,No Aplica,No Aplica,No Aplica,No Aplica,,,,,,,,2023,Segundo Trimestre,pres_ingreso,10223352.0,0.0,,,,,,,,,,,,,,,,,,,,
5769340,20211201,220173585,Instituto Purificense para la Recreación y el Deporte,1,INGRESOS,INGRESOS,No Aplica,No Aplica,No Aplica,No Aplica,No Aplica,No Aplica,No Aplica,No Aplica,No Aplica,,,,,,,,2021,Cuarto Trimestre,pres_ingreso,668863847.0,431000000.0,,,,,,,,,,,,,,,,,,,,
5779786,20220601,220173585,Instituto Purificense para la Recreación y el Deporte,1.1.02.06,TRANSFERENCIAS CORRIENTES,INGRESOS,INGRESOS CORRIENTES,INGRESOS NO TRIBUTARIOS,TRANSFERENCIAS CORRIENTES,No Aplica,No Aplica,No Aplica,No Aplica,No Aplica,No Aplica,,,,,,,,2022,Segundo Trimestre,pres_ingreso,790945841.0,688072000.0,,,,,,,,,,,,,,,,,,,,
5787172,20210301,220173585,Instituto Purificense para la Recreación y el Deporte,1.1.02.06,TRANSFERENCIAS CORRIENTES,INGRESOS,INGRESOS CORRIENTES,INGRESOS NO TRIBUTARIOS,TRANSFERENCIAS CORRIENTES,No Aplica,No Aplica,No Aplica,No Aplica,No Aplica,No Aplica,,,,,,,,2021,Primer Trimestre,pres_ingreso,431000000.0,431000000.0,,,,,,,,,,,,,,,,,,,,
5805230,20230301,220173585,Instituto Purificense para la Recreación y el Deporte,1.1.02.06.006.06,OTRAS UNIDADES DE GOBIERNO,INGRESOS,INGRESOS CORRIENTES,INGRESOS NO TRIBUTARIOS,TRANSFERENCIAS CORRIENTES,TRANSFERENCIAS DE OTRAS ENTIDADES DEL GOBIERNO GENERAL,OTRAS UNIDADES DE GOBIERNO,No Aplica,No Aplica,No Aplica,No Aplica,,,,,,,,2023,Primer Trimestre,pres_ingreso,529091051.0,524700000.0,,,,,,,,,,,,,,,,,,,,
5813650,20210901,220173585,Instituto Purificense para la Recreación y el Deporte,1.1.02.06.006.06,OTRAS UNIDADES DE GOBIERNO,INGRESOS,INGRESOS CORRIENTES,INGRESOS NO TRIBUTARIOS,TRANSFERENCIAS CORRIENTES,TRANSFERENCIAS DE OTRAS ENTIDADES DEL GOBIERNO GENERAL,OTRAS UNIDADES DE GOBIERNO,No Aplica,No Aplica,No Aplica,No Aplica,,,,,,,,2021,Tercer Trimestre,pres_ingreso,636000000.0,431000000.0,,,,,,,,,,,,,,,,,,,,
5816608,20230601,220173585,Instituto Purificense para la Recreación y el Deporte,1.1.02.05.001,VENTAS DE ESTABLECIMIENTOS DE MERCADO,INGRESOS,INGRESOS CORRIENTES,INGRESOS NO TRIBUTARIOS,VENTA DE BIENES Y SERVICIOS,VENTAS DE ESTABLECIMIENTOS DE MERCADO,No Aplica,No Aplica,No Aplica,No Aplica,No Aplica,,,,,,,,2023,Segundo Trimestre,pres_ingreso,1500000.0,0.0,,,,,,,,,,,,,,,,,,,,
5823256,20230301,220173585,Instituto Purificense para la Recreación y el Deporte,1.1.02.06.006,TRANSFERENCIAS DE OTRAS ENTIDADES DEL GOBIERNO GENERAL,INGRESOS,INGRESOS CORRIENTES,INGRESOS NO TRIBUTARIOS,TRANSFERENCIAS CORRIENTES,TRANSFERENCIAS DE OTRAS ENTIDADES DEL GOBIERNO GENERAL,No Aplica,No Aplica,No Aplica,No Aplica,No Aplica,,,,,,,,2023,Primer Trimestre,pres_ingreso,529091051.0,524700000.0,,,,,,,,,,,,,,,,,,,,
5824828,20230601,220173585,Instituto Purificense para la Recreación y el Deporte,1.2,RECURSOS DE CAPITAL,INGRESOS,RECURSOS DE CAPITAL,No Aplica,No Aplica,No Aplica,No Aplica,No Aplica,No Aplica,No Aplica,No Aplica,,,,,,,,2023,Segundo Trimestre,pres_ingreso,10223352.0,0.0,,,,,,,,,,,,,,,,,,,,
5836170,20220901,220173585,Instituto Purificense para la Recreación y el Deporte,1,INGRESOS,INGRESOS,No Aplica,No Aplica,No Aplica,No Aplica,No Aplica,No Aplica,No Aplica,No Aplica,No Aplica,,,,,,,,2022,Tercer Trimestre,pres_ingreso,790945841.0,688072000.0,,,,,,,,,,,,,,,,,,,,
5849218,20221201,220173585,Instituto Purificense para la Recreación y el Deporte,1,INGRESOS,INGRESOS,No Aplica,No Aplica,No Aplica,No Aplica,No Aplica,No Aplica,No Aplica,No Aplica,No Aplica,,,,,,,,2022,Cuarto Trimestre,pres_ingreso,870437995.0,688072000.0,,,,,,,,,,,,,,,,,,,,
5857661,20230601,220173585,Instituto Purificense para la Recreación y el Deporte,1.1.02.06,TRANSFERENCIAS CORRIENTES,INGRESOS,INGRESOS CORRIENTES,INGRESOS NO TRIBUTARIOS,TRANSFERENCIAS CORRIENTES,No Aplica,No Aplica,No Aplica,No Aplica,No Aplica,No Aplica,,,,,,,,2023,Segundo Trimestre,pres_ingreso,535648413.0,524700000.0,,,,,,,,,,,,,,,,,,,,
5869664,20230301,220173585,Instituto Purificense para la Recreación y el Deporte,1,INGRESOS,INGRESOS,No Aplica,No Aplica,No Aplica,No Aplica,No Aplica,No Aplica,No Aplica,No Aplica,No Aplica,,,,,,,,2023,Primer Trimestre,pres_ingreso,540814403.0,524700000.0,,,,,,,,,,,,,,,,,,,,
5882041,20221201,220173585,Instituto Purificense para la Recreación y el Deporte,1.1.02.06.006,TRANSFERENCIAS DE OTRAS ENTIDADES DEL GOBIERNO GENERAL,INGRESOS,INGRESOS CORRIENTES,INGRESOS NO TRIBUTARIOS,TRANSFERENCIAS CORRIENTES,TRANSFERENCIAS DE OTRAS ENTIDADES DEL GOBIERNO GENERAL,No Aplica,No Aplica,No Aplica,No Aplica,No Aplica,,,,,,,,2022,Cuarto Trimestre,pres_ingreso,870437995.0,688072000.0,,,,,,,,,,,,,,,,,,,,
5887754,20221201,220173585,Instituto Purificense para la Recreación y el Deporte,1.1.02.06.006.06,OTRAS UNIDADES DE GOBIERNO,INGRESOS,INGRESOS CORRIENTES,INGRESOS NO TRIBUTARIOS,TRANSFERENCIAS CORRIENTES,TRANSFERENCIAS DE OTRAS ENTIDADES DEL GOBIERNO GENERAL,OTRAS UNIDADES DE GOBIERNO,No Aplica,No Aplica,No Aplica,No Aplica,,,,,,,,2022,Cuarto Trimestre,pres_ingreso,870437995.0,688072000.0,,,,,,,,,,,,,,,,,,,,
5890461,20210601,220173585,Instituto Purificense para la Recreación y el Deporte,1.1.02.06.006.06,OTRAS UNIDADES DE GOBIERNO,INGRESOS,INGRESOS CORRIENTES,INGRESOS NO TRIBUTARIOS,TRANSFERENCIAS CORRIENTES,TRANSFERENCIAS DE OTRAS ENTIDADES DEL GOBIERNO GENERAL,OTRAS UNIDADES DE GOBIERNO,No Aplica,No Aplica,No Aplica,No Aplica,,,,,,,,2021,Segundo Trimestre,pres_ingreso,541000000.0,431000000.0,,,,,,,,,,,,,,,,,,,,
5925203,20220901,220173585,Instituto Purificense para la Recreación y el Deporte,1.1.02.06.006.06,OTRAS UNIDADES DE GOBIERNO,INGRESOS,INGRESOS CORRIENTES,INGRESOS NO TRIBUTARIOS,TRANSFERENCIAS CORRIENTES,TRANSFERENCIAS DE OTRAS ENTIDADES DEL GOBIERNO GENERAL,OTRAS UNIDADES DE GOBIERNO,No Aplica,No Aplica,No Aplica,No Aplica,,,,,,,,2022,Tercer Trimestre,pres_ingreso,790945841.0,688072000.0,,,,,,,,,,,,,,,,,,,,
5940498,20230601,220173585,Instituto Purificense para la Recreación y el Deporte,1.1,INGRESOS CORRIENTES,INGRESOS,INGRESOS CORRIENTES,No Aplica,No Aplica,No Aplica,No Aplica,No Aplica,No Aplica,No Aplica,No Aplica,,,,,,,,2023,Segundo Trimestre,pres_ingreso,537148413.0,524700000.0,,,,,,,,,,,,,,,,,,,,
5943704,20230601,220173585,Instituto Purificense para la Recreación y el Deporte,1.1.02.05.001.09,"SERVICIOS PARA LA COMUNIDAD, SOCIALES Y PERSONALES",INGRESOS,INGRESOS CORRIENTES,INGRESOS NO TRIBUTARIOS,VENTA DE BIENES Y SERVICIOS,VENTAS DE ESTABLECIMIENTOS DE MERCADO,"SERVICIOS PARA LA COMUNIDAD, SOCIALES Y PERSONALES",No Aplica,No Aplica,No Aplica,No Aplica,,,,,,,,2023,Segundo Trimestre,pres_ingreso,1500000.0,0.0,,,,,,,,,,,,,,,,,,,,
5951067,20211201,220173585,Instituto Purificense para la Recreación y el Deporte,1.1.02.06.006.06,OTRAS UNIDADES DE GOBIERNO,INGRESOS,INGRESOS CORRIENTES,INGRESOS NO TRIBUTARIOS,TRANSFERENCIAS CORRIENTES,TRANSFERENCIAS DE OTRAS ENTIDADES DEL GOBIERNO GENERAL,OTRAS UNIDADES DE GOBIERNO,No Aplica,No Aplica,No Aplica,No Aplica,,,,,,,,2021,Cuarto Trimestre,pres_ingreso,668863847.0,431000000.0,,,,,,,,,,,,,,,,,,,,
5961649,20210601,220173585,Instituto Purificense para la Recreación y el Deporte,1.1,INGRESOS CORRIENTES,INGRESOS,INGRESOS CORRIENTES,No Aplica,No Aplica,No Aplica,No Aplica,No Aplica,No Aplica,No Aplica,No Aplica,,,,,,,,2021,Segundo Trimestre,pres_ingreso,541000000.0,431000000.0,,,,,,,,,,,,,,,,,,,,
5967523,20210601,220173585,Instituto Purificense para la Recreación y el Deporte,1.1.02,INGRESOS NO TRIBUTARIOS,INGRESOS,INGRESOS CORRIENTES,INGRESOS NO TRIBUTARIOS,No Aplica,No Aplica,No Aplica,No Aplica,No Aplica,No Aplica,No Aplica,,,,,,,,2021,Segundo Trimestre,pres_ingreso,541000000.0,431000000.0,,,,,,,,,,,,,,,,,,,,
5985306,20220301,220173585,Instituto Purificense para la Recreación y el Deporte,1.1.02,INGRESOS NO TRIBUTARIOS,INGRESOS,INGRESOS CORRIENTES,INGRESOS NO TRIBUTARIOS,No Aplica,No Aplica,No Aplica,No Aplica,No Aplica,No Aplica,No Aplica,,,,,,,,2022,Primer Trimestre,pres_ingreso,790945841.0,688072000.0,,,,,,,,,,,,,,,,,,,,
5993801,20210301,220173585,Instituto Purificense para la Recreación y el Deporte,1.1,INGRESOS CORRIENTES,INGRESOS,INGRESOS CORRIENTES,No Aplica,No Aplica,No Aplica,No Aplica,No Aplica,No Aplica,No Aplica,No Aplica,,,,,,,,2021,Primer Trimestre,pres_ingreso,431000000.0,431000000.0,,,,,,,,,,,,,,,,,,,,
6001223,20221201,220173585,Instituto Purificense para la Recreación y el Deporte,1.1.02,INGRESOS NO TRIBUTARIOS,INGRESOS,INGRESOS CORRIENTES,INGRESOS NO TRIBUTARIOS,No Aplica,No Aplica,No Aplica,No Aplica,No Aplica,No Aplica,No Aplica,,,,,,,,2022,Cuarto Trimestre,pres_ingreso,870437995.0,688072000.0,,,,,,,,,,,,,,,,,,,,
6018274,20220301,220173585,Instituto Purificense para la Recreación y el Deporte,1,INGRESOS,INGRESOS,No Aplica,No Aplica,No Aplica,No Aplica,No Aplica,No Aplica,No Aplica,No Aplica,No Aplica,,,,,,,,2022,Primer Trimestre,pres_ingreso,790945841.0,688072000.0,,,,,,,,,,,,,,,,,,,,
6020840,20230301,220173585,Instituto Purificense para la Recreación y el Deporte,1.2.14,RECURSOS DE TERCEROS,INGRESOS,RECURSOS DE CAPITAL,RECURSOS DE TERCEROS,No Aplica,No Aplica,No Aplica,No Aplica,No Aplica,No Aplica,No Aplica,,,,,,,,2023,Primer Trimestre,pres_ingreso,10223352.0,0.0,,,,,,,,,,,,,,,,,,,,
6028466,20210901,220173585,Instituto Purificense para la Recreación y el Deporte,1,INGRESOS,INGRESOS,No Aplica,No Aplica,No Aplica,No Aplica,No Aplica,No Aplica,No Aplica,No Aplica,No Aplica,,,,,,,,2021,Tercer Trimestre,pres_ingreso,636000000.0,431000000.0,,,,,,,,,,,,,,,,,,,,
6032255,20211201,220173585,Instituto Purificense para la Recreación y el Deporte,1.1.02.06.006,TRANSFERENCIAS DE OTRAS ENTIDADES DEL GOBIERNO GENERAL,INGRESOS,INGRESOS CORRIENTES,INGRESOS NO TRIBUTARIOS,TRANSFERENCIAS CORRIENTES,TRANSFERENCIAS DE OTRAS ENTIDADES DEL GOBIERNO GENERAL,No Aplica,No Aplica,No Aplica,No Aplica,No Aplica,,,,,,,,2021,Cuarto Trimestre,pres_ingreso,668863847.0,431000000.0,,,,,,,,,,,,,,,,,,,,
6043551,20230301,220173585,Instituto Purificense para la Recreación y el Deporte,1.2,RECURSOS DE CAPITAL,INGRESOS,RECURSOS DE CAPITAL,No Aplica,No Aplica,No Aplica,No Aplica,No Aplica,No Aplica,No Aplica,No Aplica,,,,,,,,2023,Primer Trimestre,pres_ingreso,10223352.0,0.0,,,,,,,,,,,,,,,,,,,,
6053426,20211201,220173585,Instituto Purificense para la Recreación y el Deporte,1.1.02.06,TRANSFERENCIAS CORRIENTES,INGRESOS,INGRESOS CORRIENTES,INGRESOS NO TRIBUTARIOS,TRANSFERENCIAS CORRIENTES,No Aplica,No Aplica,No Aplica,No Aplica,No Aplica,No Aplica,,,,,,,,2021,Cuarto Trimestre,pres_ingreso,668863847.0,431000000.0,,,,,,,,,,,,,,,,,,,,
6055338,20230601,220173585,Instituto Purificense para la Recreación y el Deporte,1.2.14,RECURSOS DE TERCEROS,INGRESOS,RECURSOS DE CAPITAL,RECURSOS DE TERCEROS,No Aplica,No Aplica,No Aplica,No Aplica,No Aplica,No Aplica,No Aplica,,,,,,,,2023,Segundo Trimestre,pres_ingreso,10223352.0,0.0,,,,,,,,,,,,,,,,,,,,
6055666,20230601,220173585,Instituto Purificense para la Recreación y el Deporte,1.1.02.06.006,TRANSFERENCIAS DE OTRAS ENTIDADES DEL GOBIERNO GENERAL,INGRESOS,INGRESOS CORRIENTES,INGRESOS NO TRIBUTARIOS,TRANSFERENCIAS CORRIENTES,TRANSFERENCIAS DE OTRAS ENTIDADES DEL GOBIERNO GENERAL,No Aplica,No Aplica,No Aplica,No Aplica,No Aplica,,,,,,,,2023,Segundo Trimestre,pres_ingreso,535648413.0,524700000.0,,,,,,,,,,,,,,,,,,,,
6057444,20210601,220173585,Instituto Purificense para la Recreación y el Deporte,1.1.02.06,TRANSFERENCIAS CORRIENTES,INGRESOS,INGRESOS CORRIENTES,INGRESOS NO TRIBUTARIOS,TRANSFERENCIAS CORRIENTES,No Aplica,No Aplica,No Aplica,No Aplica,No Aplica,No Aplica,,,,,,,,2021,Segundo Trimestre,pres_ingreso,541000000.0,431000000.0,,,,,,,,,,,,,,,,,,,,
6080871,20220901,220173585,Instituto Purificense para la Recreación y el Deporte,1.1.02.06,TRANSFERENCIAS CORRIENTES,INGRESOS,INGRESOS CORRIENTES,INGRESOS NO TRIBUTARIOS,TRANSFERENCIAS CORRIENTES,No Aplica,No Aplica,No Aplica,No Aplica,No Aplica,No Aplica,,,,,,,,2022,Tercer Trimestre,pres_ingreso,790945841.0,688072000.0,,,,,,,,,,,,,,,,,,,,
6095288,20230601,220173585,Instituto Purificense para la Recreación y el Deporte,1.1.02.05,VENTA DE BIENES Y SERVICIOS,INGRESOS,INGRESOS CORRIENTES,INGRESOS NO TRIBUTARIOS,VENTA DE BIENES Y SERVICIOS,No Aplica,No Aplica,No Aplica,No Aplica,No Aplica,No Aplica,,,,,,,,2023,Segundo Trimestre,pres_ingreso,1500000.0,0.0,,,,,,,,,,,,,,,,,,,,
6100699,20230301,220173585,Instituto Purificense para la Recreación y el Deporte,1.1.02.06,TRANSFERENCIAS CORRIENTES,INGRESOS,INGRESOS CORRIENTES,INGRESOS NO TRIBUTARIOS,TRANSFERENCIAS CORRIENTES,No Aplica,No Aplica,No Aplica,No Aplica,No Aplica,No Aplica,,,,,,,,2023,Primer Trimestre,pres_ingreso,529091051.0,524700000.0,,,,,,,,,,,,,,,,,,,,
6104678,20230901,220173585,Instituto Purificense para la Recreación y el Deporte,1.1.01,INGRESOS TRIBUTARIOS,INGRESOS,INGRESOS CORRIENTES,INGRESOS TRIBUTARIOS,No Aplica,No Aplica,No Aplica,No Aplica,No Aplica,No Aplica,No Aplica,,,,,,,,2023,Tercer Trimestre,pres_ingreso,10948413.0,0.0,,,,,,,,,,,,,,,,,,,,
6105137,20230901,220173585,Instituto Purificense para la Recreación y el Deporte,1.1.01.02.106.01,COMPONENTE ESPECIFICO DEL IMPUESTO AL CONSUMO DE CIGARRILLOS Y TABACO,INGRESOS,INGRESOS CORRIENTES,INGRESOS TRIBUTARIOS,IMPUESTOS INDIRECTOS,IMPUESTO AL CONSUMO DE CIGARRILLOS Y TABACO,COMPONENTE ESPECIFICO DEL IMPUESTO AL CONSUMO DE CIGARRILLOS Y TABACO,No Aplica,No Aplica,No Aplica,No Aplica,,,,,,,,2023,Tercer Trimestre,pres_ingreso,10948413.0,0.0,,,,,,,,,,,,,,,,,,,,
6106903,20230901,220173585,Instituto Purificense para la Recreación y el Deporte,1.1.02.06.006.06,OTRAS UNIDADES DE GOBIERNO,INGRESOS,INGRESOS CORRIENTES,INGRESOS NO TRIBUTARIOS,TRANSFERENCIAS CORRIENTES,TRANSFERENCIAS DE OTRAS ENTIDADES DEL GOBIERNO GENERAL,OTRAS UNIDADES DE GOBIERNO,No Aplica,No Aplica,No Aplica,No Aplica,,,,,,,,2023,Tercer Trimestre,pres_ingreso,679560927.0,524700000.0,,,,,,,,,,,,,,,,,,,,
6123083,20230901,220173585,Instituto Purificense para la Recreación y el Deporte,1.1.02.05,VENTA DE BIENES Y SERVICIOS,INGRESOS,INGRESOS CORRIENTES,INGRESOS NO TRIBUTARIOS,VENTA DE BIENES Y SERVICIOS,No Aplica,No Aplica,No Aplica,No Aplica,No Aplica,No Aplica,,,,,,,,2023,Tercer Trimestre,pres_ingreso,1500000.0,0.0,,,,,,,,,,,,,,,,,,,,
6132221,20230901,220173585,Instituto Purificense para la Recreación y el Deporte,1.1.02.06.006,TRANSFERENCIAS DE OTRAS ENTIDADES DEL GOBIERNO GENERAL,INGRESOS,INGRESOS CORRIENTES,INGRESOS NO TRIBUTARIOS,TRANSFERENCIAS CORRIENTES,TRANSFERENCIAS DE OTRAS ENTIDADES DEL GOBIERNO GENERAL,No Aplica,No Aplica,No Aplica,No Aplica,No Aplica,,,,,,,,2023,Tercer Trimestre,pres_ingreso,679560927.0,524700000.0,,,,,,,,,,,,,,,,,,,,
6140909,20230901,220173585,Instituto Purificense para la Recreación y el Deporte,1.1.01.02.106,IMPUESTO AL CONSUMO DE CIGARRILLOS Y TABACO,INGRESOS,INGRESOS CORRIENTES,INGRESOS TRIBUTARIOS,IMPUESTOS INDIRECTOS,IMPUESTO AL CONSUMO DE CIGARRILLOS Y TABACO,No Aplica,No Aplica,No Aplica,No Aplica,No Aplica,,,,,,,,2023,Tercer Trimestre,pres_ingreso,10948413.0,0.0,,,,,,,,,,,,,,,,,,,,
6148640,20230901,220173585,Instituto Purificense para la Recreación y el Deporte,1.1.02.05.001.00,"AGRICULTURA, SILVICULTURA Y PRODUCTOS DE LA PESCA",INGRESOS,INGRESOS CORRIENTES,INGRESOS NO TRIBUTARIOS,VENTA DE BIENES Y SERVICIOS,VENTAS DE ESTABLECIMIENTOS DE MERCADO,"AGRICULTURA, SILVICULTURA Y PRODUCTOS DE LA PESCA",No Aplica,No Aplica,No Aplica,No Aplica,,,,,,,,2023,Tercer Trimestre,pres_ingreso,0.0,0.0,,,,,,,,,,,,,,,,,,,,
6152397,20230901,220173585,Instituto Purificense para la Recreación y el Deporte,1.2,RECURSOS DE CAPITAL,INGRESOS,RECURSOS DE CAPITAL,No Aplica,No Aplica,No Aplica,No Aplica,No Aplica,No Aplica,No Aplica,No Aplica,,,,,,,,2023,Tercer Trimestre,pres_ingreso,10223352.0,0.0,,,,,,,,,,,,,,,,,,,,
6155252,20230901,220173585,Instituto Purificense para la Recreación y el Deporte,1.1,INGRESOS CORRIENTES,INGRESOS,INGRESOS CORRIENTES,No Aplica,No Aplica,No Aplica,No Aplica,No Aplica,No Aplica,No Aplica,No Aplica,,,,,,,,2023,Tercer Trimestre,pres_ingreso,692009340.0,524700000.0,,,,,,,,,,,,,,,,,,,,
6159647,20230901,220173585,Instituto Purificense para la Recreación y el Deporte,1.1.02.05.001,VENTAS DE ESTABLECIMIENTOS DE MERCADO,INGRESOS,INGRESOS CORRIENTES,INGRESOS NO TRIBUTARIOS,VENTA DE BIENES Y SERVICIOS,VENTAS DE ESTABLECIMIENTOS DE MERCADO,No Aplica,No Aplica,No Aplica,No Aplica,No Aplica,,,,,,,,2023,Tercer Trimestre,pres_ingreso,1500000.0,0.0,,,,,,,,,,,,,,,,,,,,
6159820,20230901,220173585,Instituto Purificense para la Recreación y el Deporte,1.1.02.05.001.09,"SERVICIOS PARA LA COMUNIDAD, SOCIALES Y PERSONALES",INGRESOS,INGRESOS CORRIENTES,INGRESOS NO TRIBUTARIOS,VENTA DE BIENES Y SERVICIOS,VENTAS DE ESTABLECIMIENTOS DE MERCADO,"SERVICIOS PARA LA COMUNIDAD, SOCIALES Y PERSONALES",No Aplica,No Aplica,No Aplica,No Aplica,,,,,,,,2023,Tercer Trimestre,pres_ingreso,1500000.0,0.0,,,,,,,,,,,,,,,,,,,,
6162068,20230901,220173585,Instituto Purificense para la Recreación y el Deporte,1,INGRESOS,INGRESOS,No Aplica,No Aplica,No Aplica,No Aplica,No Aplica,No Aplica,No Aplica,No Aplica,No Aplica,,,,,,,,2023,Tercer Trimestre,pres_ingreso,702232692.0,524700000.0,,,,,,,,,,,,,,,,,,,,
6167329,20230901,220173585,Instituto Purificense para la Recreación y el Deporte,1.1.01.02.106.01.01,COMPONENTE ESPECIFICO DEL IMPUESTO AL CONSUMO DE CIGARRILLOS Y TABACO - NACIONALES,INGRESOS,INGRESOS CORRIENTES,INGRESOS TRIBUTARIOS,IMPUESTOS INDIRECTOS,IMPUESTO AL CONSUMO DE CIGARRILLOS Y TABACO,COMPONENTE ESPECIFICO DEL IMPUESTO AL CONSUMO DE CIGARRILLOS Y TABACO,COMPONENTE ESPECIFICO DEL IMPUESTO AL CONSUMO DE CIGARRILLOS Y TABACO - NACIONALES,No Aplica,No Aplica,No Aplica,,,,,,,,2023,Tercer Trimestre,pres_ingreso,10948413.0,0.0,,,,,,,,,,,,,,,,,,,,
6176713,20230901,220173585,Instituto Purificense para la Recreación y el Deporte,1.1.02,INGRESOS NO TRIBUTARIOS,INGRESOS,INGRESOS CORRIENTES,INGRESOS NO TRIBUTARIOS,No Aplica,No Aplica,No Aplica,No Aplica,No Aplica,No Aplica,No Aplica,,,,,,,,2023,Tercer Trimestre,pres_ingreso,681060927.0,524700000.0,,,,,,,,,,,,,,,,,,,,
6186394,20230901,220173585,Instituto Purificense para la Recreación y el Deporte,1.2.14.04,RECURSOS DE TERCEROS EN ADMINISTRACION,INGRESOS,RECURSOS DE CAPITAL,RECURSOS DE TERCEROS,RECURSOS DE TERCEROS EN ADMINISTRACION,No Aplica,No Aplica,No Aplica,No Aplica,No Aplica,No Aplica,,,,,,,,2023,Tercer Trimestre,pres_ingreso,10223352.0,0.0,,,,,,,,,,,,,,,,,,,,
6187770,20230901,220173585,Instituto Purificense para la Recreación y el Deporte,1.1.02.06,TRANSFERENCIAS CORRIENTES,INGRESOS,INGRESOS CORRIENTES,INGRESOS NO TRIBUTARIOS,TRANSFERENCIAS CORRIENTES,No Aplica,No Aplica,No Aplica,No Aplica,No Aplica,No Aplica,,,,,,,,2023,Tercer Trimestre,pres_ingreso,679560927.0,524700000.0,,,,,,,,,,,,,,,,,,,,
6194022,20230901,220173585,Instituto Purificense para la Recreación y el Deporte,1.2.14,RECURSOS DE TERCEROS,INGRESOS,RECURSOS DE CAPITAL,RECURSOS DE TERCEROS,No Aplica,No Aplica,No Aplica,No Aplica,No Aplica,No Aplica,No Aplica,,,,,,,,2023,Tercer Trimestre,pres_ingreso,10223352.0,0.0,,,,,,,,,,,,,,,,,,,,
6223861,20230901,220173585,Instituto Purificense para la Recreación y el Deporte,1.1.01.02,IMPUESTOS INDIRECTOS,INGRESOS,INGRESOS CORRIENTES,INGRESOS TRIBUTARIOS,IMPUESTOS INDIRECTOS,No Aplica,No Aplica,No Aplica,No Aplica,No Aplica,No Aplica,,,,,,,,2023,Tercer Trimestre,pres_ingreso,10948413.0,0.0,,,,,,,,,,,,,,,,,,,,
6266570,20230601,220173585,Instituto Purificense para la Recreación y el Deporte,1.1.02.05,VENTA DE BIENES Y SERVICIOS,INGRESOS,INGRESOS CORRIENTES,INGRESOS NO TRIBUTARIOS,VENTA DE BIENES Y SERVICIOS,No Aplica,No Aplica,No Aplica,No Aplica,No Aplica,No Aplica,,,,,,,,2023,Segundo Trimestre,eje_ingreso,,,1500000.0,NO APLICA,NO APLICA,NO APLICA,NO APLICA,NO APLICA,NO APLICA,NO APLICA,NO APLICA,NO APLICA,0.0,1500000.0,0.0,0.0,,,,,,
6333967,20220601,220173585,Instituto Purificense para la Recreación y el Deporte,1.1,INGRESOS CORRIENTES,INGRESOS,INGRESOS CORRIENTES,No Aplica,No Aplica,No Aplica,No Aplica,No Aplica,No Aplica,No Aplica,No Aplica,,,,,,,,2022,Segundo Trimestre,eje_ingreso,,,238503100.0,NO APLICA,NO APLICA,NO APLICA,NO APLICA,NO APLICA,NO APLICA,NO APLICA,NO APLICA,NO APLICA,0.0,238503100.0,0.0,0.0,,,,,,
6365116,20230601,220173585,Instituto Purificense para la Recreación y el Deporte,1.2.14,RECURSOS DE TERCEROS,INGRESOS,RECURSOS DE CAPITAL,RECURSOS DE TERCEROS,No Aplica,No Aplica,No Aplica,No Aplica,No Aplica,No Aplica,No Aplica,,,,,,,,2023,Segundo Trimestre,eje_ingreso,,,10223352.0,NO APLICA,NO APLICA,NO APLICA,NO APLICA,NO APLICA,NO APLICA,NO APLICA,NO APLICA,NO APLICA,0.0,10223352.0,0.0,0.0,,,,,,
6372026,20211201,220173585,Instituto Purificense para la Recreación y el Deporte,1.1.02.06.006.06,OTRAS UNIDADES DE GOBIERNO,INGRESOS,INGRESOS CORRIENTES,INGRESOS NO TRIBUTARIOS,TRANSFERENCIAS CORRIENTES,TRANSFERENCIAS DE OTRAS ENTIDADES DEL GOBIERNO GENERAL,OTRAS UNIDADES DE GOBIERNO,No Aplica,No Aplica,No Aplica,No Aplica,,,,,,,,2021,Cuarto Trimestre,eje_ingreso,,,578642386.0,NO APLICA,INGRESOS CORRIENTES DE LIBRE DESTINACION,NO APLICA,NO APLICA,NO APLICA,NO APLICA,OTRO,NO APLICA,NO APLICA,0.0,578642386.0,0.0,0.0,,,,,,
6409637,20230901,220173585,Instituto Purificense para la Recreación y el Deporte,1.2.14.04,RECURSOS DE TERCEROS EN ADMINISTRACION,INGRESOS,RECURSOS DE CAPITAL,RECURSOS DE TERCEROS,RECURSOS DE TERCEROS EN ADMINISTRACION,No Aplica,No Aplica,No Aplica,No Aplica,No Aplica,No Aplica,,,,,,,,2023,Tercer Trimestre,eje_ingreso,,,10223532.0,NO APLICA,INGRESOS CORRIENTES DE LIBRE DESTINACION,NO APLICA,NO APLICA,NO APLICA,NO APLICA,NO APLICA,NO APLICA,NO APLICA,10223532.0,0.0,0.0,0.0,,,,,,
6410700,20210601,220173585,Instituto Purificense para la Recreación y el Deporte,1.1,INGRESOS CORRIENTES,INGRESOS,INGRESOS CORRIENTES,No Aplica,No Aplica,No Aplica,No Aplica,No Aplica,No Aplica,No Aplica,No Aplica,,,,,,,,2021,Segundo Trimestre,eje_ingreso,,,311382860.0,NO APLICA,NO APLICA,NO,NO APLICA,NO APLICA,,NO APLICA,NO APLICA,NO APLICA,0.0,311382860.0,0.0,0.0,,,,,,
6415264,20220301,220173585,Instituto Purificense para la Recreación y el Deporte,1.1.02.06,TRANSFERENCIAS CORRIENTES,INGRESOS,INGRESOS CORRIENTES,INGRESOS NO TRIBUTARIOS,TRANSFERENCIAS CORRIENTES,No Aplica,No Aplica,No Aplica,No Aplica,No Aplica,No Aplica,,,,,,,,2022,Primer Trimestre,eje_ingreso,,,193512424.0,NO APLICA,NO APLICA,NO APLICA,NO APLICA,NO APLICA,NO APLICA,NO APLICA,NO APLICA,NO APLICA,0.0,193512424.0,0.0,0.0,,,,,,
6447114,20210301,220173585,Instituto Purificense para la Recreación y el Deporte,1.1,INGRESOS CORRIENTES,INGRESOS,INGRESOS CORRIENTES,No Aplica,No Aplica,No Aplica,No Aplica,No Aplica,No Aplica,No Aplica,No Aplica,,,,,,,,2021,Primer Trimestre,eje_ingreso,,,206220036.0,NO APLICA,NO APLICA,NO,NO APLICA,NO APLICA,,NO APLICA,NO APLICA,NO APLICA,0.0,206220036.0,0.0,0.0,,,,,,
6523192,20220301,220173585,Instituto Purificense para la Recreación y el Deporte,1.1.02.06.006,TRANSFERENCIAS DE OTRAS ENTIDADES DEL GOBIERNO GENERAL,INGRESOS,INGRESOS CORRIENTES,INGRESOS NO TRIBUTARIOS,TRANSFERENCIAS CORRIENTES,TRANSFERENCIAS DE OTRAS ENTIDADES DEL GOBIERNO GENERAL,No Aplica,No Aplica,No Aplica,No Aplica,No Aplica,,,,,,,,2022,Primer Trimestre,eje_ingreso,,,193512424.0,NO APLICA,NO APLICA,NO APLICA,NO APLICA,NO APLICA,NO APLICA,NO APLICA,NO APLICA,NO APLICA,0.0,193512424.0,0.0,0.0,,,,,,
6575506,20210901,220173585,Instituto Purificense para la Recreación y el Deporte,1.1.02.06.006.06,OTRAS UNIDADES DE GOBIERNO,INGRESOS,INGRESOS CORRIENTES,INGRESOS NO TRIBUTARIOS,TRANSFERENCIAS CORRIENTES,TRANSFERENCIAS DE OTRAS ENTIDADES DEL GOBIERNO GENERAL,OTRAS UNIDADES DE GOBIERNO,No Aplica,No Aplica,No Aplica,No Aplica,,,,,,,,2021,Tercer Trimestre,eje_ingreso,,,480966557.0,NO APLICA,1.2.1.0.00 - INGRESOS CORRIENTES DE LIBRE DESTINACION,NO,NO APLICA,NO APLICA,,PURIFICACION,NO APLICA,NO APLICA,0.0,480966557.0,0.0,0.0,,,,,,
6580252,20230901,220173585,Instituto Purificense para la Recreación y el Deporte,1.1,INGRESOS CORRIENTES,INGRESOS,INGRESOS CORRIENTES,No Aplica,No Aplica,No Aplica,No Aplica,No Aplica,No Aplica,No Aplica,No Aplica,,,,,,,,2023,Tercer Trimestre,eje_ingreso,,,507494380.0,NO APLICA,NO APLICA,NO APLICA,NO APLICA,NO APLICA,NO APLICA,NO APLICA,NO APLICA,NO APLICA,507494380.0,0.0,0.0,0.0,,,,,,
6608095,20210301,220173585,Instituto Purificense para la Recreación y el Deporte,1.1.02.06,TRANSFERENCIAS CORRIENTES,INGRESOS,INGRESOS CORRIENTES,INGRESOS NO TRIBUTARIOS,TRANSFERENCIAS CORRIENTES,No Aplica,No Aplica,No Aplica,No Aplica,No Aplica,No Aplica,,,,,,,,2021,Primer Trimestre,eje_ingreso,,,206220036.0,NO APLICA,NO APLICA,NO,NO APLICA,NO APLICA,,NO APLICA,NO APLICA,NO APLICA,0.0,206220036.0,0.0,0.0,,,,,,
6615274,20230901,220173585,Instituto Purificense para la Recreación y el Deporte,1.1.02.05.001,VENTAS DE ESTABLECIMIENTOS DE MERCADO,INGRESOS,INGRESOS CORRIENTES,INGRESOS NO TRIBUTARIOS,VENTA DE BIENES Y SERVICIOS,VENTAS DE ESTABLECIMIENTOS DE MERCADO,No Aplica,No Aplica,No Aplica,No Aplica,No Aplica,,,,,,,,2023,Tercer Trimestre,eje_ingreso,,,1500000.0,NO APLICA,NO APLICA,NO APLICA,NO APLICA,NO APLICA,NO APLICA,NO APLICA,NO APLICA,NO APLICA,1500000.0,0.0,0.0,0.0,,,,,,
6644856,20211201,220173585,Instituto Purificense para la Recreación y el Deporte,1.1.02.06,TRANSFERENCIAS CORRIENTES,INGRESOS,INGRESOS CORRIENTES,INGRESOS NO TRIBUTARIOS,TRANSFERENCIAS CORRIENTES,No Aplica,No Aplica,No Aplica,No Aplica,No Aplica,No Aplica,,,,,,,,2021,Cuarto Trimestre,eje_ingreso,,,578642386.0,NO APLICA,NO APLICA,NO APLICA,NO APLICA,NO APLICA,NO APLICA,NO APLICA,NO APLICA,NO APLICA,0.0,578642386.0,0.0,0.0,,,,,,
6645148,20210301,220173585,Instituto Purificense para la Recreación y el Deporte,1.1.02.05.002,VENTAS INCIDENTALES DE ESTABLECIMIENTOS NO DE MERCADO,INGRESOS,INGRESOS CORRIENTES,INGRESOS NO TRIBUTARIOS,VENTA DE BIENES Y SERVICIOS,VENTAS INCIDENTALES DE ESTABLECIMIENTOS NO DE MERCADO,No Aplica,No Aplica,No Aplica,No Aplica,No Aplica,,,,,,,,2021,Primer Trimestre,eje_ingreso,,,0.0,NO APLICA,NO APLICA,NO,NO APLICA,NO APLICA,,NO APLICA,NO APLICA,NO APLICA,0.0,0.0,0.0,0.0,,,,,,
6681580,20210901,220173585,Instituto Purificense para la Recreación y el Deporte,1.1,INGRESOS CORRIENTES,INGRESOS,INGRESOS CORRIENTES,No Aplica,No Aplica,No Aplica,No Aplica,No Aplica,No Aplica,No Aplica,No Aplica,,,,,,,,2021,Tercer Trimestre,eje_ingreso,,,480966557.0,NO APLICA,NO APLICA,NO,NO APLICA,NO APLICA,,NO APLICA,NO APLICA,NO APLICA,0.0,480966557.0,0.0,0.0,,,,,,
6686623,20230301,220173585,Instituto Purificense para la Recreación y el Deporte,1.1.02,INGRESOS NO TRIBUTARIOS,INGRESOS,INGRESOS CORRIENTES,INGRESOS NO TRIBUTARIOS,No Aplica,No Aplica,No Aplica,No Aplica,No Aplica,No Aplica,No Aplica,,,,,,,,2023,Primer Trimestre,eje_ingreso,,,119755555.0,NO APLICA,NO APLICA,NO APLICA,NO APLICA,NO APLICA,NO APLICA,NO APLICA,NO APLICA,NO APLICA,0.0,119755555.0,0.0,0.0,,,,,,
6703718,20210901,220173585,Instituto Purificense para la Recreación y el Deporte,1.1.02,INGRESOS NO TRIBUTARIOS,INGRESOS,INGRESOS CORRIENTES,INGRESOS NO TRIBUTARIOS,No Aplica,No Aplica,No Aplica,No Aplica,No Aplica,No Aplica,No Aplica,,,,,,,,2021,Tercer Trimestre,eje_ingreso,,,480966557.0,NO APLICA,NO APLICA,NO,NO APLICA,NO APLICA,,NO APLICA,NO APLICA,NO APLICA,0.0,480966557.0,0.0,0.0,,,,,,
6734965,20220301,220173585,Instituto Purificense para la Recreación y el Deporte,1,INGRESOS,INGRESOS,No Aplica,No Aplica,No Aplica,No Aplica,No Aplica,No Aplica,No Aplica,No Aplica,No Aplica,,,,,,,,2022,Primer Trimestre,eje_ingreso,,,193512424.0,NO APLICA,NO APLICA,NO APLICA,NO APLICA,NO APLICA,NO APLICA,NO APLICA,NO APLICA,NO APLICA,0.0,193512424.0,0.0,0.0,,,,,,
6749554,20220601,220173585,Instituto Purificense para la Recreación y el Deporte,1,INGRESOS,INGRESOS,No Aplica,No Aplica,No Aplica,No Aplica,No Aplica,No Aplica,No Aplica,No Aplica,No Aplica,,,,,,,,2022,Segundo Trimestre,eje_ingreso,,,238503100.0,NO APLICA,NO APLICA,NO APLICA,NO APLICA,NO APLICA,NO APLICA,NO APLICA,NO APLICA,NO APLICA,0.0,238503100.0,0.0,0.0,,,,,,
6751411,20230901,220173585,Instituto Purificense para la Recreación y el Deporte,1.1.02,INGRESOS NO TRIBUTARIOS,INGRESOS,INGRESOS CORRIENTES,INGRESOS NO TRIBUTARIOS,No Aplica,No Aplica,No Aplica,No Aplica,No Aplica,No Aplica,No Aplica,,,,,,,,2023,Tercer Trimestre,eje_ingreso,,,493863532.0,NO APLICA,NO APLICA,NO APLICA,NO APLICA,NO APLICA,NO APLICA,NO APLICA,NO APLICA,NO APLICA,493863532.0,0.0,0.0,0.0,,,,,,
6752313,20220901,220173585,Instituto Purificense para la Recreación y el Deporte,1,INGRESOS,INGRESOS,No Aplica,No Aplica,No Aplica,No Aplica,No Aplica,No Aplica,No Aplica,No Aplica,No Aplica,,,,,,,,2022,Tercer Trimestre,eje_ingreso,,,399034251.0,NO APLICA,NO APLICA,NO APLICA,NO APLICA,NO APLICA,NO APLICA,NO APLICA,NO APLICA,NO APLICA,0.0,399034251.0,0.0,0.0,,,,,,
6777377,20211201,220173585,Instituto Purificense para la Recreación y el Deporte,1,INGRESOS,INGRESOS,No Aplica,No Aplica,No Aplica,No Aplica,No Aplica,No Aplica,No Aplica,No Aplica,No Aplica,,,,,,,,2021,Cuarto Trimestre,eje_ingreso,,,578642386.0,NO APLICA,NO APLICA,NO APLICA,NO APLICA,NO APLICA,NO APLICA,NO APLICA,NO APLICA,NO APLICA,0.0,578642386.0,0.0,0.0,,,,,,
6780496,20220301,220173585,Instituto Purificense para la Recreación y el Deporte,1.1,INGRESOS CORRIENTES,INGRESOS,INGRESOS CORRIENTES,No Aplica,No Aplica,No Aplica,No Aplica,No Aplica,No Aplica,No Aplica,No Aplica,,,,,,,,2022,Primer Trimestre,eje_ingreso,,,193512424.0,NO APLICA,NO APLICA,NO APLICA,NO APLICA,NO APLICA,NO APLICA,NO APLICA,NO APLICA,NO APLICA,0.0,193512424.0,0.0,0.0,,,,,,
6785663,20210601,220173585,Instituto Purificense para la Recreación y el Deporte,1.1.02,INGRESOS NO TRIBUTARIOS,INGRESOS,INGRESOS CORRIENTES,INGRESOS NO TRIBUTARIOS,No Aplica,No Aplica,No Aplica,No Aplica,No Aplica,No Aplica,No Aplica,,,,,,,,2021,Segundo Trimestre,eje_ingreso,,,311382860.0,NO APLICA,NO APLICA,NO,NO APLICA,NO APLICA,,NO APLICA,NO APLICA,NO APLICA,0.0,311382860.0,0.0,0.0,,,,,,
6805431,20230601,220173585,Instituto Purificense para la Recreación y el Deporte,1.2.14.04,RECURSOS DE TERCEROS EN ADMINISTRACION,INGRESOS,RECURSOS DE CAPITAL,RECURSOS DE TERCEROS,RECURSOS DE TERCEROS EN ADMINISTRACION,No Aplica,No Aplica,No Aplica,No Aplica,No Aplica,No Aplica,,,,,,,,2023,Segundo Trimestre,eje_ingreso,,,10223352.0,NO APLICA,INGRESOS CORRIENTES DE LIBRE DESTINACION,NO APLICA,NO APLICA,NO APLICA,NO APLICA,NO APLICA,NO APLICA,NO APLICA,0.0,10223352.0,0.0,0.0,,,,,,
6809523,20230301,220173585,Instituto Purificense para la Recreación y el Deporte,1.2,RECURSOS DE CAPITAL,INGRESOS,RECURSOS DE CAPITAL,No Aplica,No Aplica,No Aplica,No Aplica,No Aplica,No Aplica,No Aplica,No Aplica,,,,,,,,2023,Primer Trimestre,eje_ingreso,,,10223352.0,NO APLICA,NO APLICA,NO APLICA,NO APLICA,NO APLICA,NO APLICA,NO APLICA,NO APLICA,NO APLICA,0.0,10223352.0,0.0,0.0,,,,,,
6813683,20210901,220173585,Instituto Purificense para la Recreación y el Deporte,1.1.02.06.006,TRANSFERENCIAS DE OTRAS ENTIDADES DEL GOBIERNO GENERAL,INGRESOS,INGRESOS CORRIENTES,INGRESOS NO TRIBUTARIOS,TRANSFERENCIAS CORRIENTES,TRANSFERENCIAS DE OTRAS ENTIDADES DEL GOBIERNO GENERAL,No Aplica,No Aplica,No Aplica,No Aplica,No Aplica,,,,,,,,2021,Tercer Trimestre,eje_ingreso,,,480966557.0,NO APLICA,NO APLICA,NO,NO APLICA,NO APLICA,,NO APLICA,NO APLICA,NO APLICA,0.0,480966557.0,0.0,0.0,,,,,,
6824632,20211201,220173585,Instituto Purificense para la Recreación y el Deporte,1.1,INGRESOS CORRIENTES,INGRESOS,INGRESOS CORRIENTES,No Aplica,No Aplica,No Aplica,No Aplica,No Aplica,No Aplica,No Aplica,No Aplica,,,,,,,,2021,Cuarto Trimestre,eje_ingreso,,,578642386.0,NO APLICA,NO APLICA,NO APLICA,NO APLICA,NO APLICA,NO APLICA,NO APLICA,NO APLICA,NO APLICA,0.0,578642386.0,0.0,0.0,,,,,,
6886990,20210301,220173585,Instituto Purificense para la Recreación y el Deporte,1.1.02,INGRESOS NO TRIBUTARIOS,INGRESOS,INGRESOS CORRIENTES,INGRESOS NO TRIBUTARIOS,No Aplica,No Aplica,No Aplica,No Aplica,No Aplica,No Aplica,No Aplica,,,,,,,,2021,Primer Trimestre,eje_ingreso,,,206220036.0,NO APLICA,NO APLICA,NO,NO APLICA,NO APLICA,,NO APLICA,NO APLICA,NO APLICA,0.0,206220036.0,0.0,0.0,,,,,,
6892489,20220901,220173585,Instituto Purificense para la Recreación y el Deporte,1.1.02,INGRESOS NO TRIBUTARIOS,INGRESOS,INGRESOS CORRIENTES,INGRESOS NO TRIBUTARIOS,No Aplica,No Aplica,No Aplica,No Aplica,No Aplica,No Aplica,No Aplica,,,,,,,,2022,Tercer Trimestre,eje_ingreso,,,399034251.0,NO APLICA,NO APLICA,NO APLICA,NO APLICA,NO APLICA,NO APLICA,NO APLICA,NO APLICA,NO APLICA,0.0,399034251.0,0.0,0.0,,,,,,
6906294,20230601,220173585,Instituto Purificense para la Recreación y el Deporte,1.1.02.06.006.06,OTRAS UNIDADES DE GOBIERNO,INGRESOS,INGRESOS CORRIENTES,INGRESOS NO TRIBUTARIOS,TRANSFERENCIAS CORRIENTES,TRANSFERENCIAS DE OTRAS ENTIDADES DEL GOBIERNO GENERAL,OTRAS UNIDADES DE GOBIERNO,No Aplica,No Aplica,No Aplica,No Aplica,,,,,,,,2023,Segundo Trimestre,eje_ingreso,,,301048400.0,NO APLICA,INGRESOS CORRIENTES DE LIBRE DESTINACION,NO APLICA,NO APLICA,NO APLICA,NO APLICA,NO APLICA,NO APLICA,NO APLICA,0.0,301048400.0,0.0,0.0,,,,,,
6907537,20210601,220173585,Instituto Purificense para la Recreación y el Deporte,1.1.02.06.006,TRANSFERENCIAS DE OTRAS ENTIDADES DEL GOBIERNO GENERAL,INGRESOS,INGRESOS CORRIENTES,INGRESOS NO TRIBUTARIOS,TRANSFERENCIAS CORRIENTES,TRANSFERENCIAS DE OTRAS ENTIDADES DEL GOBIERNO GENERAL,No Aplica,No Aplica,No Aplica,No Aplica,No Aplica,,,,,,,,2021,Segundo Trimestre,eje_ingreso,,,311382860.0,NO APLICA,NO APLICA,NO,NO APLICA,NO APLICA,,NO APLICA,NO APLICA,NO APLICA,0.0,311382860.0,0.0,0.0,,,,,,
6969236,20230901,220173585,Instituto Purificense para la Recreación y el Deporte,1.2,RECURSOS DE CAPITAL,INGRESOS,RECURSOS DE CAPITAL,No Aplica,No Aplica,No Aplica,No Aplica,No Aplica,No Aplica,No Aplica,No Aplica,,,,,,,,2023,Tercer Trimestre,eje_ingreso,,,10223532.0,NO APLICA,NO APLICA,NO APLICA,NO APLICA,NO APLICA,NO APLICA,NO APLICA,NO APLICA,NO APLICA,10223532.0,0.0,0.0,0.0,,,,,,
6973518,20230901,220173585,Instituto Purificense para la Recreación y el Deporte,1.1.01.02.106.01.01,COMPONENTE ESPECIFICO DEL IMPUESTO AL CONSUMO DE CIGARRILLOS Y TABACO - NACIONALES,INGRESOS,INGRESOS CORRIENTES,INGRESOS TRIBUTARIOS,IMPUESTOS INDIRECTOS,IMPUESTO AL CONSUMO DE CIGARRILLOS Y TABACO,COMPONENTE ESPECIFICO DEL IMPUESTO AL CONSUMO DE CIGARRILLOS Y TABACO,COMPONENTE ESPECIFICO DEL IMPUESTO AL CONSUMO DE CIGARRILLOS Y TABACO - NACIONALES,No Aplica,No Aplica,No Aplica,,,,,,,,2023,Tercer Trimestre,eje_ingreso,,,13630848.0,NO APLICA,INGRESOS CORRIENTES DE LIBRE DESTINACION,NO APLICA,NO APLICA,NO APLICA,NO APLICA,NO APLICA,NO APLICA,NO APLICA,13630848.0,0.0,0.0,0.0,,,,,,
7010633,20230901,220173585,Instituto Purificense para la Recreación y el Deporte,1.1.01.02.106,IMPUESTO AL CONSUMO DE CIGARRILLOS Y TABACO,INGRESOS,INGRESOS CORRIENTES,INGRESOS TRIBUTARIOS,IMPUESTOS INDIRECTOS,IMPUESTO AL CONSUMO DE CIGARRILLOS Y TABACO,No Aplica,No Aplica,No Aplica,No Aplica,No Aplica,,,,,,,,2023,Tercer Trimestre,eje_ingreso,,,13630848.0,NO APLICA,NO APLICA,NO APLICA,NO APLICA,NO APLICA,NO APLICA,NO APLICA,NO APLICA,NO APLICA,13630848.0,0.0,0.0,0.0,,,,,,
7025361,20230901,220173585,Instituto Purificense para la Recreación y el Deporte,1.1.01.02,IMPUESTOS INDIRECTOS,INGRESOS,INGRESOS CORRIENTES,INGRESOS TRIBUTARIOS,IMPUESTOS INDIRECTOS,No Aplica,No Aplica,No Aplica,No Aplica,No Aplica,No Aplica,,,,,,,,2023,Tercer Trimestre,eje_ingreso,,,13630848.0,NO APLICA,NO APLICA,NO APLICA,NO APLICA,NO APLICA,NO APLICA,NO APLICA,NO APLICA,NO APLICA,13630848.0,0.0,0.0,0.0,,,,,,
7025452,20230301,220173585,Instituto Purificense para la Recreación y el Deporte,1.1,INGRESOS CORRIENTES,INGRESOS,INGRESOS CORRIENTES,No Aplica,No Aplica,No Aplica,No Aplica,No Aplica,No Aplica,No Aplica,No Aplica,,,,,,,,2023,Primer Trimestre,eje_ingreso,,,119755555.0,NO APLICA,NO APLICA,NO APLICA,NO APLICA,NO APLICA,NO APLICA,NO APLICA,NO APLICA,NO APLICA,0.0,119755555.0,0.0,0.0,,,,,,
7039860,20220301,220173585,Instituto Purificense para la Recreación y el Deporte,1.1.02,INGRESOS NO TRIBUTARIOS,INGRESOS,INGRESOS CORRIENTES,INGRESOS NO TRIBUTARIOS,No Aplica,No Aplica,No Aplica,No Aplica,No Aplica,No Aplica,No Aplica,,,,,,,,2022,Primer Trimestre,eje_ingreso,,,193512424.0,NO APLICA,NO APLICA,NO APLICA,NO APLICA,NO APLICA,NO APLICA,NO APLICA,NO APLICA,NO APLICA,0.0,193512424.0,0.0,0.0,,,,,,
7045941,20211201,220173585,Instituto Purificense para la Recreación y el Deporte,1.1.02.06.006,TRANSFERENCIAS DE OTRAS ENTIDADES DEL GOBIERNO GENERAL,INGRESOS,INGRESOS CORRIENTES,INGRESOS NO TRIBUTARIOS,TRANSFERENCIAS CORRIENTES,TRANSFERENCIAS DE OTRAS ENTIDADES DEL GOBIERNO GENERAL,No Aplica,No Aplica,No Aplica,No Aplica,No Aplica,,,,,,,,2021,Cuarto Trimestre,eje_ingreso,,,578642386.0,NO APLICA,NO APLICA,NO APLICA,NO APLICA,NO APLICA,NO APLICA,NO APLICA,NO APLICA,NO APLICA,0.0,578642386.0,0.0,0.0,,,,,,
7056514,20221201,220173585,Instituto Purificense para la Recreación y el Deporte,1.1.02.06,TRANSFERENCIAS CORRIENTES,INGRESOS,INGRESOS CORRIENTES,INGRESOS NO TRIBUTARIOS,TRANSFERENCIAS CORRIENTES,No Aplica,No Aplica,No Aplica,No Aplica,No Aplica,No Aplica,,,,,,,,2022,Cuarto Trimestre,eje_ingreso,,,572814550.0,NO APLICA,NO APLICA,NO APLICA,NO APLICA,NO APLICA,NO APLICA,NO APLICA,NO APLICA,NO APLICA,0.0,572814550.0,0.0,0.0,,,,,,
7100163,20230901,220173585,Instituto Purificense para la Recreación y el Deporte,1.1.01.02.106.01,COMPONENTE ESPECIFICO DEL IMPUESTO AL CONSUMO DE CIGARRILLOS Y TABACO,INGRESOS,INGRESOS CORRIENTES,INGRESOS TRIBUTARIOS,IMPUESTOS INDIRECTOS,IMPUESTO AL CONSUMO DE CIGARRILLOS Y TABACO,COMPONENTE ESPECIFICO DEL IMPUESTO AL CONSUMO DE CIGARRILLOS Y TABACO,No Aplica,No Aplica,No Aplica,No Aplica,,,,,,,,2023,Tercer Trimestre,eje_ingreso,,,13630848.0,NO APLICA,NO APLICA,NO APLICA,NO APLICA,NO APLICA,NO APLICA,NO APLICA,NO APLICA,NO APLICA,13630848.0,0.0,0.0,0.0,,,,,,
7102037,20210301,220173585,Instituto Purificense para la Recreación y el Deporte,1,INGRESOS,INGRESOS,No Aplica,No Aplica,No Aplica,No Aplica,No Aplica,No Aplica,No Aplica,No Aplica,No Aplica,,,,,,,,2021,Primer Trimestre,eje_ingreso,,,206220036.0,NO APLICA,NO APLICA,NO,NO APLICA,NO APLICA,,NO APLICA,NO APLICA,NO APLICA,0.0,206220036.0,0.0,0.0,,,,,,
7144825,20210301,220173585,Instituto Purificense para la Recreación y el Deporte,1.1.02.06.006.06,OTRAS UNIDADES DE GOBIERNO,INGRESOS,INGRESOS CORRIENTES,INGRESOS NO TRIBUTARIOS,TRANSFERENCIAS CORRIENTES,TRANSFERENCIAS DE OTRAS ENTIDADES DEL GOBIERNO GENERAL,OTRAS UNIDADES DE GOBIERNO,No Aplica,No Aplica,No Aplica,No Aplica,,,,,,,,2021,Primer Trimestre,eje_ingreso,,,206220036.0,NO APLICA,1.2.1.0.00 - INGRESOS CORRIENTES DE LIBRE DESTINACION,NO,NO APLICA,NO APLICA,0,PURIFICACION,NO APLICA,NO APLICA,0.0,206220036.0,0.0,0.0,,,,,,
7171230,20220601,220173585,Instituto Purificense para la Recreación y el Deporte,1.1.02.06.006.06,OTRAS UNIDADES DE GOBIERNO,INGRESOS,INGRESOS CORRIENTES,INGRESOS NO TRIBUTARIOS,TRANSFERENCIAS CORRIENTES,TRANSFERENCIAS DE OTRAS ENTIDADES DEL GOBIERNO GENERAL,OTRAS UNIDADES DE GOBIERNO,No Aplica,No Aplica,No Aplica,No Aplica,,,,,,,,2022,Segundo Trimestre,eje_ingreso,,,238503100.0,NO APLICA,INGRESOS CORRIENTES DE LIBRE DESTINACION,NO APLICA,NO APLICA,NO APLICA,NO APLICA,OTRO,NO APLICA,NO APLICA,0.0,238503100.0,0.0,0.0,,,,,,
7272758,20210601,220173585,Instituto Purificense para la Recreación y el Deporte,1.1.02.06,TRANSFERENCIAS CORRIENTES,INGRESOS,INGRESOS CORRIENTES,INGRESOS NO TRIBUTARIOS,TRANSFERENCIAS CORRIENTES,No Aplica,No Aplica,No Aplica,No Aplica,No Aplica,No Aplica,,,,,,,,2021,Segundo Trimestre,eje_ingreso,,,311382860.0,NO APLICA,NO APLICA,NO,NO APLICA,NO APLICA,,NO APLICA,NO APLICA,NO APLICA,0.0,311382860.0,0.0,0.0,,,,,,
7298585,20210601,220173585,Instituto Purificense para la Recreación y el Deporte,1,INGRESOS,INGRESOS,No Aplica,No Aplica,No Aplica,No Aplica,No Aplica,No Aplica,No Aplica,No Aplica,No Aplica,,,,,,,,2021,Segundo Trimestre,eje_ingreso,,,311382860.0,NO APLICA,NO APLICA,NO,NO APLICA,NO APLICA,,NO APLICA,NO APLICA,NO APLICA,0.0,311382860.0,0.0,0.0,,,,,,
7324450,20230601,220173585,Instituto Purificense para la Recreación y el Deporte,1.1.02,INGRESOS NO TRIBUTARIOS,INGRESOS,INGRESOS CORRIENTES,INGRESOS NO TRIBUTARIOS,No Aplica,No Aplica,No Aplica,No Aplica,No Aplica,No Aplica,No Aplica,,,,,,,,2023,Segundo Trimestre,eje_ingreso,,,302548400.0,NO APLICA,NO APLICA,NO APLICA,NO APLICA,NO APLICA,NO APLICA,NO APLICA,NO APLICA,NO APLICA,0.0,302548400.0,0.0,0.0,,,,,,
7329296,20230901,220173585,Instituto Purificense para la Recreación y el Deporte,1.1.02.06,TRANSFERENCIAS CORRIENTES,INGRESOS,INGRESOS CORRIENTES,INGRESOS NO TRIBUTARIOS,TRANSFERENCIAS CORRIENTES,No Aplica,No Aplica,No Aplica,No Aplica,No Aplica,No Aplica,,,,,,,,2023,Tercer Trimestre,eje_ingreso,,,492363532.0,NO APLICA,NO APLICA,NO APLICA,NO APLICA,NO APLICA,NO APLICA,NO APLICA,NO APLICA,NO APLICA,492363532.0,0.0,0.0,0.0,,,,,,
7362471,20230601,220173585,Instituto Purificense para la Recreación y el Deporte,1.1.02.06.006,TRANSFERENCIAS DE OTRAS ENTIDADES DEL GOBIERNO GENERAL,INGRESOS,INGRESOS CORRIENTES,INGRESOS NO TRIBUTARIOS,TRANSFERENCIAS CORRIENTES,TRANSFERENCIAS DE OTRAS ENTIDADES DEL GOBIERNO GENERAL,No Aplica,No Aplica,No Aplica,No Aplica,No Aplica,,,,,,,,2023,Segundo Trimestre,eje_ingreso,,,301048400.0,NO APLICA,NO APLICA,NO APLICA,NO APLICA,NO APLICA,NO APLICA,NO APLICA,NO APLICA,NO APLICA,0.0,301048400.0,0.0,0.0,,,,,,
7373303,20221201,220173585,Instituto Purificense para la Recreación y el Deporte,1.1.02.06.006.06,OTRAS UNIDADES DE GOBIERNO,INGRESOS,INGRESOS CORRIENTES,INGRESOS NO TRIBUTARIOS,TRANSFERENCIAS CORRIENTES,TRANSFERENCIAS DE OTRAS ENTIDADES DEL GOBIERNO GENERAL,OTRAS UNIDADES DE GOBIERNO,No Aplica,No Aplica,No Aplica,No Aplica,,,,,,,,2022,Cuarto Trimestre,eje_ingreso,,,572814550.0,NO APLICA,INGRESOS CORRIENTES DE LIBRE DESTINACION,NO APLICA,NO APLICA,NO APLICA,NO APLICA,NO APLICA,NO APLICA,NO APLICA,0.0,572814550.0,0.0,0.0,,,,,,
7384034,20230901,220173585,Instituto Purificense para la Recreación y el Deporte,1.1.02.05,VENTA DE BIENES Y SERVICIOS,INGRESOS,INGRESOS CORRIENTES,INGRESOS NO TRIBUTARIOS,VENTA DE BIENES Y SERVICIOS,No Aplica,No Aplica,No Aplica,No Aplica,No Aplica,No Aplica,,,,,,,,2023,Tercer Trimestre,eje_ingreso,,,1500000.0,NO APLICA,NO APLICA,NO APLICA,NO APLICA,NO APLICA,NO APLICA,NO APLICA,NO APLICA,NO APLICA,1500000.0,0.0,0.0,0.0,,,,,,
7398965,20220901,220173585,Instituto Purificense para la Recreación y el Deporte,1.1,INGRESOS CORRIENTES,INGRESOS,INGRESOS CORRIENTES,No Aplica,No Aplica,No Aplica,No Aplica,No Aplica,No Aplica,No Aplica,No Aplica,,,,,,,,2022,Tercer Trimestre,eje_ingreso,,,399034251.0,NO APLICA,NO APLICA,NO APLICA,NO APLICA,NO APLICA,NO APLICA,NO APLICA,NO APLICA,NO APLICA,0.0,399034251.0,0.0,0.0,,,,,,
7405277,20230601,220173585,Instituto Purificense para la Recreación y el Deporte,1.1.02.05.001.09,"SERVICIOS PARA LA COMUNIDAD, SOCIALES Y PERSONALES",INGRESOS,INGRESOS CORRIENTES,INGRESOS NO TRIBUTARIOS,VENTA DE BIENES Y SERVICIOS,VENTAS DE ESTABLECIMIENTOS DE MERCADO,"SERVICIOS PARA LA COMUNIDAD, SOCIALES Y PERSONALES",No Aplica,No Aplica,No Aplica,No Aplica,,,,,,,,2023,Segundo Trimestre,eje_ingreso,,,1500000.0,SERVICIOS DE EDUCACION DEPORTIVA Y DE RECREACION,INGRESOS CORRIENTES DE LIBRE DESTINACION,NO APLICA,NO APLICA,NO APLICA,NO APLICA,NO APLICA,NO APLICA,NO APLICA,0.0,1500000.0,0.0,0.0,,,,,,
7414018,20210301,220173585,Instituto Purificense para la Recreación y el Deporte,1.1.02.05,VENTA DE BIENES Y SERVICIOS,INGRESOS,INGRESOS CORRIENTES,INGRESOS NO TRIBUTARIOS,VENTA DE BIENES Y SERVICIOS,No Aplica,No Aplica,No Aplica,No Aplica,No Aplica,No Aplica,,,,,,,,2021,Primer Trimestre,eje_ingreso,,,0.0,NO APLICA,NO APLICA,NO,NO APLICA,NO APLICA,,NO APLICA,NO APLICA,NO APLICA,0.0,0.0,0.0,0.0,,,,,,
7430946,20230301,220173585,Instituto Purificense para la Recreación y el Deporte,1.1.02.06.006.06,OTRAS UNIDADES DE GOBIERNO,INGRESOS,INGRESOS CORRIENTES,INGRESOS NO TRIBUTARIOS,TRANSFERENCIAS CORRIENTES,TRANSFERENCIAS DE OTRAS ENTIDADES DEL GOBIERNO GENERAL,OTRAS UNIDADES DE GOBIERNO,No Aplica,No Aplica,No Aplica,No Aplica,,,,,,,,2023,Primer Trimestre,eje_ingreso,,,118255555.0,NO APLICA,INGRESOS CORRIENTES DE LIBRE DESTINACION,NO APLICA,NO APLICA,NO APLICA,NO APLICA,NO APLICA,NO APLICA,NO APLICA,0.0,118255555.0,0.0,0.0,,,,,,
7433773,20220901,220173585,Instituto Purificense para la Recreación y el Deporte,1.1.02.06.006,TRANSFERENCIAS DE OTRAS ENTIDADES DEL GOBIERNO GENERAL,INGRESOS,INGRESOS CORRIENTES,INGRESOS NO TRIBUTARIOS,TRANSFERENCIAS CORRIENTES,TRANSFERENCIAS DE OTRAS ENTIDADES DEL GOBIERNO GENERAL,No Aplica,No Aplica,No Aplica,No Aplica,No Aplica,,,,,,,,2022,Tercer Trimestre,eje_ingreso,,,399034251.0,NO APLICA,NO APLICA,NO APLICA,NO APLICA,NO APLICA,NO APLICA,NO APLICA,NO APLICA,NO APLICA,0.0,399034251.0,0.0,0.0,,,,,,
7442788,20230301,220173585,Instituto Purificense para la Recreación y el Deporte,1.1.02.05.001.09,"SERVICIOS PARA LA COMUNIDAD, SOCIALES Y PERSONALES",INGRESOS,INGRESOS CORRIENTES,INGRESOS NO TRIBUTARIOS,VENTA DE BIENES Y SERVICIOS,VENTAS DE ESTABLECIMIENTOS DE MERCADO,"SERVICIOS PARA LA COMUNIDAD, SOCIALES Y PERSONALES",No Aplica,No Aplica,No Aplica,No Aplica,,,,,,,,2023,Primer Trimestre,eje_ingreso,,,1500000.0,SERVICIOS DE CLUBES DEPORTIVOS,INGRESOS CORRIENTES DE LIBRE DESTINACION,NO APLICA,NO APLICA,NO APLICA,NO APLICA,NO APLICA,NO APLICA,NO APLICA,0.0,1500000.0,0.0,0.0,,,,,,
7455513,20211201,220173585,Instituto Purificense para la Recreación y el Deporte,1.1.02,INGRESOS NO TRIBUTARIOS,INGRESOS,INGRESOS CORRIENTES,INGRESOS NO TRIBUTARIOS,No Aplica,No Aplica,No Aplica,No Aplica,No Aplica,No Aplica,No Aplica,,,,,,,,2021,Cuarto Trimestre,eje_ingreso,,,578642386.0,NO APLICA,NO APLICA,NO APLICA,NO APLICA,NO APLICA,NO APLICA,NO APLICA,NO APLICA,NO APLICA,0.0,578642386.0,0.0,0.0,,,,,,
7459956,20230901,220173585,Instituto Purificense para la Recreación y el Deporte,1.2.14,RECURSOS DE TERCEROS,INGRESOS,RECURSOS DE CAPITAL,RECURSOS DE TERCEROS,No Aplica,No Aplica,No Aplica,No Aplica,No Aplica,No Aplica,No Aplica,,,,,,,,2023,Tercer Trimestre,eje_ingreso,,,10223532.0,NO APLICA,NO APLICA,NO APLICA,NO APLICA,NO APLICA,NO APLICA,NO APLICA,NO APLICA,NO APLICA,10223532.0,0.0,0.0,0.0,,,,,,
7467750,20230301,220173585,Instituto Purificense para la Recreación y el Deporte,1.1.02.06,TRANSFERENCIAS CORRIENTES,INGRESOS,INGRESOS CORRIENTES,INGRESOS NO TRIBUTARIOS,TRANSFERENCIAS CORRIENTES,No Aplica,No Aplica,No Aplica,No Aplica,No Aplica,No Aplica,,,,,,,,2023,Primer Trimestre,eje_ingreso,,,118255555.0,NO APLICA,NO APLICA,NO APLICA,NO APLICA,NO APLICA,NO APLICA,NO APLICA,NO APLICA,NO APLICA,0.0,118255555.0,0.0,0.0,,,,,,
7482571,20210301,220173585,Instituto Purificense para la Recreación y el Deporte,1.1.02.06.006,TRANSFERENCIAS DE OTRAS ENTIDADES DEL GOBIERNO GENERAL,INGRESOS,INGRESOS CORRIENTES,INGRESOS NO TRIBUTARIOS,TRANSFERENCIAS CORRIENTES,TRANSFERENCIAS DE OTRAS ENTIDADES DEL GOBIERNO GENERAL,No Aplica,No Aplica,No Aplica,No Aplica,No Aplica,,,,,,,,2021,Primer Trimestre,eje_ingreso,,,206220036.0,NO APLICA,NO APLICA,NO,NO APLICA,NO APLICA,,NO APLICA,NO APLICA,NO APLICA,0.0,206220036.0,0.0,0.0,,,,,,
7495721,20220901,220173585,Instituto Purificense para la Recreación y el Deporte,1.1.02.06,TRANSFERENCIAS CORRIENTES,INGRESOS,INGRESOS CORRIENTES,INGRESOS NO TRIBUTARIOS,TRANSFERENCIAS CORRIENTES,No Aplica,No Aplica,No Aplica,No Aplica,No Aplica,No Aplica,,,,,,,,2022,Tercer Trimestre,eje_ingreso,,,399034251.0,NO APLICA,NO APLICA,NO APLICA,NO APLICA,NO APLICA,NO APLICA,NO APLICA,NO APLICA,NO APLICA,0.0,399034251.0,0.0,0.0,,,,,,
7510666,20230901,220173585,Instituto Purificense para la Recreación y el Deporte,1,INGRESOS,INGRESOS,No Aplica,No Aplica,No Aplica,No Aplica,No Aplica,No Aplica,No Aplica,No Aplica,No Aplica,,,,,,,,2023,Tercer Trimestre,eje_ingreso,,,517717912.0,NO APLICA,NO APLICA,NO APLICA,NO APLICA,NO APLICA,NO APLICA,NO APLICA,NO APLICA,NO APLICA,517717912.0,0.0,0.0,0.0,,,,,,
7520658,20220601,220173585,Instituto Purificense para la Recreación y el Deporte,1.1.02.06,TRANSFERENCIAS CORRIENTES,INGRESOS,INGRESOS CORRIENTES,INGRESOS NO TRIBUTARIOS,TRANSFERENCIAS CORRIENTES,No Aplica,No Aplica,No Aplica,No Aplica,No Aplica,No Aplica,,,,,,,,2022,Segundo Trimestre,eje_ingreso,,,238503100.0,NO APLICA,NO APLICA,NO APLICA,NO APLICA,NO APLICA,NO APLICA,NO APLICA,NO APLICA,NO APLICA,0.0,238503100.0,0.0,0.0,,,,,,
7530014,20230901,220173585,Instituto Purificense para la Recreación y el Deporte,1.1.02.06.006,TRANSFERENCIAS DE OTRAS ENTIDADES DEL GOBIERNO GENERAL,INGRESOS,INGRESOS CORRIENTES,INGRESOS NO TRIBUTARIOS,TRANSFERENCIAS CORRIENTES,TRANSFERENCIAS DE OTRAS ENTIDADES DEL GOBIERNO GENERAL,No Aplica,No Aplica,No Aplica,No Aplica,No Aplica,,,,,,,,2023,Tercer Trimestre,eje_ingreso,,,492363532.0,NO APLICA,NO APLICA,NO APLICA,NO APLICA,NO APLICA,NO APLICA,NO APLICA,NO APLICA,NO APLICA,492363532.0,0.0,0.0,0.0,,,,,,
7534925,20230601,220173585,Instituto Purificense para la Recreación y el Deporte,1.1,INGRESOS CORRIENTES,INGRESOS,INGRESOS CORRIENTES,No Aplica,No Aplica,No Aplica,No Aplica,No Aplica,No Aplica,No Aplica,No Aplica,,,,,,,,2023,Segundo Trimestre,eje_ingreso,,,302548400.0,NO APLICA,NO APLICA,NO APLICA,NO APLICA,NO APLICA,NO APLICA,NO APLICA,NO APLICA,NO APLICA,0.0,302548400.0,0.0,0.0,,,,,,
7558004,20220301,220173585,Instituto Purificense para la Recreación y el Deporte,1.1.02.06.006.06,OTRAS UNIDADES DE GOBIERNO,INGRESOS,INGRESOS CORRIENTES,INGRESOS NO TRIBUTARIOS,TRANSFERENCIAS CORRIENTES,TRANSFERENCIAS DE OTRAS ENTIDADES DEL GOBIERNO GENERAL,OTRAS UNIDADES DE GOBIERNO,No Aplica,No Aplica,No Aplica,No Aplica,,,,,,,,2022,Primer Trimestre,eje_ingreso,,,193512424.0,NO APLICA,INGRESOS CORRIENTES DE LIBRE DESTINACION,NO APLICA,NO APLICA,NO APLICA,NO APLICA,OTRO,NO APLICA,NO APLICA,0.0,193512424.0,0.0,0.0,,,,,,
7577590,20210601,220173585,Instituto Purificense para la Recreación y el Deporte,1.1.02.06.006.06,OTRAS UNIDADES DE GOBIERNO,INGRESOS,INGRESOS CORRIENTES,INGRESOS NO TRIBUTARIOS,TRANSFERENCIAS CORRIENTES,TRANSFERENCIAS DE OTRAS ENTIDADES DEL GOBIERNO GENERAL,OTRAS UNIDADES DE GOBIERNO,No Aplica,No Aplica,No Aplica,No Aplica,,,,,,,,2021,Segundo Trimestre,eje_ingreso,,,311382860.0,NO APLICA,1.2.1.0.00 - INGRESOS CORRIENTES DE LIBRE DESTINACION,NO,NO APLICA,NO APLICA,,"INSTITUTO DE FINANCIAMIENTO, PROMOCION Y DESARROLLO DE PURIFICACION",NO APLICA,NO APLICA,0.0,311382860.0,0.0,0.0,,,,,,
7578222,20210901,220173585,Instituto Purificense para la Recreación y el Deporte,1.1.02.06,TRANSFERENCIAS CORRIENTES,INGRESOS,INGRESOS CORRIENTES,INGRESOS NO TRIBUTARIOS,TRANSFERENCIAS CORRIENTES,No Aplica,No Aplica,No Aplica,No Aplica,No Aplica,No Aplica,,,,,,,,2021,Tercer Trimestre,eje_ingreso,,,480966557.0,NO APLICA,NO APLICA,NO,NO APLICA,NO APLICA,,NO APLICA,NO APLICA,NO APLICA,0.0,480966557.0,0.0,0.0,,,,,,
7615469,20230301,220173585,Instituto Purificense para la Recreación y el Deporte,1,INGRESOS,INGRESOS,No Aplica,No Aplica,No Aplica,No Aplica,No Aplica,No Aplica,No Aplica,No Aplica,No Aplica,,,,,,,,2023,Primer Trimestre,eje_ingreso,,,129978907.0,NO APLICA,NO APLICA,NO APLICA,NO APLICA,NO APLICA,NO APLICA,NO APLICA,NO APLICA,NO APLICA,0.0,129978907.0,0.0,0.0,,,,,,
7618998,20221201,220173585,Instituto Purificense para la Recreación y el Deporte,1.1,INGRESOS CORRIENTES,INGRESOS,INGRESOS CORRIENTES,No Aplica,No Aplica,No Aplica,No Aplica,No Aplica,No Aplica,No Aplica,No Aplica,,,,,,,,2022,Cuarto Trimestre,eje_ingreso,,,572814550.0,NO APLICA,NO APLICA,NO APLICA,NO APLICA,NO APLICA,NO APLICA,NO APLICA,NO APLICA,NO APLICA,0.0,572814550.0,0.0,0.0,,,,,,
7637324,20230601,220173585,Instituto Purificense para la Recreación y el Deporte,1,INGRESOS,INGRESOS,No Aplica,No Aplica,No Aplica,No Aplica,No Aplica,No Aplica,No Aplica,No Aplica,No Aplica,,,,,,,,2023,Segundo Trimestre,eje_ingreso,,,312771752.0,NO APLICA,NO APLICA,NO APLICA,NO APLICA,NO APLICA,NO APLICA,NO APLICA,NO APLICA,NO APLICA,0.0,312771752.0,0.0,0.0,,,,,,
7655585,20230301,220173585,Instituto Purificense para la Recreación y el Deporte,1.2.14,RECURSOS DE TERCEROS,INGRESOS,RECURSOS DE CAPITAL,RECURSOS DE TERCEROS,No Aplica,No Aplica,No Aplica,No Aplica,No Aplica,No Aplica,No Aplica,,,,,,,,2023,Primer Trimestre,eje_ingreso,,,10223352.0,NO APLICA,NO APLICA,NO APLICA,NO APLICA,NO APLICA,NO APLICA,NO APLICA,NO APLICA,NO APLICA,0.0,10223352.0,0.0,0.0,,,,,,
7657804,20221201,220173585,Instituto Purificense para la Recreación y el Deporte,1.1.02.06.006,TRANSFERENCIAS DE OTRAS ENTIDADES DEL GOBIERNO GENERAL,INGRESOS,INGRESOS CORRIENTES,INGRESOS NO TRIBUTARIOS,TRANSFERENCIAS CORRIENTES,TRANSFERENCIAS DE OTRAS ENTIDADES DEL GOBIERNO GENERAL,No Aplica,No Aplica,No Aplica,No Aplica,No Aplica,,,,,,,,2022,Cuarto Trimestre,eje_ingreso,,,572814550.0,NO APLICA,NO APLICA,NO APLICA,NO APLICA,NO APLICA,NO APLICA,NO APLICA,NO APLICA,NO APLICA,0.0,572814550.0,0.0,0.0,,,,,,
7666235,20220901,220173585,Instituto Purificense para la Recreación y el Deporte,1.1.02.06.006.06,OTRAS UNIDADES DE GOBIERNO,INGRESOS,INGRESOS CORRIENTES,INGRESOS NO TRIBUTARIOS,TRANSFERENCIAS CORRIENTES,TRANSFERENCIAS DE OTRAS ENTIDADES DEL GOBIERNO GENERAL,OTRAS UNIDADES DE GOBIERNO,No Aplica,No Aplica,No Aplica,No Aplica,,,,,,,,2022,Tercer Trimestre,eje_ingreso,,,399034251.0,NO APLICA,INGRESOS CORRIENTES DE LIBRE DESTINACION,NO APLICA,NO APLICA,NO APLICA,NO APLICA,OTRO,NO APLICA,NO APLICA,0.0,399034251.0,0.0,0.0,,,,,,
7675473,20230301,220173585,Instituto Purificense para la Recreación y el Deporte,1.1.02.05.001,VENTAS DE ESTABLECIMIENTOS DE MERCADO,INGRESOS,INGRESOS CORRIENTES,INGRESOS NO TRIBUTARIOS,VENTA DE BIENES Y SERVICIOS,VENTAS DE ESTABLECIMIENTOS DE MERCADO,No Aplica,No Aplica,No Aplica,No Aplica,No Aplica,,,,,,,,2023,Primer Trimestre,eje_ingreso,,,1500000.0,NO APLICA,NO APLICA,NO APLICA,NO APLICA,NO APLICA,NO APLICA,NO APLICA,NO APLICA,NO APLICA,0.0,1500000.0,0.0,0.0,,,,,,
7677858,20230301,220173585,Instituto Purificense para la Recreación y el Deporte,1.1.02.06.006,TRANSFERENCIAS DE OTRAS ENTIDADES DEL GOBIERNO GENERAL,INGRESOS,INGRESOS CORRIENTES,INGRESOS NO TRIBUTARIOS,TRANSFERENCIAS CORRIENTES,TRANSFERENCIAS DE OTRAS ENTIDADES DEL GOBIERNO GENERAL,No Aplica,No Aplica,No Aplica,No Aplica,No Aplica,,,,,,,,2023,Primer Trimestre,eje_ingreso,,,118255555.0,NO APLICA,NO APLICA,NO APLICA,NO APLICA,NO APLICA,NO APLICA,NO APLICA,NO APLICA,NO APLICA,0.0,118255555.0,0.0,0.0,,,,,,
7706116,20230301,220173585,Instituto Purificense para la Recreación y el Deporte,1.2.14.04,RECURSOS DE TERCEROS EN ADMINISTRACION,INGRESOS,RECURSOS DE CAPITAL,RECURSOS DE TERCEROS,RECURSOS DE TERCEROS EN ADMINISTRACION,No Aplica,No Aplica,No Aplica,No Aplica,No Aplica,No Aplica,,,,,,,,2023,Primer Trimestre,eje_ingreso,,,10223352.0,NO APLICA,INGRESOS CORRIENTES DE LIBRE DESTINACION,NO APLICA,NO APLICA,NO APLICA,NO APLICA,NO APLICA,NO APLICA,NO APLICA,0.0,10223352.0,0.0,0.0,,,,,,
7721679,20221201,220173585,Instituto Purificense para la Recreación y el Deporte,1.1.02,INGRESOS NO TRIBUTARIOS,INGRESOS,INGRESOS CORRIENTES,INGRESOS NO TRIBUTARIOS,No Aplica,No Aplica,No Aplica,No Aplica,No Aplica,No Aplica,No Aplica,,,,,,,,2022,Cuarto Trimestre,eje_ingreso,,,572814550.0,NO APLICA,NO APLICA,NO APLICA,NO APLICA,NO APLICA,NO APLICA,NO APLICA,NO APLICA,NO APLICA,0.0,572814550.0,0.0,0.0,,,,,,
7745665,20221201,220173585,Instituto Purificense para la Recreación y el Deporte,1,INGRESOS,INGRESOS,No Aplica,No Aplica,No Aplica,No Aplica,No Aplica,No Aplica,No Aplica,No Aplica,No Aplica,,,,,,,,2022,Cuarto Trimestre,eje_ingreso,,,572814550.0,NO APLICA,NO APLICA,NO APLICA,NO APLICA,NO APLICA,NO APLICA,NO APLICA,NO APLICA,NO APLICA,0.0,572814550.0,0.0,0.0,,,,,,
7751903,20230601,220173585,Instituto Purificense para la Recreación y el Deporte,1.2,RECURSOS DE CAPITAL,INGRESOS,RECURSOS DE CAPITAL,No Aplica,No Aplica,No Aplica,No Aplica,No Aplica,No Aplica,No Aplica,No Aplica,,,,,,,,2023,Segundo Trimestre,eje_ingreso,,,10223352.0,NO APLICA,NO APLICA,NO APLICA,NO APLICA,NO APLICA,NO APLICA,NO APLICA,NO APLICA,NO APLICA,0.0,10223352.0,0.0,0.0,,,,,,
7805670,20230601,220173585,Instituto Purificense para la Recreación y el Deporte,1.1.02.06,TRANSFERENCIAS CORRIENTES,INGRESOS,INGRESOS CORRIENTES,INGRESOS NO TRIBUTARIOS,TRANSFERENCIAS CORRIENTES,No Aplica,No Aplica,No Aplica,No Aplica,No Aplica,No Aplica,,,,,,,,2023,Segundo Trimestre,eje_ingreso,,,301048400.0,NO APLICA,NO APLICA,NO APLICA,NO APLICA,NO APLICA,NO APLICA,NO APLICA,NO APLICA,NO APLICA,0.0,301048400.0,0.0,0.0,,,,,,
7822660,20230601,220173585,Instituto Purificense para la Recreación y el Deporte,1.1.02.05.001,VENTAS DE ESTABLECIMIENTOS DE MERCADO,INGRESOS,INGRESOS CORRIENTES,INGRESOS NO TRIBUTARIOS,VENTA DE BIENES Y SERVICIOS,VENTAS DE ESTABLECIMIENTOS DE MERCADO,No Aplica,No Aplica,No Aplica,No Aplica,No Aplica,,,,,,,,2023,Segundo Trimestre,eje_ingreso,,,1500000.0,NO APLICA,NO APLICA,NO APLICA,NO APLICA,NO APLICA,NO APLICA,NO APLICA,NO APLICA,NO APLICA,0.0,1500000.0,0.0,0.0,,,,,,
7824682,20210901,220173585,Instituto Purificense para la Recreación y el Deporte,1,INGRESOS,INGRESOS,No Aplica,No Aplica,No Aplica,No Aplica,No Aplica,No Aplica,No Aplica,No Aplica,No Aplica,,,,,,,,2021,Tercer Trimestre,eje_ingreso,,,480966557.0,NO APLICA,NO APLICA,NO,NO APLICA,NO APLICA,,NO APLICA,NO APLICA,NO APLICA,0.0,480966557.0,0.0,0.0,,,,,,
7840846,20230901,220173585,Instituto Purificense para la Recreación y el Deporte,1.1.01,INGRESOS TRIBUTARIOS,INGRESOS,INGRESOS CORRIENTES,INGRESOS TRIBUTARIOS,No Aplica,No Aplica,No Aplica,No Aplica,No Aplica,No Aplica,No Aplica,,,,,,,,2023,Tercer Trimestre,eje_ingreso,,,13630848.0,NO APLICA,NO APLICA,NO APLICA,NO APLICA,NO APLICA,NO APLICA,NO APLICA,NO APLICA,NO APLICA,13630848.0,0.0,0.0,0.0,,,,,,
7872196,20230901,220173585,Instituto Purificense para la Recreación y el Deporte,1.1.02.06.006.06,OTRAS UNIDADES DE GOBIERNO,INGRESOS,INGRESOS CORRIENTES,INGRESOS NO TRIBUTARIOS,TRANSFERENCIAS CORRIENTES,TRANSFERENCIAS DE OTRAS ENTIDADES DEL GOBIERNO GENERAL,OTRAS UNIDADES DE GOBIERNO,No Aplica,No Aplica,No Aplica,No Aplica,,,,,,,,2023,Tercer Trimestre,eje_ingreso,,,492363532.0,NO APLICA,INGRESOS CORRIENTES DE LIBRE DESTINACION,NO APLICA,NO APLICA,NO APLICA,NO APLICA,NO APLICA,NO APLICA,NO APLICA,492363532.0,0.0,0.0,0.0,,,,,,
7875364,20220601,220173585,Instituto Purificense para la Recreación y el Deporte,1.1.02,INGRESOS NO TRIBUTARIOS,INGRESOS,INGRESOS CORRIENTES,INGRESOS NO TRIBUTARIOS,No Aplica,No Aplica,No Aplica,No Aplica,No Aplica,No Aplica,No Aplica,,,,,,,,2022,Segundo Trimestre,eje_ingreso,,,238503100.0,NO APLICA,NO APLICA,NO APLICA,NO APLICA,NO APLICA,NO APLICA,NO APLICA,NO APLICA,NO APLICA,0.0,238503100.0,0.0,0.0,,,,,,
7900341,20230901,220173585,Instituto Purificense para la Recreación y el Deporte,1.1.02.05.001.09,"SERVICIOS PARA LA COMUNIDAD, SOCIALES Y PERSONALES",INGRESOS,INGRESOS CORRIENTES,INGRESOS NO TRIBUTARIOS,VENTA DE BIENES Y SERVICIOS,VENTAS DE ESTABLECIMIENTOS DE MERCADO,"SERVICIOS PARA LA COMUNIDAD, SOCIALES Y PERSONALES",No Aplica,No Aplica,No Aplica,No Aplica,,,,,,,,2023,Tercer Trimestre,eje_ingreso,,,1500000.0,SERVICIOS DE CLUBES DEPORTIVOS,INGRESOS CORRIENTES DE LIBRE DESTINACION,NO APLICA,NO APLICA,NO APLICA,NO APLICA,NO APLICA,NO APLICA,NO APLICA,1500000.0,0.0,0.0,0.0,,,,,,
7900838,20230301,220173585,Instituto Purificense para la Recreación y el Deporte,1.1.02.05,VENTA DE BIENES Y SERVICIOS,INGRESOS,INGRESOS CORRIENTES,INGRESOS NO TRIBUTARIOS,VENTA DE BIENES Y SERVICIOS,No Aplica,No Aplica,No Aplica,No Aplica,No Aplica,No Aplica,,,,,,,,2023,Primer Trimestre,eje_ingreso,,,1500000.0,NO APLICA,NO APLICA,NO APLICA,NO APLICA,NO APLICA,NO APLICA,NO APLICA,NO APLICA,NO APLICA,0.0,1500000.0,0.0,0.0,,,,,,
7907511,20220601,220173585,Instituto Purificense para la Recreación y el Deporte,1.1.02.06.006,TRANSFERENCIAS DE OTRAS ENTIDADES DEL GOBIERNO GENERAL,INGRESOS,INGRESOS CORRIENTES,INGRESOS NO TRIBUTARIOS,TRANSFERENCIAS CORRIENTES,TRANSFERENCIAS DE OTRAS ENTIDADES DEL GOBIERNO GENERAL,No Aplica,No Aplica,No Aplica,No Aplica,No Aplica,,,,,,,,2022,Segundo Trimestre,eje_ingreso,,,238503100.0,NO APLICA,NO APLICA,NO APLICA,NO APLICA,NO APLICA,NO APLICA,NO APLICA,NO APLICA,NO APLICA,0.0,238503100.0,0.0,0.0,,,,,,
11387834,20210601,220173585,Instituto Purificense para la Recreación y el Deporte,2.1.1.01.02.007,APORTES AL SENA,GASTOS,FUNCIONAMIENTO,GASTOS DE PERSONAL,PLANTA DE PERSONAL PERMANENTE,CONTRIBUCIONES INHERENTES A LA NOMINA,APORTES AL SENA,No Aplica,No Aplica,No Aplica,No Aplica,VIGENCIA ACTUAL,ENTIDADES DIFERENTES A ENTIDADES TERRITORIALES - GESTION GENERAL,NO DEFINIDO,NO DEFINIDO,DEPORTE Y RECREACION,,,2021,Segundo Trimestre,eje_gasto,,,,NO APLICA,1.2.1.0.00 - INGRESOS CORRIENTES DE LIBRE DESTINACION,,,,,,NO APLICA,,,,,,SIN SITUACION DE FONDOS,OTRO,NO DEFINIDO,768600.0,768600.0,645000.0
11388182,20230301,220173585,Instituto Purificense para la Recreación y el Deporte,2.1.1.02,PERSONAL SUPERNUMERARIO Y PLANTA TEMPORAL,GASTOS,FUNCIONAMIENTO,GASTOS DE PERSONAL,PERSONAL SUPERNUMERARIO Y PLANTA TEMPORAL,No Aplica,No Aplica,No Aplica,No Aplica,No Aplica,No Aplica,VIGENCIA ACTUAL,ENTIDADES DIFERENTES A ENTIDADES TERRITORIALES - GESTION GENERAL,NO DEFINIDO,NO DEFINIDO,NO DEFINIDO,,,2023,Primer Trimestre,eje_gasto,,,,NO DEFINIDO,NO DEFINIDO,,,,,,NO DEFINIDO,,,,,,NO DEFINIDO,NO DEFINIDO,NO DEFINIDO,15200000.0,15200000.0,15200000.0
11391608,20230601,220173585,Instituto Purificense para la Recreación y el Deporte,2.1.1.01.03.001.01,VACACIONES,GASTOS,FUNCIONAMIENTO,GASTOS DE PERSONAL,PLANTA DE PERSONAL PERMANENTE,REMUNERACIONES NO CONSTITUTIVAS DE FACTOR SALARIAL,PRESTACIONES SOCIALES,VACACIONES,No Aplica,No Aplica,No Aplica,VIGENCIA ACTUAL,ENTIDADES DIFERENTES A ENTIDADES TERRITORIALES - GESTION GENERAL,NO DEFINIDO,NO DEFINIDO,DEPORTE Y RECREACION,,,2023,Segundo Trimestre,eje_gasto,,,,NO APLICA,INGRESOS CORRIENTES DE DESTINACION ESPECIFICA POR ACTO ADMINISTRATIVO,,,,,,NO APLICA,,,,,,SIN SITUACION DE FONDOS,NO APLICA,NO DEFINIDO,5595312.0,0.0,0.0
11398081,20220301,220173585,Instituto Purificense para la Recreación y el Deporte,2.1,FUNCIONAMIENTO,GASTOS,FUNCIONAMIENTO,No Aplica,No Aplica,No Aplica,No Aplica,No Aplica,No Aplica,No Aplica,No Aplica,VIGENCIA ACTUAL,ENTIDADES DIFERENTES A ENTIDADES TERRITORIALES - GESTION GENERAL,NO DEFINIDO,NO DEFINIDO,NO DEFINIDO,,,2022,Primer Trimestre,eje_gasto,,,,NO DEFINIDO,NO DEFINIDO,,,,,,NO DEFINIDO,,,,,,NO DEFINIDO,NO DEFINIDO,NO DEFINIDO,170169023.0,170119371.0,170119371.0
11407050,20221201,220173585,Instituto Purificense para la Recreación y el Deporte,2.1.2,ADQUISICION DE BIENES Y SERVICIOS,GASTOS,FUNCIONAMIENTO,ADQUISICION DE BIENES Y SERVICIOS,No Aplica,No Aplica,No Aplica,No Aplica,No Aplica,No Aplica,No Aplica,VIGENCIA ACTUAL,ENTIDADES DIFERENTES A ENTIDADES TERRITORIALES - GESTION GENERAL,NO DEFINIDO,NO DEFINIDO,NO DEFINIDO,,,2022,Cuarto Trimestre,eje_gasto,,,,NO DEFINIDO,NO DEFINIDO,,,,,,NO DEFINIDO,,,,,,NO DEFINIDO,NO DEFINIDO,NO DEFINIDO,14471612.0,14471612.0,14471612.0
11417900,20210601,220173585,Instituto Purificense para la Recreación y el Deporte,2.1.2.02,ADQUISICIONES DIFERENTES DE ACTIVOS,GASTOS,FUNCIONAMIENTO,ADQUISICION DE BIENES Y SERVICIOS,ADQUISICIONES DIFERENTES DE ACTIVOS,No Aplica,No Aplica,No Aplica,No Aplica,No Aplica,No Aplica,VIGENCIA ACTUAL,ENTIDADES DIFERENTES A ENTIDADES TERRITORIALES - GESTION GENERAL,NO DEFINIDO,NO DEFINIDO,NO DEFINIDO,,,2021,Segundo Trimestre,eje_gasto,,,,NO DEFINIDO,NO DEFINIDO,,,,,,NO DEFINIDO,,,,,,NO DEFINIDO,NO DEFINIDO,NO DEFINIDO,1038000.0,1038000.0,538000.0
11421480,20220301,220173585,Instituto Purificense para la Recreación y el Deporte,2.3.1.01.01.001.01,SUELDO BASICO,GASTOS,INVERSION,GASTOS DE PERSONAL,PLANTA DE PERSONAL PERMANENTE,FACTORES CONSTITUTIVOS DE SALARIO,FACTORES SALARIALES COMUNES,SUELDO BASICO,No Aplica,No Aplica,No Aplica,VIGENCIA ACTUAL,ENTIDADES DIFERENTES A ENTIDADES TERRITORIALES - GESTION GENERAL,NO DEFINIDO,NO DEFINIDO,DEPORTE Y RECREACION,,,2022,Primer Trimestre,eje_gasto,,,,NO APLICA,INGRESOS CORRIENTES DE LIBRE DESTINACION,,,,,,NO APLICA,,,,,,SIN SITUACION DE FONDOS,OTRO,NO DEFINIDO,80099041.0,80099041.0,80099041.0
11421657,20230601,220173585,Instituto Purificense para la Recreación y el Deporte,2.1.1.01.02.003,APORTES DE CESANTIAS,GASTOS,FUNCIONAMIENTO,GASTOS DE PERSONAL,PLANTA DE PERSONAL PERMANENTE,CONTRIBUCIONES INHERENTES A LA NOMINA,APORTES DE CESANTIAS,No Aplica,No Aplica,No Aplica,No Aplica,VIGENCIA ACTUAL,ENTIDADES DIFERENTES A ENTIDADES TERRITORIALES - GESTION GENERAL,NO DEFINIDO,NO DEFINIDO,DEPORTE Y RECREACION,,,2023,Segundo Trimestre,eje_gasto,,,,NO APLICA,INGRESOS CORRIENTES DE DESTINACION ESPECIFICA POR ACTO ADMINISTRATIVO,,,,,,NO APLICA,,,,,,SIN SITUACION DE FONDOS,NO APLICA,NO DEFINIDO,10048840.0,0.0,0.0
11433534,20210601,220173585,Instituto Purificense para la Recreación y el Deporte,2.1.2.01.01.003.03,"MAQUINARIA DE OFICINA, CONTABILIDAD E INFORMATICA",GASTOS,FUNCIONAMIENTO,ADQUISICION DE BIENES Y SERVICIOS,ADQUISICION DE ACTIVOS NO FINANCIEROS,ACTIVOS FIJOS,MAQUINARIA Y EQUIPO,"MAQUINARIA DE OFICINA, CONTABILIDAD E INFORMATICA",No Aplica,No Aplica,No Aplica,VIGENCIA ACTUAL,ENTIDADES DIFERENTES A ENTIDADES TERRITORIALES - GESTION GENERAL,NO DEFINIDO,NO DEFINIDO,NO DEFINIDO,,,2021,Segundo Trimestre,eje_gasto,,,,NO DEFINIDO,NO DEFINIDO,,,,,,NO DEFINIDO,,,,,,NO DEFINIDO,NO DEFINIDO,NO DEFINIDO,6620972.0,6620972.0,0.0
11439145,20210901,220173585,Instituto Purificense para la Recreación y el Deporte,2.1.1.01.02.007,APORTES AL SENA,GASTOS,FUNCIONAMIENTO,GASTOS DE PERSONAL,PLANTA DE PERSONAL PERMANENTE,CONTRIBUCIONES INHERENTES A LA NOMINA,APORTES AL SENA,No Aplica,No Aplica,No Aplica,No Aplica,VIGENCIA ACTUAL,ENTIDADES DIFERENTES A ENTIDADES TERRITORIALES - GESTION GENERAL,NO DEFINIDO,NO DEFINIDO,JUSTICIA ESPECIAL PARA LA PAZ,,,2021,Tercer Trimestre,eje_gasto,,,,NO APLICA,1.2.1.0.00 - INGRESOS CORRIENTES DE LIBRE DESTINACION,,,,,,NO APLICA,,,,,,SIN SITUACION DE FONDOS,OTRO,NO DEFINIDO,1024800.0,621200.0,621200.0
11455058,20211201,220173585,Instituto Purificense para la Recreación y el Deporte,2,GASTOS,GASTOS,No Aplica,No Aplica,No Aplica,No Aplica,No Aplica,No Aplica,No Aplica,No Aplica,No Aplica,VIGENCIA ACTUAL,ENTIDADES DIFERENTES A ENTIDADES TERRITORIALES - GESTION GENERAL,NO DEFINIDO,NO DEFINIDO,NO DEFINIDO,,,2021,Cuarto Trimestre,eje_gasto,,,,NO DEFINIDO,NO DEFINIDO,,,,,,NO DEFINIDO,,,,,,NO DEFINIDO,NO DEFINIDO,NO DEFINIDO,518403662.0,236747522.0,236662688.0
11457959,20211201,220173585,Instituto Purificense para la Recreación y el Deporte,2.1.1.02.01.001.01,SUELDO BASICO,GASTOS,FUNCIONAMIENTO,GASTOS DE PERSONAL,PERSONAL SUPERNUMERARIO Y PLANTA TEMPORAL,FACTORES CONSTITUTIVOS DE SALARIO,FACTORES SALARIALES COMUNES,SUELDO BASICO,No Aplica,No Aplica,No Aplica,VIGENCIA ACTUAL,ENTIDADES DIFERENTES A ENTIDADES TERRITORIALES - GESTION GENERAL,NO DEFINIDO,NO DEFINIDO,DEPORTE Y RECREACION,,,2021,Cuarto Trimestre,eje_gasto,,,,NO APLICA,DISPONIBILIDAD INICIAL,,,,,,NO APLICA,,,,,,SIN SITUACION DE FONDOS,OTRO,NO DEFINIDO,41984000.0,16430000.0,16430000.0
11463215,20220601,220173585,Instituto Purificense para la Recreación y el Deporte,2.1.2.02.02.008,SERVICIOS PRESTADOS A LAS EMPRESAS Y SERVICIOS DE PRODUCCION,GASTOS,FUNCIONAMIENTO,ADQUISICION DE BIENES Y SERVICIOS,ADQUISICIONES DIFERENTES DE ACTIVOS,ADQUISICION DE SERVICIOS,SERVICIOS PRESTADOS A LAS EMPRESAS Y SERVICIOS DE PRODUCCION,No Aplica,No Aplica,No Aplica,No Aplica,VIGENCIA ACTUAL,ENTIDADES DIFERENTES A ENTIDADES TERRITORIALES - GESTION GENERAL,NO DEFINIDO,NO DEFINIDO,DEPORTE Y RECREACION,,,2022,Segundo Trimestre,eje_gasto,,,,SERVICIOS DE APOYO EDUCATIVO,INGRESOS CORRIENTES DE LIBRE DESTINACION,,,,,,NO APLICA,,,,,,SIN SITUACION DE FONDOS,NO APLICA,NO DEFINIDO,31218641.0,31218641.0,5885361.0
11482594,20220301,220173585,Instituto Purificense para la Recreación y el Deporte,2.1.3,TRANSFERENCIAS CORRIENTES,GASTOS,FUNCIONAMIENTO,TRANSFERENCIAS CORRIENTES,No Aplica,No Aplica,No Aplica,No Aplica,No Aplica,No Aplica,No Aplica,VIGENCIA ACTUAL,ENTIDADES DIFERENTES A ENTIDADES TERRITORIALES - GESTION GENERAL,NO DEFINIDO,NO DEFINIDO,NO DEFINIDO,,,2022,Primer Trimestre,eje_gasto,,,,NO DEFINIDO,NO DEFINIDO,,,,,,NO DEFINIDO,,,,,,NO DEFINIDO,NO DEFINIDO,NO DEFINIDO,70000000.0,70000000.0,70000000.0
11483953,20210601,220173585,Instituto Purificense para la Recreación y el Deporte,2.1.1.02.01.001,FACTORES SALARIALES COMUNES,GASTOS,FUNCIONAMIENTO,GASTOS DE PERSONAL,PERSONAL SUPERNUMERARIO Y PLANTA TEMPORAL,FACTORES CONSTITUTIVOS DE SALARIO,FACTORES SALARIALES COMUNES,No Aplica,No Aplica,No Aplica,No Aplica,VIGENCIA ACTUAL,ENTIDADES DIFERENTES A ENTIDADES TERRITORIALES - GESTION GENERAL,NO DEFINIDO,NO DEFINIDO,NO DEFINIDO,,,2021,Segundo Trimestre,eje_gasto,,,,NO DEFINIDO,NO DEFINIDO,,,,,,NO DEFINIDO,,,,,,NO DEFINIDO,NO DEFINIDO,NO DEFINIDO,19716000.0,19716000.0,16430000.0
11489591,20210901,220173585,Instituto Purificense para la Recreación y el Deporte,2.3.1.01.01.001,FACTORES SALARIALES COMUNES,GASTOS,INVERSION,GASTOS DE PERSONAL,PLANTA DE PERSONAL PERMANENTE,FACTORES CONSTITUTIVOS DE SALARIO,FACTORES SALARIALES COMUNES,No Aplica,No Aplica,No Aplica,No Aplica,VIGENCIA ACTUAL,ENTIDADES DIFERENTES A ENTIDADES TERRITORIALES - GESTION GENERAL,NO DEFINIDO,NO DEFINIDO,NO DEFINIDO,,,2021,Tercer Trimestre,eje_gasto,,,,NO DEFINIDO,NO DEFINIDO,,,,,,NO DEFINIDO,,,,,,NO DEFINIDO,NO DEFINIDO,NO DEFINIDO,178124800.0,150875200.0,0.0
11490276,20210601,220173585,Instituto Purificense para la Recreación y el Deporte,2.1.1.01.01,FACTORES CONSTITUTIVOS DE SALARIO,GASTOS,FUNCIONAMIENTO,GASTOS DE PERSONAL,PLANTA DE PERSONAL PERMANENTE,FACTORES CONSTITUTIVOS DE SALARIO,No Aplica,No Aplica,No Aplica,No Aplica,No Aplica,VIGENCIA ACTUAL,ENTIDADES DIFERENTES A ENTIDADES TERRITORIALES - GESTION GENERAL,NO DEFINIDO,NO DEFINIDO,NO DEFINIDO,,,2021,Segundo Trimestre,eje_gasto,,,,NO DEFINIDO,NO DEFINIDO,,,,,,NO DEFINIDO,,,,,,NO DEFINIDO,NO DEFINIDO,NO DEFINIDO,43010777.0,43010777.0,34539209.0
11493374,20220301,220173585,Instituto Purificense para la Recreación y el Deporte,2.1.1.01.02.005,APORTES GENERALES AL SISTEMA DE RIESGOS LABORALES,GASTOS,FUNCIONAMIENTO,GASTOS DE PERSONAL,PLANTA DE PERSONAL PERMANENTE,CONTRIBUCIONES INHERENTES A LA NOMINA,APORTES GENERALES AL SISTEMA DE RIESGOS LABORALES,No Aplica,No Aplica,No Aplica,No Aplica,VIGENCIA ACTUAL,ENTIDADES DIFERENTES A ENTIDADES TERRITORIALES - GESTION GENERAL,NO DEFINIDO,NO DEFINIDO,DEPORTE Y RECREACION,,,2022,Primer Trimestre,eje_gasto,,,,NO APLICA,INGRESOS CORRIENTES DE LIBRE DESTINACION,,,,,,NO APLICA,,,,,,SIN SITUACION DE FONDOS,OTRO,NO DEFINIDO,113600.0,113600.0,113600.0
11503876,20211201,220173585,Instituto Purificense para la Recreación y el Deporte,2.1.2.01,ADQUISICION DE ACTIVOS NO FINANCIEROS,GASTOS,FUNCIONAMIENTO,ADQUISICION DE BIENES Y SERVICIOS,ADQUISICION DE ACTIVOS NO FINANCIEROS,No Aplica,No Aplica,No Aplica,No Aplica,No Aplica,No Aplica,VIGENCIA ACTUAL,ENTIDADES DIFERENTES A ENTIDADES TERRITORIALES - GESTION GENERAL,NO DEFINIDO,NO DEFINIDO,NO DEFINIDO,,,2021,Cuarto Trimestre,eje_gasto,,,,NO DEFINIDO,NO DEFINIDO,,,,,,NO DEFINIDO,,,,,,NO DEFINIDO,NO DEFINIDO,NO DEFINIDO,7110972.0,5975000.0,5975000.0
11504150,20230301,220173585,Instituto Purificense para la Recreación y el Deporte,2.1.1.01.03.001.01,VACACIONES,GASTOS,FUNCIONAMIENTO,GASTOS DE PERSONAL,PLANTA DE PERSONAL PERMANENTE,REMUNERACIONES NO CONSTITUTIVAS DE FACTOR SALARIAL,PRESTACIONES SOCIALES,VACACIONES,No Aplica,No Aplica,No Aplica,VIGENCIA ACTUAL,ENTIDADES DIFERENTES A ENTIDADES TERRITORIALES - GESTION GENERAL,NO DEFINIDO,NO DEFINIDO,DEPORTE Y RECREACION,,,2023,Primer Trimestre,eje_gasto,,,,NO APLICA,INGRESOS CORRIENTES DE LIBRE DESTINACION,,,,,,NO APLICA,,,,,,SIN SITUACION DE FONDOS,NO APLICA,NO DEFINIDO,5595312.0,5595312.0,5595312.0
11504219,20210601,220173585,Instituto Purificense para la Recreación y el Deporte,2.3.1,GASTOS DE PERSONAL,GASTOS,INVERSION,GASTOS DE PERSONAL,No Aplica,No Aplica,No Aplica,No Aplica,No Aplica,No Aplica,No Aplica,VIGENCIA ACTUAL,ENTIDADES DIFERENTES A ENTIDADES TERRITORIALES - GESTION GENERAL,NO DEFINIDO,NO DEFINIDO,NO DEFINIDO,,,2021,Segundo Trimestre,eje_gasto,,,,NO DEFINIDO,NO DEFINIDO,,,,,,NO DEFINIDO,,,,,,NO DEFINIDO,NO DEFINIDO,NO DEFINIDO,66224800.0,66224800.0,42200000.0
11510915,20230601,220173585,Instituto Purificense para la Recreación y el Deporte,2.1.1.01.01.001,FACTORES SALARIALES COMUNES,GASTOS,FUNCIONAMIENTO,GASTOS DE PERSONAL,PLANTA DE PERSONAL PERMANENTE,FACTORES CONSTITUTIVOS DE SALARIO,FACTORES SALARIALES COMUNES,No Aplica,No Aplica,No Aplica,No Aplica,VIGENCIA ACTUAL,ENTIDADES DIFERENTES A ENTIDADES TERRITORIALES - GESTION GENERAL,NO DEFINIDO,NO DEFINIDO,NO DEFINIDO,,,2023,Segundo Trimestre,eje_gasto,,,,NO DEFINIDO,NO DEFINIDO,,,,,,NO DEFINIDO,,,,,,NO DEFINIDO,NO DEFINIDO,NO DEFINIDO,63235364.0,27192548.0,27192548.0
11521857,20210301,220173585,Instituto Purificense para la Recreación y el Deporte,2.1.2.02,ADQUISICIONES DIFERENTES DE ACTIVOS,GASTOS,FUNCIONAMIENTO,ADQUISICION DE BIENES Y SERVICIOS,ADQUISICIONES DIFERENTES DE ACTIVOS,No Aplica,No Aplica,No Aplica,No Aplica,No Aplica,No Aplica,VIGENCIA ACTUAL,ENTIDADES DIFERENTES A ENTIDADES TERRITORIALES - GESTION GENERAL,NO DEFINIDO,NO DEFINIDO,NO DEFINIDO,,,2021,Primer Trimestre,eje_gasto,,,,NO DEFINIDO,NO DEFINIDO,,,,,,NO DEFINIDO,,,,,,NO DEFINIDO,NO DEFINIDO,NO DEFINIDO,1439370.0,1439370.0,1439370.0
11539226,20220601,220173585,Instituto Purificense para la Recreación y el Deporte,2.1.1.01.01.001.08,PRESTACIONES SOCIALES,GASTOS,FUNCIONAMIENTO,GASTOS DE PERSONAL,PLANTA DE PERSONAL PERMANENTE,FACTORES CONSTITUTIVOS DE SALARIO,FACTORES SALARIALES COMUNES,PRESTACIONES SOCIALES,No Aplica,No Aplica,No Aplica,VIGENCIA ACTUAL,ENTIDADES DIFERENTES A ENTIDADES TERRITORIALES - GESTION GENERAL,NO DEFINIDO,NO DEFINIDO,NO DEFINIDO,,,2022,Segundo Trimestre,eje_gasto,,,,NO DEFINIDO,NO DEFINIDO,,,,,,NO DEFINIDO,,,,,,NO DEFINIDO,NO DEFINIDO,NO DEFINIDO,3540936.0,3540936.0,2217751.0
11561861,20220601,220173585,Instituto Purificense para la Recreación y el Deporte,2.1.1.01.02.006,APORTES AL ICBF,GASTOS,FUNCIONAMIENTO,GASTOS DE PERSONAL,PLANTA DE PERSONAL PERMANENTE,CONTRIBUCIONES INHERENTES A LA NOMINA,APORTES AL ICBF,No Aplica,No Aplica,No Aplica,No Aplica,VIGENCIA ACTUAL,ENTIDADES DIFERENTES A ENTIDADES TERRITORIALES - GESTION GENERAL,NO DEFINIDO,NO DEFINIDO,DEPORTE Y RECREACION,,,2022,Segundo Trimestre,eje_gasto,,,,NO APLICA,INGRESOS CORRIENTES DE LIBRE DESTINACION,,,,,,NO APLICA,,,,,,SIN SITUACION DE FONDOS,OTRO,NO DEFINIDO,1087400.0,1087400.0,596000.0
11579163,20230301,220173585,Instituto Purificense para la Recreación y el Deporte,2.1.1.01.02.001,APORTES A LA SEGURIDAD SOCIAL EN PENSIONES,GASTOS,FUNCIONAMIENTO,GASTOS DE PERSONAL,PLANTA DE PERSONAL PERMANENTE,CONTRIBUCIONES INHERENTES A LA NOMINA,APORTES A LA SEGURIDAD SOCIAL EN PENSIONES,No Aplica,No Aplica,No Aplica,No Aplica,VIGENCIA ACTUAL,ENTIDADES DIFERENTES A ENTIDADES TERRITORIALES - GESTION GENERAL,NO DEFINIDO,NO DEFINIDO,DEPORTE Y RECREACION,,,2023,Primer Trimestre,eje_gasto,,,,NO APLICA,INGRESOS CORRIENTES DE LIBRE DESTINACION,,,,,,NO APLICA,,,,,,SIN SITUACION DE FONDOS,NO APLICA,NO DEFINIDO,4309400.0,4309400.0,4309400.0
11582991,20220601,220173585,Instituto Purificense para la Recreación y el Deporte,2.1.1.01.03.001.01,VACACIONES,GASTOS,FUNCIONAMIENTO,GASTOS DE PERSONAL,PLANTA DE PERSONAL PERMANENTE,REMUNERACIONES NO CONSTITUTIVAS DE FACTOR SALARIAL,PRESTACIONES SOCIALES,VACACIONES,No Aplica,No Aplica,No Aplica,VIGENCIA ACTUAL,ENTIDADES DIFERENTES A ENTIDADES TERRITORIALES - GESTION GENERAL,NO DEFINIDO,NO DEFINIDO,DEPORTE Y RECREACION,,,2022,Segundo Trimestre,eje_gasto,,,,NO APLICA,INGRESOS CORRIENTES DE LIBRE DESTINACION,,,,,,NO APLICA,,,,,,SIN SITUACION DE FONDOS,OTRO,NO DEFINIDO,4431704.0,4431704.0,2755670.0
11584259,20230301,220173585,Instituto Purificense para la Recreación y el Deporte,2.1.1.02.01.001.01,SUELDO BASICO,GASTOS,FUNCIONAMIENTO,GASTOS DE PERSONAL,PERSONAL SUPERNUMERARIO Y PLANTA TEMPORAL,FACTORES CONSTITUTIVOS DE SALARIO,FACTORES SALARIALES COMUNES,SUELDO BASICO,No Aplica,No Aplica,No Aplica,VIGENCIA ACTUAL,ENTIDADES DIFERENTES A ENTIDADES TERRITORIALES - GESTION GENERAL,NO DEFINIDO,NO DEFINIDO,DEPORTE Y RECREACION,,,2023,Primer Trimestre,eje_gasto,,,,NO APLICA,INGRESOS CORRIENTES DE LIBRE DESTINACION,,,,,,NO APLICA,,,,,,SIN SITUACION DE FONDOS,OTRO,NO DEFINIDO,15200000.0,15200000.0,15200000.0
11604796,20220601,220173585,Instituto Purificense para la Recreación y el Deporte,2.3.1.01.01,FACTORES CONSTITUTIVOS DE SALARIO,GASTOS,INVERSION,GASTOS DE PERSONAL,PLANTA DE PERSONAL PERMANENTE,FACTORES CONSTITUTIVOS DE SALARIO,No Aplica,No Aplica,No Aplica,No Aplica,No Aplica,VIGENCIA ACTUAL,ENTIDADES DIFERENTES A ENTIDADES TERRITORIALES - GESTION GENERAL,NO DEFINIDO,NO DEFINIDO,NO DEFINIDO,,,2022,Segundo Trimestre,eje_gasto,,,,NO DEFINIDO,NO DEFINIDO,,,,,,NO DEFINIDO,,,,,,NO DEFINIDO,NO DEFINIDO,NO DEFINIDO,101099041.0,101099041.0,32164041.0
11610774,20210601,220173585,Instituto Purificense para la Recreación y el Deporte,2.1.1.02.01,FACTORES CONSTITUTIVOS DE SALARIO,GASTOS,FUNCIONAMIENTO,GASTOS DE PERSONAL,PERSONAL SUPERNUMERARIO Y PLANTA TEMPORAL,FACTORES CONSTITUTIVOS DE SALARIO,No Aplica,No Aplica,No Aplica,No Aplica,No Aplica,VIGENCIA ACTUAL,ENTIDADES DIFERENTES A ENTIDADES TERRITORIALES - GESTION GENERAL,NO DEFINIDO,NO DEFINIDO,NO DEFINIDO,,,2021,Segundo Trimestre,eje_gasto,,,,NO DEFINIDO,NO DEFINIDO,,,,,,NO DEFINIDO,,,,,,NO DEFINIDO,NO DEFINIDO,NO DEFINIDO,19716000.0,19716000.0,16430000.0
11612594,20210601,220173585,Instituto Purificense para la Recreación y el Deporte,2,GASTOS,GASTOS,No Aplica,No Aplica,No Aplica,No Aplica,No Aplica,No Aplica,No Aplica,No Aplica,No Aplica,VIGENCIA ACTUAL,ENTIDADES DIFERENTES A ENTIDADES TERRITORIALES - GESTION GENERAL,NO DEFINIDO,NO DEFINIDO,NO DEFINIDO,,,2021,Segundo Trimestre,eje_gasto,,,,NO DEFINIDO,NO DEFINIDO,,,,,,NO DEFINIDO,,,,,,NO DEFINIDO,NO DEFINIDO,NO DEFINIDO,274563140.0,274563140.0,227506572.0
11632969,20230301,220173585,Instituto Purificense para la Recreación y el Deporte,2.1.1,GASTOS DE PERSONAL,GASTOS,FUNCIONAMIENTO,GASTOS DE PERSONAL,No Aplica,No Aplica,No Aplica,No Aplica,No Aplica,No Aplica,No Aplica,VIGENCIA ACTUAL,ENTIDADES DIFERENTES A ENTIDADES TERRITORIALES - GESTION GENERAL,NO DEFINIDO,NO DEFINIDO,NO DEFINIDO,,,2023,Primer Trimestre,eje_gasto,,,,NO DEFINIDO,NO DEFINIDO,,,,,,NO DEFINIDO,,,,,,NO DEFINIDO,NO DEFINIDO,NO DEFINIDO,73674802.0,65174802.0,65174802.0
11637079,20210301,220173585,Instituto Purificense para la Recreación y el Deporte,2.1.2.02.02.008,SERVICIOS PRESTADOS A LAS EMPRESAS Y SERVICIOS DE PRODUCCION,GASTOS,FUNCIONAMIENTO,ADQUISICION DE BIENES Y SERVICIOS,ADQUISICIONES DIFERENTES DE ACTIVOS,ADQUISICION DE SERVICIOS,SERVICIOS PRESTADOS A LAS EMPRESAS Y SERVICIOS DE PRODUCCION,No Aplica,No Aplica,No Aplica,No Aplica,VIGENCIA ACTUAL,ENTIDADES DIFERENTES A ENTIDADES TERRITORIALES - GESTION GENERAL,NO DEFINIDO,NO DEFINIDO,NO DEFINIDO,,,2021,Primer Trimestre,eje_gasto,,,,2822806 - SUDADERAS,1.2.2.0.00 - INGRESOS CORRIENTES DE DESTINACION ESPECIFICA POR ACTO ADMINISTRATIVO,,,,,,NO APLICA,,,,,,SIN SITUACION DE FONDOS,OTRO,NO DEFINIDO,1439370.0,1439370.0,1439370.0
11638575,20220301,220173585,Instituto Purificense para la Recreación y el Deporte,2.1.1.01.01.001.01,SUELDO BASICO,GASTOS,FUNCIONAMIENTO,GASTOS DE PERSONAL,PLANTA DE PERSONAL PERMANENTE,FACTORES CONSTITUTIVOS DE SALARIO,FACTORES SALARIALES COMUNES,SUELDO BASICO,No Aplica,No Aplica,No Aplica,VIGENCIA ACTUAL,ENTIDADES DIFERENTES A ENTIDADES TERRITORIALES - GESTION GENERAL,NO DEFINIDO,NO DEFINIDO,DEPORTE Y RECREACION,,,2022,Primer Trimestre,eje_gasto,,,,NO APLICA,DISPONIBILIDAD INICIAL,,,,,,NO APLICA,,,,,,CON SITUACION DE FONDOS,OTRO,NO DEFINIDO,22392198.0,22392198.0,22392198.0
11642779,20221201,220173585,Instituto Purificense para la Recreación y el Deporte,2.1.1.01.01.001.08.01,PRIMA DE NAVIDAD,GASTOS,FUNCIONAMIENTO,GASTOS DE PERSONAL,PLANTA DE PERSONAL PERMANENTE,FACTORES CONSTITUTIVOS DE SALARIO,FACTORES SALARIALES COMUNES,PRESTACIONES SOCIALES,PRIMA DE NAVIDAD,No Aplica,No Aplica,VIGENCIA ACTUAL,ENTIDADES DIFERENTES A ENTIDADES TERRITORIALES - GESTION GENERAL,NO DEFINIDO,NO DEFINIDO,DEPORTE Y RECREACION,,,2022,Cuarto Trimestre,eje_gasto,,,,NO APLICA,INGRESOS CORRIENTES DE LIBRE DESTINACION,,,,,,NO APLICA,,,,,,SIN SITUACION DE FONDOS,OTRO,NO DEFINIDO,8502136.0,8502136.0,8502136.0
11646122,20211201,220173585,Instituto Purificense para la Recreación y el Deporte,2.1.2.01.01,ACTIVOS FIJOS,GASTOS,FUNCIONAMIENTO,ADQUISICION DE BIENES Y SERVICIOS,ADQUISICION DE ACTIVOS NO FINANCIEROS,ACTIVOS FIJOS,No Aplica,No Aplica,No Aplica,No Aplica,No Aplica,VIGENCIA ACTUAL,ENTIDADES DIFERENTES A ENTIDADES TERRITORIALES - GESTION GENERAL,NO DEFINIDO,NO DEFINIDO,NO DEFINIDO,,,2021,Cuarto Trimestre,eje_gasto,,,,NO DEFINIDO,NO DEFINIDO,,,,,,NO DEFINIDO,,,,,,NO DEFINIDO,NO DEFINIDO,NO DEFINIDO,7110972.0,5975000.0,5975000.0
11654464,20210601,220173585,Instituto Purificense para la Recreación y el Deporte,2.1.1.01.02,CONTRIBUCIONES INHERENTES A LA NOMINA,GASTOS,FUNCIONAMIENTO,GASTOS DE PERSONAL,PLANTA DE PERSONAL PERMANENTE,CONTRIBUCIONES INHERENTES A LA NOMINA,No Aplica,No Aplica,No Aplica,No Aplica,No Aplica,VIGENCIA ACTUAL,ENTIDADES DIFERENTES A ENTIDADES TERRITORIALES - GESTION GENERAL,NO DEFINIDO,NO DEFINIDO,NO DEFINIDO,,,2021,Segundo Trimestre,eje_gasto,,,,NO DEFINIDO,NO DEFINIDO,,,,,,NO DEFINIDO,,,,,,NO DEFINIDO,NO DEFINIDO,NO DEFINIDO,19291087.0,19291087.0,17410311.0
11656234,20220301,220173585,Instituto Purificense para la Recreación y el Deporte,2.1.1.01.01.001.08,PRESTACIONES SOCIALES,GASTOS,FUNCIONAMIENTO,GASTOS DE PERSONAL,PLANTA DE PERSONAL PERMANENTE,FACTORES CONSTITUTIVOS DE SALARIO,FACTORES SALARIALES COMUNES,PRESTACIONES SOCIALES,No Aplica,No Aplica,No Aplica,VIGENCIA ACTUAL,ENTIDADES DIFERENTES A ENTIDADES TERRITORIALES - GESTION GENERAL,NO DEFINIDO,NO DEFINIDO,NO DEFINIDO,,,2022,Primer Trimestre,eje_gasto,,,,NO DEFINIDO,NO DEFINIDO,,,,,,NO DEFINIDO,,,,,,NO DEFINIDO,NO DEFINIDO,NO DEFINIDO,2217751.0,2217751.0,2217751.0
11662530,20220601,220173585,Instituto Purificense para la Recreación y el Deporte,2.1,FUNCIONAMIENTO,GASTOS,FUNCIONAMIENTO,No Aplica,No Aplica,No Aplica,No Aplica,No Aplica,No Aplica,No Aplica,No Aplica,VIGENCIA ACTUAL,ENTIDADES DIFERENTES A ENTIDADES TERRITORIALES - GESTION GENERAL,NO DEFINIDO,NO DEFINIDO,NO DEFINIDO,,,2022,Segundo Trimestre,eje_gasto,,,,NO DEFINIDO,NO DEFINIDO,,,,,,NO DEFINIDO,,,,,,NO DEFINIDO,NO DEFINIDO,NO DEFINIDO,193632466.0,193632466.0,123952334.0
11678792,20210601,220173585,Instituto Purificense para la Recreación y el Deporte,2.1.1.02.01.001.01,SUELDO BASICO,GASTOS,FUNCIONAMIENTO,GASTOS DE PERSONAL,PERSONAL SUPERNUMERARIO Y PLANTA TEMPORAL,FACTORES CONSTITUTIVOS DE SALARIO,FACTORES SALARIALES COMUNES,SUELDO BASICO,No Aplica,No Aplica,No Aplica,VIGENCIA ACTUAL,ENTIDADES DIFERENTES A ENTIDADES TERRITORIALES - GESTION GENERAL,NO DEFINIDO,NO DEFINIDO,DEPORTE Y RECREACION,,,2021,Segundo Trimestre,eje_gasto,,,,NO APLICA,1.2.1.0.00 - INGRESOS CORRIENTES DE LIBRE DESTINACION,,,,,,NO APLICA,,,,,,SIN SITUACION DE FONDOS,OTRO,NO DEFINIDO,19716000.0,19716000.0,16430000.0
11679654,20210601,220173585,Instituto Purificense para la Recreación y el Deporte,2.3,INVERSION,GASTOS,INVERSION,No Aplica,No Aplica,No Aplica,No Aplica,No Aplica,No Aplica,No Aplica,No Aplica,VIGENCIA ACTUAL,ENTIDADES DIFERENTES A ENTIDADES TERRITORIALES - GESTION GENERAL,NO DEFINIDO,NO DEFINIDO,NO DEFINIDO,,,2021,Segundo Trimestre,eje_gasto,,,,NO DEFINIDO,NO DEFINIDO,,,,,,NO DEFINIDO,,,,,,NO DEFINIDO,NO DEFINIDO,NO DEFINIDO,66224800.0,66224800.0,42200000.0
11685606,20221201,220173585,Instituto Purificense para la Recreación y el Deporte,2.1.1.01.01,FACTORES CONSTITUTIVOS DE SALARIO,GASTOS,FUNCIONAMIENTO,GASTOS DE PERSONAL,PLANTA DE PERSONAL PERMANENTE,FACTORES CONSTITUTIVOS DE SALARIO,No Aplica,No Aplica,No Aplica,No Aplica,No Aplica,VIGENCIA ACTUAL,ENTIDADES DIFERENTES A ENTIDADES TERRITORIALES - GESTION GENERAL,NO DEFINIDO,NO DEFINIDO,NO DEFINIDO,,,2022,Cuarto Trimestre,eje_gasto,,,,NO DEFINIDO,NO DEFINIDO,,,,,,NO DEFINIDO,,,,,,NO DEFINIDO,NO DEFINIDO,NO DEFINIDO,112165292.0,112165292.0,112165292.0
11699579,20210601,220173585,Instituto Purificense para la Recreación y el Deporte,2.1.2.02.02,ADQUISICION DE SERVICIOS,GASTOS,FUNCIONAMIENTO,ADQUISICION DE BIENES Y SERVICIOS,ADQUISICIONES DIFERENTES DE ACTIVOS,ADQUISICION DE SERVICIOS,No Aplica,No Aplica,No Aplica,No Aplica,No Aplica,VIGENCIA ACTUAL,ENTIDADES DIFERENTES A ENTIDADES TERRITORIALES - GESTION GENERAL,NO DEFINIDO,NO DEFINIDO,NO DEFINIDO,,,2021,Segundo Trimestre,eje_gasto,,,,NO DEFINIDO,NO DEFINIDO,,,,,,NO DEFINIDO,,,,,,NO DEFINIDO,NO DEFINIDO,NO DEFINIDO,1038000.0,1038000.0,538000.0
11718815,20210901,220173585,Instituto Purificense para la Recreación y el Deporte,2.1.1.01.02.006,APORTES AL ICBF,GASTOS,FUNCIONAMIENTO,GASTOS DE PERSONAL,PLANTA DE PERSONAL PERMANENTE,CONTRIBUCIONES INHERENTES A LA NOMINA,APORTES AL ICBF,No Aplica,No Aplica,No Aplica,No Aplica,VIGENCIA ACTUAL,ENTIDADES DIFERENTES A ENTIDADES TERRITORIALES - GESTION GENERAL,NO DEFINIDO,NO DEFINIDO,DEPORTE Y RECREACION,,,2021,Tercer Trimestre,eje_gasto,,,,NO APLICA,1.2.1.0.00 - INGRESOS CORRIENTES DE LIBRE DESTINACION,,,,,,NO APLICA,,,,,,SIN SITUACION DE FONDOS,OTRO,NO DEFINIDO,1536000.0,934000.0,934000.0
11721315,20220601,220173585,Instituto Purificense para la Recreación y el Deporte,2.1.3,TRANSFERENCIAS CORRIENTES,GASTOS,FUNCIONAMIENTO,TRANSFERENCIAS CORRIENTES,No Aplica,No Aplica,No Aplica,No Aplica,No Aplica,No Aplica,No Aplica,VIGENCIA ACTUAL,ENTIDADES DIFERENTES A ENTIDADES TERRITORIALES - GESTION GENERAL,NO DEFINIDO,NO DEFINIDO,NO DEFINIDO,,,2022,Segundo Trimestre,eje_gasto,,,,NO DEFINIDO,NO DEFINIDO,,,,,,NO DEFINIDO,,,,,,NO DEFINIDO,NO DEFINIDO,NO DEFINIDO,70000000.0,70000000.0,70000000.0
11724401,20210601,220173585,Instituto Purificense para la Recreación y el Deporte,2.1.1.01.01.001.08,PRESTACIONES SOCIALES,GASTOS,FUNCIONAMIENTO,GASTOS DE PERSONAL,PLANTA DE PERSONAL PERMANENTE,FACTORES CONSTITUTIVOS DE SALARIO,FACTORES SALARIALES COMUNES,PRESTACIONES SOCIALES,No Aplica,No Aplica,No Aplica,VIGENCIA ACTUAL,ENTIDADES DIFERENTES A ENTIDADES TERRITORIALES - GESTION GENERAL,NO DEFINIDO,NO DEFINIDO,NO DEFINIDO,,,2021,Segundo Trimestre,eje_gasto,,,,NO DEFINIDO,NO DEFINIDO,,,,,,NO DEFINIDO,,,,,,NO DEFINIDO,NO DEFINIDO,NO DEFINIDO,2724364.0,2724364.0,1203939.0
11724441,20230301,220173585,Instituto Purificense para la Recreación y el Deporte,2.1.2,ADQUISICION DE BIENES Y SERVICIOS,GASTOS,FUNCIONAMIENTO,ADQUISICION DE BIENES Y SERVICIOS,No Aplica,No Aplica,No Aplica,No Aplica,No Aplica,No Aplica,No Aplica,VIGENCIA ACTUAL,ENTIDADES DIFERENTES A ENTIDADES TERRITORIALES - GESTION GENERAL,NO DEFINIDO,NO DEFINIDO,NO DEFINIDO,,,2023,Primer Trimestre,eje_gasto,,,,NO DEFINIDO,NO DEFINIDO,,,,,,NO DEFINIDO,,,,,,NO DEFINIDO,NO DEFINIDO,NO DEFINIDO,13524937.0,13524937.0,13524937.0
11732077,20220301,220173585,Instituto Purificense para la Recreación y el Deporte,2.1.1.01.02.002,APORTES A LA SEGURIDAD SOCIAL EN SALUD,GASTOS,FUNCIONAMIENTO,GASTOS DE PERSONAL,PLANTA DE PERSONAL PERMANENTE,CONTRIBUCIONES INHERENTES A LA NOMINA,APORTES A LA SEGURIDAD SOCIAL EN SALUD,No Aplica,No Aplica,No Aplica,No Aplica,VIGENCIA ACTUAL,ENTIDADES DIFERENTES A ENTIDADES TERRITORIALES - GESTION GENERAL,NO DEFINIDO,NO DEFINIDO,DEPORTE Y RECREACION,,,2022,Primer Trimestre,eje_gasto,,,,NO APLICA,INGRESOS CORRIENTES DE LIBRE DESTINACION,,,,,,NO APLICA,,,,,,SIN SITUACION DE FONDOS,OTRO,NO DEFINIDO,2733600.0,2733600.0,2733600.0
11742904,20210901,220173585,Instituto Purificense para la Recreación y el Deporte,2.1.1.02.01.001.01,SUELDO BASICO,GASTOS,FUNCIONAMIENTO,GASTOS DE PERSONAL,PERSONAL SUPERNUMERARIO Y PLANTA TEMPORAL,FACTORES CONSTITUTIVOS DE SALARIO,FACTORES SALARIALES COMUNES,SUELDO BASICO,No Aplica,No Aplica,No Aplica,VIGENCIA ACTUAL,ENTIDADES DIFERENTES A ENTIDADES TERRITORIALES - GESTION GENERAL,NO DEFINIDO,NO DEFINIDO,DEPORTE Y RECREACION,,,2021,Tercer Trimestre,eje_gasto,,,,NO APLICA,1.1.0.0.00 - DISPONIBILIDAD INICIAL,,,,,,NO APLICA,,,,,,SIN SITUACION DE FONDOS,OTRO,NO DEFINIDO,41984000.0,41984000.0,41984000.0
11747699,20220301,220173585,Instituto Purificense para la Recreación y el Deporte,2.1.1.01.02.003,APORTES DE CESANTIAS,GASTOS,FUNCIONAMIENTO,GASTOS DE PERSONAL,PLANTA DE PERSONAL PERMANENTE,CONTRIBUCIONES INHERENTES A LA NOMINA,APORTES DE CESANTIAS,No Aplica,No Aplica,No Aplica,No Aplica,VIGENCIA ACTUAL,ENTIDADES DIFERENTES A ENTIDADES TERRITORIALES - GESTION GENERAL,NO DEFINIDO,NO DEFINIDO,DEPORTE Y RECREACION,,,2022,Primer Trimestre,eje_gasto,,,,NO APLICA,INGRESOS CORRIENTES DE LIBRE DESTINACION,,,,,,NO APLICA,,,,,,SIN SITUACION DE FONDOS,OTRO,NO DEFINIDO,8705343.0,8705343.0,8705343.0
11756515,20230601,220173585,Instituto Purificense para la Recreación y el Deporte,2.1.1.01.01.001.06,PRIMA DE SERVICIO,GASTOS,FUNCIONAMIENTO,GASTOS DE PERSONAL,PLANTA DE PERSONAL PERMANENTE,FACTORES CONSTITUTIVOS DE SALARIO,FACTORES SALARIALES COMUNES,PRIMA DE SERVICIO,No Aplica,No Aplica,No Aplica,VIGENCIA ACTUAL,ENTIDADES DIFERENTES A ENTIDADES TERRITORIALES - GESTION GENERAL,NO DEFINIDO,NO DEFINIDO,DEPORTE Y RECREACION,,,2023,Segundo Trimestre,eje_gasto,,,,NO APLICA,INGRESOS CORRIENTES DE DESTINACION ESPECIFICA POR ACTO ADMINISTRATIVO,,,,,,NO APLICA,,,,,,SIN SITUACION DE FONDOS,NO APLICA,NO DEFINIDO,4663314.0,4663314.0,4663314.0
11766122,20211201,220173585,Instituto Purificense para la Recreación y el Deporte,2.1.1.01.01.001.08.02,PRIMA DE VACACIONES,GASTOS,FUNCIONAMIENTO,GASTOS DE PERSONAL,PLANTA DE PERSONAL PERMANENTE,FACTORES CONSTITUTIVOS DE SALARIO,FACTORES SALARIALES COMUNES,PRESTACIONES SOCIALES,PRIMA DE VACACIONES,No Aplica,No Aplica,VIGENCIA ACTUAL,ENTIDADES DIFERENTES A ENTIDADES TERRITORIALES - GESTION GENERAL,NO DEFINIDO,NO DEFINIDO,DEPORTE Y RECREACION,,,2021,Cuarto Trimestre,eje_gasto,,,,NO APLICA,INGRESOS CORRIENTES DE LIBRE DESTINACION,,,,,,NO APLICA,,,,,,SIN SITUACION DE FONDOS,OTRO,NO DEFINIDO,3798608.0,1203329.0,1203329.0
11775415,20210301,220173585,Instituto Purificense para la Recreación y el Deporte,2.1.1.01.01.001,FACTORES SALARIALES COMUNES,GASTOS,FUNCIONAMIENTO,GASTOS DE PERSONAL,PLANTA DE PERSONAL PERMANENTE,FACTORES CONSTITUTIVOS DE SALARIO,FACTORES SALARIALES COMUNES,No Aplica,No Aplica,No Aplica,No Aplica,VIGENCIA ACTUAL,ENTIDADES DIFERENTES A ENTIDADES TERRITORIALES - GESTION GENERAL,NO DEFINIDO,NO DEFINIDO,NO DEFINIDO,,,2021,Primer Trimestre,eje_gasto,,,,NO DEFINIDO,NO DEFINIDO,,,,,,NO DEFINIDO,,,,,,NO DEFINIDO,NO DEFINIDO,NO DEFINIDO,22055359.0,22055359.0,22055359.0
11775693,20230601,220173585,Instituto Purificense para la Recreación y el Deporte,2.1.2.02.02.008,SERVICIOS PRESTADOS A LAS EMPRESAS Y SERVICIOS DE PRODUCCION,GASTOS,FUNCIONAMIENTO,ADQUISICION DE BIENES Y SERVICIOS,ADQUISICIONES DIFERENTES DE ACTIVOS,ADQUISICION DE SERVICIOS,SERVICIOS PRESTADOS A LAS EMPRESAS Y SERVICIOS DE PRODUCCION,No Aplica,No Aplica,No Aplica,No Aplica,VIGENCIA ACTUAL,ENTIDADES DIFERENTES A ENTIDADES TERRITORIALES - GESTION GENERAL,NO DEFINIDO,NO DEFINIDO,DEPORTE Y RECREACION,,,2023,Segundo Trimestre,eje_gasto,,,,SERVICIOS DE CLUBES DEPORTIVOS,INGRESOS CORRIENTES DE DESTINACION ESPECIFICA POR ACTO ADMINISTRATIVO,,,,,,NO APLICA,,,,,,SIN SITUACION DE FONDOS,NO APLICA,NO DEFINIDO,10296521.0,296521.0,296521.0
11780953,20220901,220173585,Instituto Purificense para la Recreación y el Deporte,2.1.2.02,ADQUISICIONES DIFERENTES DE ACTIVOS,GASTOS,FUNCIONAMIENTO,ADQUISICION DE BIENES Y SERVICIOS,ADQUISICIONES DIFERENTES DE ACTIVOS,No Aplica,No Aplica,No Aplica,No Aplica,No Aplica,No Aplica,VIGENCIA ACTUAL,ENTIDADES DIFERENTES A ENTIDADES TERRITORIALES - GESTION GENERAL,NO DEFINIDO,NO DEFINIDO,NO DEFINIDO,,,2022,Tercer Trimestre,eje_gasto,,,,NO DEFINIDO,NO DEFINIDO,,,,,,NO DEFINIDO,,,,,,NO DEFINIDO,NO DEFINIDO,NO DEFINIDO,1032151.0,1032151.0,268929.0
11784913,20211201,220173585,Instituto Purificense para la Recreación y el Deporte,2.1.1.01.03,REMUNERACIONES NO CONSTITUTIVAS DE FACTOR SALARIAL,GASTOS,FUNCIONAMIENTO,GASTOS DE PERSONAL,PLANTA DE PERSONAL PERMANENTE,REMUNERACIONES NO CONSTITUTIVAS DE FACTOR SALARIAL,No Aplica,No Aplica,No Aplica,No Aplica,No Aplica,VIGENCIA ACTUAL,ENTIDADES DIFERENTES A ENTIDADES TERRITORIALES - GESTION GENERAL,NO DEFINIDO,NO DEFINIDO,NO DEFINIDO,,,2021,Cuarto Trimestre,eje_gasto,,,,NO DEFINIDO,NO DEFINIDO,,,,,,NO DEFINIDO,,,,,,NO DEFINIDO,NO DEFINIDO,NO DEFINIDO,4811571.0,1524217.0,1524217.0
11803249,20210901,220173585,Instituto Purificense para la Recreación y el Deporte,2.3.1.01,PLANTA DE PERSONAL PERMANENTE,GASTOS,INVERSION,GASTOS DE PERSONAL,PLANTA DE PERSONAL PERMANENTE,No Aplica,No Aplica,No Aplica,No Aplica,No Aplica,No Aplica,VIGENCIA ACTUAL,ENTIDADES DIFERENTES A ENTIDADES TERRITORIALES - GESTION GENERAL,NO DEFINIDO,NO DEFINIDO,NO DEFINIDO,,,2021,Tercer Trimestre,eje_gasto,,,,NO DEFINIDO,NO DEFINIDO,,,,,,NO DEFINIDO,,,,,,NO DEFINIDO,NO DEFINIDO,NO DEFINIDO,178124800.0,150875200.0,0.0
11812309,20221201,220173585,Instituto Purificense para la Recreación y el Deporte,2.1.1.01.03.001,PRESTACIONES SOCIALES,GASTOS,FUNCIONAMIENTO,GASTOS DE PERSONAL,PLANTA DE PERSONAL PERMANENTE,REMUNERACIONES NO CONSTITUTIVAS DE FACTOR SALARIAL,PRESTACIONES SOCIALES,No Aplica,No Aplica,No Aplica,No Aplica,VIGENCIA ACTUAL,ENTIDADES DIFERENTES A ENTIDADES TERRITORIALES - GESTION GENERAL,NO DEFINIDO,NO DEFINIDO,NO DEFINIDO,,,2022,Cuarto Trimestre,eje_gasto,,,,NO DEFINIDO,NO DEFINIDO,,,,,,NO DEFINIDO,,,,,,NO DEFINIDO,NO DEFINIDO,NO DEFINIDO,4431704.0,4431704.0,4431704.0
11814348,20210901,220173585,Instituto Purificense para la Recreación y el Deporte,2.1.1.01,PLANTA DE PERSONAL PERMANENTE,GASTOS,FUNCIONAMIENTO,GASTOS DE PERSONAL,PLANTA DE PERSONAL PERMANENTE,No Aplica,No Aplica,No Aplica,No Aplica,No Aplica,No Aplica,VIGENCIA ACTUAL,ENTIDADES DIFERENTES A ENTIDADES TERRITORIALES - GESTION GENERAL,NO DEFINIDO,NO DEFINIDO,NO DEFINIDO,,,2021,Tercer Trimestre,eje_gasto,,,,NO DEFINIDO,NO DEFINIDO,,,,,,NO DEFINIDO,,,,,,NO DEFINIDO,NO DEFINIDO,NO DEFINIDO,103288861.0,38075822.0,17658310.0
11820335,20211201,220173585,Instituto Purificense para la Recreación y el Deporte,2.1.3.13.01,FALLOS NACIONALES,GASTOS,FUNCIONAMIENTO,TRANSFERENCIAS CORRIENTES,SENTENCIAS Y CONCILIACIONES,FALLOS NACIONALES,No Aplica,No Aplica,No Aplica,No Aplica,No Aplica,VIGENCIA ACTUAL,ENTIDADES DIFERENTES A ENTIDADES TERRITORIALES - GESTION GENERAL,NO DEFINIDO,NO DEFINIDO,NO DEFINIDO,,,2021,Cuarto Trimestre,eje_gasto,,,,NO DEFINIDO,NO DEFINIDO,,,,,,NO DEFINIDO,,,,,,NO DEFINIDO,NO DEFINIDO,NO DEFINIDO,112008616.0,112008616.0,112008616.0
11821555,20220901,220173585,Instituto Purificense para la Recreación y el Deporte,2.1.1.01,PLANTA DE PERSONAL PERMANENTE,GASTOS,FUNCIONAMIENTO,GASTOS DE PERSONAL,PLANTA DE PERSONAL PERMANENTE,No Aplica,No Aplica,No Aplica,No Aplica,No Aplica,No Aplica,VIGENCIA ACTUAL,ENTIDADES DIFERENTES A ENTIDADES TERRITORIALES - GESTION GENERAL,NO DEFINIDO,NO DEFINIDO,NO DEFINIDO,,,2022,Tercer Trimestre,eje_gasto,,,,NO DEFINIDO,NO DEFINIDO,,,,,,NO DEFINIDO,,,,,,NO DEFINIDO,NO DEFINIDO,NO DEFINIDO,103940723.0,103940723.0,63281250.0
11826628,20221201,220173585,Instituto Purificense para la Recreación y el Deporte,2.1.1.01.02.004,APORTES A CAJAS DE COMPENSACION FAMILIAR,GASTOS,FUNCIONAMIENTO,GASTOS DE PERSONAL,PLANTA DE PERSONAL PERMANENTE,CONTRIBUCIONES INHERENTES A LA NOMINA,APORTES A CAJAS DE COMPENSACION FAMILIAR,No Aplica,No Aplica,No Aplica,No Aplica,VIGENCIA ACTUAL,ENTIDADES DIFERENTES A ENTIDADES TERRITORIALES - GESTION GENERAL,NO DEFINIDO,NO DEFINIDO,DEPORTE Y RECREACION,,,2022,Cuarto Trimestre,eje_gasto,,,,NO APLICA,INGRESOS CORRIENTES DE LIBRE DESTINACION,,,,,,NO APLICA,,,,,,SIN SITUACION DE FONDOS,NO APLICA,NO DEFINIDO,3413800.0,3413800.0,3413800.0
11827482,20221201,220173585,Instituto Purificense para la Recreación y el Deporte,2.1.1.01.02,CONTRIBUCIONES INHERENTES A LA NOMINA,GASTOS,FUNCIONAMIENTO,GASTOS DE PERSONAL,PLANTA DE PERSONAL PERMANENTE,CONTRIBUCIONES INHERENTES A LA NOMINA,No Aplica,No Aplica,No Aplica,No Aplica,No Aplica,VIGENCIA ACTUAL,ENTIDADES DIFERENTES A ENTIDADES TERRITORIALES - GESTION GENERAL,NO DEFINIDO,NO DEFINIDO,NO DEFINIDO,,,2022,Cuarto Trimestre,eje_gasto,,,,NO DEFINIDO,NO DEFINIDO,,,,,,NO DEFINIDO,,,,,,NO DEFINIDO,NO DEFINIDO,NO DEFINIDO,34039336.0,34039336.0,34039336.0
11830564,20211201,220173585,Instituto Purificense para la Recreación y el Deporte,2.1.1.01,PLANTA DE PERSONAL PERMANENTE,GASTOS,FUNCIONAMIENTO,GASTOS DE PERSONAL,PLANTA DE PERSONAL PERMANENTE,No Aplica,No Aplica,No Aplica,No Aplica,No Aplica,No Aplica,VIGENCIA ACTUAL,ENTIDADES DIFERENTES A ENTIDADES TERRITORIALES - GESTION GENERAL,NO DEFINIDO,NO DEFINIDO,NO DEFINIDO,,,2021,Cuarto Trimestre,eje_gasto,,,,NO DEFINIDO,NO DEFINIDO,,,,,,NO DEFINIDO,,,,,,NO DEFINIDO,NO DEFINIDO,NO DEFINIDO,130091706.0,55422687.0,55354853.0
11830623,20230601,220173585,Instituto Purificense para la Recreación y el Deporte,2.1.1.01.03.001,PRESTACIONES SOCIALES,GASTOS,FUNCIONAMIENTO,GASTOS DE PERSONAL,PLANTA DE PERSONAL PERMANENTE,REMUNERACIONES NO CONSTITUTIVAS DE FACTOR SALARIAL,PRESTACIONES SOCIALES,No Aplica,No Aplica,No Aplica,No Aplica,VIGENCIA ACTUAL,ENTIDADES DIFERENTES A ENTIDADES TERRITORIALES - GESTION GENERAL,NO DEFINIDO,NO DEFINIDO,NO DEFINIDO,,,2023,Segundo Trimestre,eje_gasto,,,,NO DEFINIDO,NO DEFINIDO,,,,,,NO DEFINIDO,,,,,,NO DEFINIDO,NO DEFINIDO,NO DEFINIDO,5595312.0,0.0,0.0
11834479,20220901,220173585,Instituto Purificense para la Recreación y el Deporte,2.1.1.02.01.001,FACTORES SALARIALES COMUNES,GASTOS,FUNCIONAMIENTO,GASTOS DE PERSONAL,PERSONAL SUPERNUMERARIO Y PLANTA TEMPORAL,FACTORES CONSTITUTIVOS DE SALARIO,FACTORES SALARIALES COMUNES,No Aplica,No Aplica,No Aplica,No Aplica,VIGENCIA ACTUAL,ENTIDADES DIFERENTES A ENTIDADES TERRITORIALES - GESTION GENERAL,NO DEFINIDO,NO DEFINIDO,NO DEFINIDO,,,2022,Tercer Trimestre,eje_gasto,,,,NO DEFINIDO,NO DEFINIDO,,,,,,NO DEFINIDO,,,,,,NO DEFINIDO,NO DEFINIDO,NO DEFINIDO,56400000.0,56400000.0,22600000.0
11844143,20221201,220173585,Instituto Purificense para la Recreación y el Deporte,2.1.3.13.01,FALLOS NACIONALES,GASTOS,FUNCIONAMIENTO,TRANSFERENCIAS CORRIENTES,SENTENCIAS Y CONCILIACIONES,FALLOS NACIONALES,No Aplica,No Aplica,No Aplica,No Aplica,No Aplica,VIGENCIA ACTUAL,ENTIDADES DIFERENTES A ENTIDADES TERRITORIALES - GESTION GENERAL,NO DEFINIDO,NO DEFINIDO,NO DEFINIDO,,,2022,Cuarto Trimestre,eje_gasto,,,,NO DEFINIDO,NO DEFINIDO,,,,,,NO DEFINIDO,,,,,,NO DEFINIDO,NO DEFINIDO,NO DEFINIDO,97604690.0,97604690.0,97604690.0
11845674,20210301,220173585,Instituto Purificense para la Recreación y el Deporte,2.1.3,TRANSFERENCIAS CORRIENTES,GASTOS,FUNCIONAMIENTO,TRANSFERENCIAS CORRIENTES,No Aplica,No Aplica,No Aplica,No Aplica,No Aplica,No Aplica,No Aplica,VIGENCIA ACTUAL,ENTIDADES DIFERENTES A ENTIDADES TERRITORIALES - GESTION GENERAL,NO DEFINIDO,NO DEFINIDO,NO DEFINIDO,,,2021,Primer Trimestre,eje_gasto,,,,NO DEFINIDO,NO DEFINIDO,,,,,,NO DEFINIDO,,,,,,NO DEFINIDO,NO DEFINIDO,NO DEFINIDO,110000000.0,110000000.0,110000000.0
11852773,20210601,220173585,Instituto Purificense para la Recreación y el Deporte,2.1.3,TRANSFERENCIAS CORRIENTES,GASTOS,FUNCIONAMIENTO,TRANSFERENCIAS CORRIENTES,No Aplica,No Aplica,No Aplica,No Aplica,No Aplica,No Aplica,No Aplica,VIGENCIA ACTUAL,ENTIDADES DIFERENTES A ENTIDADES TERRITORIALES - GESTION GENERAL,NO DEFINIDO,NO DEFINIDO,NO DEFINIDO,,,2021,Segundo Trimestre,eje_gasto,,,,NO DEFINIDO,NO DEFINIDO,,,,,,NO DEFINIDO,,,,,,NO DEFINIDO,NO DEFINIDO,NO DEFINIDO,112008616.0,112008616.0,112008616.0
11865921,20230601,220173585,Instituto Purificense para la Recreación y el Deporte,2.1.1.01.02.007,APORTES AL SENA,GASTOS,FUNCIONAMIENTO,GASTOS DE PERSONAL,PLANTA DE PERSONAL PERMANENTE,CONTRIBUCIONES INHERENTES A LA NOMINA,APORTES AL SENA,No Aplica,No Aplica,No Aplica,No Aplica,VIGENCIA ACTUAL,ENTIDADES DIFERENTES A ENTIDADES TERRITORIALES - GESTION GENERAL,NO DEFINIDO,NO DEFINIDO,DEPORTE Y RECREACION,,,2023,Segundo Trimestre,eje_gasto,,,,NO APLICA,INGRESOS CORRIENTES DE DESTINACION ESPECIFICA POR ACTO ADMINISTRATIVO,,,,,,NO APLICA,,,,,,SIN SITUACION DE FONDOS,NO APLICA,NO DEFINIDO,1007800.0,281900.0,281900.0
11866721,20211201,220173585,Instituto Purificense para la Recreación y el Deporte,2.1.2.02.02.008,SERVICIOS PRESTADOS A LAS EMPRESAS Y SERVICIOS DE PRODUCCION,GASTOS,FUNCIONAMIENTO,ADQUISICION DE BIENES Y SERVICIOS,ADQUISICIONES DIFERENTES DE ACTIVOS,ADQUISICION DE SERVICIOS,SERVICIOS PRESTADOS A LAS EMPRESAS Y SERVICIOS DE PRODUCCION,No Aplica,No Aplica,No Aplica,No Aplica,VIGENCIA ACTUAL,ENTIDADES DIFERENTES A ENTIDADES TERRITORIALES - GESTION GENERAL,NO DEFINIDO,NO DEFINIDO,DEPORTE Y RECREACION,,,2021,Cuarto Trimestre,eje_gasto,,,,PAPELES Y CARTONES MIXTOS NO REVESTIDOS EN LA SUPERFICIE NI IMPREGNADOS,INGRESOS CORRIENTES DE LIBRE DESTINACION,,,,,,NO APLICA,,,,,,SIN SITUACION DE FONDOS,OTRO,NO DEFINIDO,1221600.0,538000.0,538000.0
11877849,20210901,220173585,Instituto Purificense para la Recreación y el Deporte,2.1.1.01.02.003,APORTES DE CESANTIAS,GASTOS,FUNCIONAMIENTO,GASTOS DE PERSONAL,PLANTA DE PERSONAL PERMANENTE,CONTRIBUCIONES INHERENTES A LA NOMINA,APORTES DE CESANTIAS,No Aplica,No Aplica,No Aplica,No Aplica,VIGENCIA ACTUAL,ENTIDADES DIFERENTES A ENTIDADES TERRITORIALES - GESTION GENERAL,NO DEFINIDO,NO DEFINIDO,DEPORTE Y RECREACION,,,2021,Tercer Trimestre,eje_gasto,,,,NO APLICA,1.2.1.0.00 - INGRESOS CORRIENTES DE LIBRE DESTINACION,,,,,,NO APLICA,,,,,,SIN SITUACION DE FONDOS,OTRO,NO DEFINIDO,7975501.0,14499.0,14499.0
11882578,20210301,220173585,Instituto Purificense para la Recreación y el Deporte,2.1.1.01.02.007,APORTES AL SENA,GASTOS,FUNCIONAMIENTO,GASTOS DE PERSONAL,PLANTA DE PERSONAL PERMANENTE,CONTRIBUCIONES INHERENTES A LA NOMINA,APORTES AL SENA,No Aplica,No Aplica,No Aplica,No Aplica,VIGENCIA ACTUAL,ENTIDADES DIFERENTES A ENTIDADES TERRITORIALES - GESTION GENERAL,NO DEFINIDO,NO DEFINIDO,NO DEFINIDO,,,2021,Primer Trimestre,eje_gasto,,,,NO APLICA,1.2.2.0.00 - INGRESOS CORRIENTES DE DESTINACION ESPECIFICA POR ACTO ADMINISTRATIVO,,,,,,NO APLICA,,,,,,SIN SITUACION DE FONDOS,OTRO,NO DEFINIDO,384300.0,384300.0,256200.0
11882913,20220901,220173585,Instituto Purificense para la Recreación y el Deporte,2.1.1.01.03.001,PRESTACIONES SOCIALES,GASTOS,FUNCIONAMIENTO,GASTOS DE PERSONAL,PLANTA DE PERSONAL PERMANENTE,REMUNERACIONES NO CONSTITUTIVAS DE FACTOR SALARIAL,PRESTACIONES SOCIALES,No Aplica,No Aplica,No Aplica,No Aplica,VIGENCIA ACTUAL,ENTIDADES DIFERENTES A ENTIDADES TERRITORIALES - GESTION GENERAL,NO DEFINIDO,NO DEFINIDO,NO DEFINIDO,,,2022,Tercer Trimestre,eje_gasto,,,,NO DEFINIDO,NO DEFINIDO,,,,,,NO DEFINIDO,,,,,,NO DEFINIDO,NO DEFINIDO,NO DEFINIDO,4431704.0,4431704.0,4431704.0
11896703,20210901,220173585,Instituto Purificense para la Recreación y el Deporte,2.1.3.13.01.002,CONCILIACIONES,GASTOS,FUNCIONAMIENTO,TRANSFERENCIAS CORRIENTES,SENTENCIAS Y CONCILIACIONES,FALLOS NACIONALES,CONCILIACIONES,No Aplica,No Aplica,No Aplica,No Aplica,VIGENCIA ACTUAL,ENTIDADES DIFERENTES A ENTIDADES TERRITORIALES - GESTION GENERAL,NO DEFINIDO,NO DEFINIDO,DEPORTE Y RECREACION,,,2021,Tercer Trimestre,eje_gasto,,,,NO APLICA,1.2.1.0.00 - INGRESOS CORRIENTES DE LIBRE DESTINACION,,,,,,NO APLICA,,,,,,SIN SITUACION DE FONDOS,OTRO,NO DEFINIDO,112008616.0,41384.0,41384.0
11902544,20221201,220173585,Instituto Purificense para la Recreación y el Deporte,2.3.1.01,PLANTA DE PERSONAL PERMANENTE,GASTOS,INVERSION,GASTOS DE PERSONAL,PLANTA DE PERSONAL PERMANENTE,No Aplica,No Aplica,No Aplica,No Aplica,No Aplica,No Aplica,VIGENCIA ACTUAL,ENTIDADES DIFERENTES A ENTIDADES TERRITORIALES - GESTION GENERAL,NO DEFINIDO,NO DEFINIDO,NO DEFINIDO,,,2022,Cuarto Trimestre,eje_gasto,,,,NO DEFINIDO,NO DEFINIDO,,,,,,NO DEFINIDO,,,,,,NO DEFINIDO,NO DEFINIDO,NO DEFINIDO,268142758.0,268142758.0,268142758.0
11906431,20220301,220173585,Instituto Purificense para la Recreación y el Deporte,2.1.1.02,PERSONAL SUPERNUMERARIO Y PLANTA TEMPORAL,GASTOS,FUNCIONAMIENTO,GASTOS DE PERSONAL,PERSONAL SUPERNUMERARIO Y PLANTA TEMPORAL,No Aplica,No Aplica,No Aplica,No Aplica,No Aplica,No Aplica,VIGENCIA ACTUAL,ENTIDADES DIFERENTES A ENTIDADES TERRITORIALES - GESTION GENERAL,NO DEFINIDO,NO DEFINIDO,NO DEFINIDO,,,2022,Primer Trimestre,eje_gasto,,,,NO DEFINIDO,NO DEFINIDO,,,,,,NO DEFINIDO,,,,,,NO DEFINIDO,NO DEFINIDO,NO DEFINIDO,26400000.0,26400000.0,26400000.0
11948320,20210301,220173585,Instituto Purificense para la Recreación y el Deporte,2.3.1.02,PERSONAL SUPERNUMERARIO Y PLANTA TEMPORAL,GASTOS,INVERSION,GASTOS DE PERSONAL,PERSONAL SUPERNUMERARIO Y PLANTA TEMPORAL,No Aplica,No Aplica,No Aplica,No Aplica,No Aplica,No Aplica,VIGENCIA ACTUAL,ENTIDADES DIFERENTES A ENTIDADES TERRITORIALES - GESTION GENERAL,NO DEFINIDO,NO DEFINIDO,NO DEFINIDO,,,2021,Primer Trimestre,eje_gasto,,,,NO DEFINIDO,NO DEFINIDO,,,,,,NO DEFINIDO,,,,,,NO DEFINIDO,NO DEFINIDO,NO DEFINIDO,40100000.0,19400000.0,19400000.0
11962140,20210901,220173585,Instituto Purificense para la Recreación y el Deporte,2.1.5.02,ADQUISICION DE SERVICIOS,GASTOS,FUNCIONAMIENTO,GASTOS DE COMERCIALIZACION Y PRODUCCION,ADQUISICION DE SERVICIOS,No Aplica,No Aplica,No Aplica,No Aplica,No Aplica,No Aplica,VIGENCIA ACTUAL,ENTIDADES DIFERENTES A ENTIDADES TERRITORIALES - GESTION GENERAL,NO DEFINIDO,NO DEFINIDO,NO DEFINIDO,,,2021,Tercer Trimestre,eje_gasto,,,,NO DEFINIDO,NO DEFINIDO,,,,,,NO DEFINIDO,,,,,,NO DEFINIDO,NO DEFINIDO,NO DEFINIDO,5823493.0,3759507.0,3759507.0
11962702,20210601,220173585,Instituto Purificense para la Recreación y el Deporte,2.1.1.01.02.002,APORTES A LA SEGURIDAD SOCIAL EN SALUD,GASTOS,FUNCIONAMIENTO,GASTOS DE PERSONAL,PLANTA DE PERSONAL PERMANENTE,CONTRIBUCIONES INHERENTES A LA NOMINA,APORTES A LA SEGURIDAD SOCIAL EN SALUD,No Aplica,No Aplica,No Aplica,No Aplica,VIGENCIA ACTUAL,ENTIDADES DIFERENTES A ENTIDADES TERRITORIALES - GESTION GENERAL,NO DEFINIDO,NO DEFINIDO,DEPORTE Y RECREACION,,,2021,Segundo Trimestre,eje_gasto,,,,NO APLICA,1.2.1.0.00 - INGRESOS CORRIENTES DE LIBRE DESTINACION,,,,,,NO APLICA,,,,,,SIN SITUACION DE FONDOS,OTRO,NO DEFINIDO,3156186.0,3156186.0,2630155.0
11974576,20211201,220173585,Instituto Purificense para la Recreación y el Deporte,2.1.2.02.02,ADQUISICION DE SERVICIOS,GASTOS,FUNCIONAMIENTO,ADQUISICION DE BIENES Y SERVICIOS,ADQUISICIONES DIFERENTES DE ACTIVOS,ADQUISICION DE SERVICIOS,No Aplica,No Aplica,No Aplica,No Aplica,No Aplica,VIGENCIA ACTUAL,ENTIDADES DIFERENTES A ENTIDADES TERRITORIALES - GESTION GENERAL,NO DEFINIDO,NO DEFINIDO,NO DEFINIDO,,,2021,Cuarto Trimestre,eje_gasto,,,,NO DEFINIDO,NO DEFINIDO,,,,,,NO DEFINIDO,,,,,,NO DEFINIDO,NO DEFINIDO,NO DEFINIDO,1221600.0,538000.0,538000.0
11974985,20230601,220173585,Instituto Purificense para la Recreación y el Deporte,2.1.2.02.02,ADQUISICION DE SERVICIOS,GASTOS,FUNCIONAMIENTO,ADQUISICION DE BIENES Y SERVICIOS,ADQUISICIONES DIFERENTES DE ACTIVOS,ADQUISICION DE SERVICIOS,No Aplica,No Aplica,No Aplica,No Aplica,No Aplica,VIGENCIA ACTUAL,ENTIDADES DIFERENTES A ENTIDADES TERRITORIALES - GESTION GENERAL,NO DEFINIDO,NO DEFINIDO,NO DEFINIDO,,,2023,Segundo Trimestre,eje_gasto,,,,NO DEFINIDO,NO DEFINIDO,,,,,,NO DEFINIDO,,,,,,NO DEFINIDO,NO DEFINIDO,NO DEFINIDO,21846097.0,8786987.0,8786987.0
11976756,20230301,220173585,Instituto Purificense para la Recreación y el Deporte,2.1.1.01.02.005,APORTES GENERALES AL SISTEMA DE RIESGOS LABORALES,GASTOS,FUNCIONAMIENTO,GASTOS DE PERSONAL,PLANTA DE PERSONAL PERMANENTE,CONTRIBUCIONES INHERENTES A LA NOMINA,APORTES GENERALES AL SISTEMA DE RIESGOS LABORALES,No Aplica,No Aplica,No Aplica,No Aplica,VIGENCIA ACTUAL,ENTIDADES DIFERENTES A ENTIDADES TERRITORIALES - GESTION GENERAL,NO DEFINIDO,NO DEFINIDO,DEPORTE Y RECREACION,,,2023,Primer Trimestre,eje_gasto,,,,NO APLICA,INGRESOS CORRIENTES DE LIBRE DESTINACION,,,,,,NO APLICA,,,,,,SIN SITUACION DE FONDOS,NO APLICA,NO DEFINIDO,141100.0,141100.0,141100.0
12027710,20230601,220173585,Instituto Purificense para la Recreación y el Deporte,2.1.1.01.01.001.01,SUELDO BASICO,GASTOS,FUNCIONAMIENTO,GASTOS DE PERSONAL,PLANTA DE PERSONAL PERMANENTE,FACTORES CONSTITUTIVOS DE SALARIO,FACTORES SALARIALES COMUNES,SUELDO BASICO,No Aplica,No Aplica,No Aplica,VIGENCIA ACTUAL,ENTIDADES DIFERENTES A ENTIDADES TERRITORIALES - GESTION GENERAL,NO DEFINIDO,NO DEFINIDO,DEPORTE Y RECREACION,,,2023,Segundo Trimestre,eje_gasto,,,,NO APLICA,INGRESOS CORRIENTES DE LIBRE DESTINACION,,,,,,NO APLICA,,,,,,SIN SITUACION DE FONDOS,NO APLICA,NO DEFINIDO,53961190.0,22529234.0,22529234.0
12040304,20220301,220173585,Instituto Purificense para la Recreación y el Deporte,2.1.2.02.02,ADQUISICION DE SERVICIOS,GASTOS,FUNCIONAMIENTO,ADQUISICION DE BIENES Y SERVICIOS,ADQUISICIONES DIFERENTES DE ACTIVOS,ADQUISICION DE SERVICIOS,No Aplica,No Aplica,No Aplica,No Aplica,No Aplica,VIGENCIA ACTUAL,ENTIDADES DIFERENTES A ENTIDADES TERRITORIALES - GESTION GENERAL,NO DEFINIDO,NO DEFINIDO,NO DEFINIDO,,,2022,Primer Trimestre,eje_gasto,,,,NO DEFINIDO,NO DEFINIDO,,,,,,NO DEFINIDO,,,,,,NO DEFINIDO,NO DEFINIDO,NO DEFINIDO,30000000.0,30000000.0,30000000.0
12042660,20220601,220173585,Instituto Purificense para la Recreación y el Deporte,2.1.1.01.01.001,FACTORES SALARIALES COMUNES,GASTOS,FUNCIONAMIENTO,GASTOS DE PERSONAL,PLANTA DE PERSONAL PERMANENTE,FACTORES CONSTITUTIVOS DE SALARIO,FACTORES SALARIALES COMUNES,No Aplica,No Aplica,No Aplica,No Aplica,VIGENCIA ACTUAL,ENTIDADES DIFERENTES A ENTIDADES TERRITORIALES - GESTION GENERAL,NO DEFINIDO,NO DEFINIDO,NO DEFINIDO,,,2022,Segundo Trimestre,eje_gasto,,,,NO DEFINIDO,NO DEFINIDO,,,,,,NO DEFINIDO,,,,,,NO DEFINIDO,NO DEFINIDO,NO DEFINIDO,42295642.0,42295642.0,24609949.0
12054769,20220601,220173585,Instituto Purificense para la Recreación y el Deporte,2.3.1.01.01.001.01,SUELDO BASICO,GASTOS,INVERSION,GASTOS DE PERSONAL,PLANTA DE PERSONAL PERMANENTE,FACTORES CONSTITUTIVOS DE SALARIO,FACTORES SALARIALES COMUNES,SUELDO BASICO,No Aplica,No Aplica,No Aplica,VIGENCIA ACTUAL,ENTIDADES DIFERENTES A ENTIDADES TERRITORIALES - GESTION GENERAL,NO DEFINIDO,NO DEFINIDO,DEPORTE Y RECREACION,,,2022,Segundo Trimestre,eje_gasto,,,,NO APLICA,INGRESOS CORRIENTES DE LIBRE DESTINACION,,,,,,NO APLICA,,,,,,SIN SITUACION DE FONDOS,OTRO,NO DEFINIDO,101099041.0,101099041.0,32164041.0
12058954,20211201,220173585,Instituto Purificense para la Recreación y el Deporte,2.1.3,TRANSFERENCIAS CORRIENTES,GASTOS,FUNCIONAMIENTO,TRANSFERENCIAS CORRIENTES,No Aplica,No Aplica,No Aplica,No Aplica,No Aplica,No Aplica,No Aplica,VIGENCIA ACTUAL,ENTIDADES DIFERENTES A ENTIDADES TERRITORIALES - GESTION GENERAL,NO DEFINIDO,NO DEFINIDO,NO DEFINIDO,,,2021,Cuarto Trimestre,eje_gasto,,,,NO DEFINIDO,NO DEFINIDO,,,,,,NO DEFINIDO,,,,,,NO DEFINIDO,NO DEFINIDO,NO DEFINIDO,112008616.0,112008616.0,112008616.0
12087666,20210901,220173585,Instituto Purificense para la Recreación y el Deporte,2.1.1.01.03,REMUNERACIONES NO CONSTITUTIVAS DE FACTOR SALARIAL,GASTOS,FUNCIONAMIENTO,GASTOS DE PERSONAL,PLANTA DE PERSONAL PERMANENTE,REMUNERACIONES NO CONSTITUTIVAS DE FACTOR SALARIAL,No Aplica,No Aplica,No Aplica,No Aplica,No Aplica,VIGENCIA ACTUAL,ENTIDADES DIFERENTES A ENTIDADES TERRITORIALES - GESTION GENERAL,NO DEFINIDO,NO DEFINIDO,NO DEFINIDO,,,2021,Tercer Trimestre,eje_gasto,,,,NO DEFINIDO,NO DEFINIDO,,,,,,NO DEFINIDO,,,,,,NO DEFINIDO,NO DEFINIDO,NO DEFINIDO,4811571.0,8429.0,8429.0
12100845,20220301,220173585,Instituto Purificense para la Recreación y el Deporte,2.1.1.01,PLANTA DE PERSONAL PERMANENTE,GASTOS,FUNCIONAMIENTO,GASTOS DE PERSONAL,PLANTA DE PERSONAL PERMANENTE,No Aplica,No Aplica,No Aplica,No Aplica,No Aplica,No Aplica,VIGENCIA ACTUAL,ENTIDADES DIFERENTES A ENTIDADES TERRITORIALES - GESTION GENERAL,NO DEFINIDO,NO DEFINIDO,NO DEFINIDO,,,2022,Primer Trimestre,eje_gasto,,,,NO DEFINIDO,NO DEFINIDO,,,,,,NO DEFINIDO,,,,,,NO DEFINIDO,NO DEFINIDO,NO DEFINIDO,43583662.0,43583662.0,43583662.0
12103594,20230301,220173585,Instituto Purificense para la Recreación y el Deporte,2.1.1.02.01.001,FACTORES SALARIALES COMUNES,GASTOS,FUNCIONAMIENTO,GASTOS DE PERSONAL,PERSONAL SUPERNUMERARIO Y PLANTA TEMPORAL,FACTORES CONSTITUTIVOS DE SALARIO,FACTORES SALARIALES COMUNES,No Aplica,No Aplica,No Aplica,No Aplica,VIGENCIA ACTUAL,ENTIDADES DIFERENTES A ENTIDADES TERRITORIALES - GESTION GENERAL,NO DEFINIDO,NO DEFINIDO,NO DEFINIDO,,,2023,Primer Trimestre,eje_gasto,,,,NO DEFINIDO,NO DEFINIDO,,,,,,NO DEFINIDO,,,,,,NO DEFINIDO,NO DEFINIDO,NO DEFINIDO,15200000.0,15200000.0,15200000.0
12127878,20220301,220173585,Instituto Purificense para la Recreación y el Deporte,2.1.1.01.01,FACTORES CONSTITUTIVOS DE SALARIO,GASTOS,FUNCIONAMIENTO,GASTOS DE PERSONAL,PLANTA DE PERSONAL PERMANENTE,FACTORES CONSTITUTIVOS DE SALARIO,No Aplica,No Aplica,No Aplica,No Aplica,No Aplica,VIGENCIA ACTUAL,ENTIDADES DIFERENTES A ENTIDADES TERRITORIALES - GESTION GENERAL,NO DEFINIDO,NO DEFINIDO,NO DEFINIDO,,,2022,Primer Trimestre,eje_gasto,,,,NO DEFINIDO,NO DEFINIDO,,,,,,NO DEFINIDO,,,,,,NO DEFINIDO,NO DEFINIDO,NO DEFINIDO,24609949.0,24609949.0,24609949.0
12134250,20210601,220173585,Instituto Purificense para la Recreación y el Deporte,2.1.1.01.03.001,PRESTACIONES SOCIALES,GASTOS,FUNCIONAMIENTO,GASTOS DE PERSONAL,PLANTA DE PERSONAL PERMANENTE,REMUNERACIONES NO CONSTITUTIVAS DE FACTOR SALARIAL,PRESTACIONES SOCIALES,No Aplica,No Aplica,No Aplica,No Aplica,VIGENCIA ACTUAL,ENTIDADES DIFERENTES A ENTIDADES TERRITORIALES - GESTION GENERAL,NO DEFINIDO,NO DEFINIDO,NO DEFINIDO,,,2021,Segundo Trimestre,eje_gasto,,,,NO DEFINIDO,NO DEFINIDO,,,,,,NO DEFINIDO,,,,,,NO DEFINIDO,NO DEFINIDO,NO DEFINIDO,3450862.0,3450862.0,1524217.0
12146384,20211201,220173585,Instituto Purificense para la Recreación y el Deporte,2.1.5,GASTOS DE COMERCIALIZACION Y PRODUCCION,GASTOS,FUNCIONAMIENTO,GASTOS DE COMERCIALIZACION Y PRODUCCION,No Aplica,No Aplica,No Aplica,No Aplica,No Aplica,No Aplica,No Aplica,VIGENCIA ACTUAL,ENTIDADES DIFERENTES A ENTIDADES TERRITORIALES - GESTION GENERAL,NO DEFINIDO,NO DEFINIDO,NO DEFINIDO,,,2021,Cuarto Trimestre,eje_gasto,,,,NO DEFINIDO,NO DEFINIDO,,,,,,NO DEFINIDO,,,,,,NO DEFINIDO,NO DEFINIDO,NO DEFINIDO,7613863.0,2856219.0,2856219.0
12151665,20210901,220173585,Instituto Purificense para la Recreación y el Deporte,2.1.1.01.03.001.01,VACACIONES,GASTOS,FUNCIONAMIENTO,GASTOS DE PERSONAL,PLANTA DE PERSONAL PERMANENTE,REMUNERACIONES NO CONSTITUTIVAS DE FACTOR SALARIAL,PRESTACIONES SOCIALES,VACACIONES,No Aplica,No Aplica,No Aplica,VIGENCIA ACTUAL,ENTIDADES DIFERENTES A ENTIDADES TERRITORIALES - GESTION GENERAL,NO DEFINIDO,NO DEFINIDO,NO APLICA,,,2021,Tercer Trimestre,eje_gasto,,,,NO APLICA,1.2.1.0.00 - INGRESOS CORRIENTES DE LIBRE DESTINACION,,,,,,NO APLICA,,,,,,SIN SITUACION DE FONDOS,OTRO,NO DEFINIDO,4811571.0,8429.0,8429.0
12153814,20220301,220173585,Instituto Purificense para la Recreación y el Deporte,2.1.1.02.01.001,FACTORES SALARIALES COMUNES,GASTOS,FUNCIONAMIENTO,GASTOS DE PERSONAL,PERSONAL SUPERNUMERARIO Y PLANTA TEMPORAL,FACTORES CONSTITUTIVOS DE SALARIO,FACTORES SALARIALES COMUNES,No Aplica,No Aplica,No Aplica,No Aplica,VIGENCIA ACTUAL,ENTIDADES DIFERENTES A ENTIDADES TERRITORIALES - GESTION GENERAL,NO DEFINIDO,NO DEFINIDO,NO DEFINIDO,,,2022,Primer Trimestre,eje_gasto,,,,NO DEFINIDO,NO DEFINIDO,,,,,,NO DEFINIDO,,,,,,NO DEFINIDO,NO DEFINIDO,NO DEFINIDO,26400000.0,26400000.0,26400000.0
12157601,20220601,220173585,Instituto Purificense para la Recreación y el Deporte,2.1.1.01,PLANTA DE PERSONAL PERMANENTE,GASTOS,FUNCIONAMIENTO,GASTOS DE PERSONAL,PLANTA DE PERSONAL PERMANENTE,No Aplica,No Aplica,No Aplica,No Aplica,No Aplica,No Aplica,VIGENCIA ACTUAL,ENTIDADES DIFERENTES A ENTIDADES TERRITORIALES - GESTION GENERAL,NO DEFINIDO,NO DEFINIDO,NO DEFINIDO,,,2022,Segundo Trimestre,eje_gasto,,,,NO DEFINIDO,NO DEFINIDO,,,,,,NO DEFINIDO,,,,,,NO DEFINIDO,NO DEFINIDO,NO DEFINIDO,66013825.0,66013825.0,41466973.0
12158780,20230301,220173585,Instituto Purificense para la Recreación y el Deporte,2.1.1.01.01,FACTORES CONSTITUTIVOS DE SALARIO,GASTOS,FUNCIONAMIENTO,GASTOS DE PERSONAL,PLANTA DE PERSONAL PERMANENTE,FACTORES CONSTITUTIVOS DE SALARIO,No Aplica,No Aplica,No Aplica,No Aplica,No Aplica,VIGENCIA ACTUAL,ENTIDADES DIFERENTES A ENTIDADES TERRITORIALES - GESTION GENERAL,NO DEFINIDO,NO DEFINIDO,NO DEFINIDO,,,2023,Primer Trimestre,eje_gasto,,,,NO DEFINIDO,NO DEFINIDO,,,,,,NO DEFINIDO,,,,,,NO DEFINIDO,NO DEFINIDO,NO DEFINIDO,32590750.0,24090750.0,24090750.0
12163483,20221201,220173585,Instituto Purificense para la Recreación y el Deporte,2.1.1.01.03.001.01,VACACIONES,GASTOS,FUNCIONAMIENTO,GASTOS DE PERSONAL,PLANTA DE PERSONAL PERMANENTE,REMUNERACIONES NO CONSTITUTIVAS DE FACTOR SALARIAL,PRESTACIONES SOCIALES,VACACIONES,No Aplica,No Aplica,No Aplica,VIGENCIA ACTUAL,ENTIDADES DIFERENTES A ENTIDADES TERRITORIALES - GESTION GENERAL,NO DEFINIDO,NO DEFINIDO,DEPORTE Y RECREACION,,,2022,Cuarto Trimestre,eje_gasto,,,,NO APLICA,INGRESOS CORRIENTES DE LIBRE DESTINACION,,,,,,NO APLICA,,,,,,SIN SITUACION DE FONDOS,NO APLICA,NO DEFINIDO,4431704.0,4431704.0,4431704.0
12166353,20230601,220173585,Instituto Purificense para la Recreación y el Deporte,2.1.1.01.01.001.08,PRESTACIONES SOCIALES,GASTOS,FUNCIONAMIENTO,GASTOS DE PERSONAL,PLANTA DE PERSONAL PERMANENTE,FACTORES CONSTITUTIVOS DE SALARIO,FACTORES SALARIALES COMUNES,PRESTACIONES SOCIALES,No Aplica,No Aplica,No Aplica,VIGENCIA ACTUAL,ENTIDADES DIFERENTES A ENTIDADES TERRITORIALES - GESTION GENERAL,NO DEFINIDO,NO DEFINIDO,NO DEFINIDO,,,2023,Segundo Trimestre,eje_gasto,,,,NO DEFINIDO,NO DEFINIDO,,,,,,NO DEFINIDO,,,,,,NO DEFINIDO,NO DEFINIDO,NO DEFINIDO,4610860.0,0.0,0.0
12170034,20230601,220173585,Instituto Purificense para la Recreación y el Deporte,2.1.1.01.01.001.08.01,PRIMA DE NAVIDAD,GASTOS,FUNCIONAMIENTO,GASTOS DE PERSONAL,PLANTA DE PERSONAL PERMANENTE,FACTORES CONSTITUTIVOS DE SALARIO,FACTORES SALARIALES COMUNES,PRESTACIONES SOCIALES,PRIMA DE NAVIDAD,No Aplica,No Aplica,VIGENCIA ACTUAL,ENTIDADES DIFERENTES A ENTIDADES TERRITORIALES - GESTION GENERAL,NO DEFINIDO,NO DEFINIDO,DEPORTE Y RECREACION,,,2023,Segundo Trimestre,eje_gasto,,,,NO APLICA,INGRESOS CORRIENTES DE DESTINACION ESPECIFICA POR ACTO ADMINISTRATIVO,,,,,,NO APLICA,,,,,,SIN SITUACION DE FONDOS,NO APLICA,NO DEFINIDO,0.0,0.0,0.0
12171247,20220301,220173585,Instituto Purificense para la Recreación y el Deporte,2.1.1.02.01.001.01,SUELDO BASICO,GASTOS,FUNCIONAMIENTO,GASTOS DE PERSONAL,PERSONAL SUPERNUMERARIO Y PLANTA TEMPORAL,FACTORES CONSTITUTIVOS DE SALARIO,FACTORES SALARIALES COMUNES,SUELDO BASICO,No Aplica,No Aplica,No Aplica,VIGENCIA ACTUAL,ENTIDADES DIFERENTES A ENTIDADES TERRITORIALES - GESTION GENERAL,NO DEFINIDO,NO DEFINIDO,DEPORTE Y RECREACION,,,2022,Primer Trimestre,eje_gasto,,,,NO APLICA,DISPONIBILIDAD INICIAL,,,,,,NO APLICA,,,,,,SIN SITUACION DE FONDOS,OTRO,NO DEFINIDO,26400000.0,26400000.0,26400000.0
12177814,20210901,220173585,Instituto Purificense para la Recreación y el Deporte,2.1.2.02.02.008,SERVICIOS PRESTADOS A LAS EMPRESAS Y SERVICIOS DE PRODUCCION,GASTOS,FUNCIONAMIENTO,ADQUISICION DE BIENES Y SERVICIOS,ADQUISICIONES DIFERENTES DE ACTIVOS,ADQUISICION DE SERVICIOS,SERVICIOS PRESTADOS A LAS EMPRESAS Y SERVICIOS DE PRODUCCION,No Aplica,No Aplica,No Aplica,No Aplica,VIGENCIA ACTUAL,ENTIDADES DIFERENTES A ENTIDADES TERRITORIALES - GESTION GENERAL,NO DEFINIDO,NO DEFINIDO,DEPORTE Y RECREACION,,,2021,Tercer Trimestre,eje_gasto,,,,"32141 - PAPELES Y CARTONES MIXTOS, NO REVESTIDOS EN LA SUPERFICIE NI IMPREGNADOS",1.2.1.0.00 - INGRESOS CORRIENTES DE LIBRE DESTINACION,,,,,,NO APLICA,,,,,,SIN SITUACION DE FONDOS,OTRO,NO DEFINIDO,1221600.0,528400.0,528400.0
12180492,20211201,220173585,Instituto Purificense para la Recreación y el Deporte,2.3.1.01.01.001,FACTORES SALARIALES COMUNES,GASTOS,INVERSION,GASTOS DE PERSONAL,PLANTA DE PERSONAL PERMANENTE,FACTORES CONSTITUTIVOS DE SALARIO,FACTORES SALARIALES COMUNES,No Aplica,No Aplica,No Aplica,No Aplica,VIGENCIA ACTUAL,ENTIDADES DIFERENTES A ENTIDADES TERRITORIALES - GESTION GENERAL,NO DEFINIDO,NO DEFINIDO,NO DEFINIDO,,,2021,Cuarto Trimestre,eje_gasto,,,,NO DEFINIDO,NO DEFINIDO,,,,,,NO DEFINIDO,,,,,,NO DEFINIDO,NO DEFINIDO,NO DEFINIDO,217237905.0,43500000.0,43500000.0
12184405,20221201,220173585,Instituto Purificense para la Recreación y el Deporte,2.1.1.01.01.001.08.02,PRIMA DE VACACIONES,GASTOS,FUNCIONAMIENTO,GASTOS DE PERSONAL,PLANTA DE PERSONAL PERMANENTE,FACTORES CONSTITUTIVOS DE SALARIO,FACTORES SALARIALES COMUNES,PRESTACIONES SOCIALES,PRIMA DE VACACIONES,No Aplica,No Aplica,VIGENCIA ACTUAL,ENTIDADES DIFERENTES A ENTIDADES TERRITORIALES - GESTION GENERAL,NO DEFINIDO,NO DEFINIDO,DEPORTE Y RECREACION,,,2022,Cuarto Trimestre,eje_gasto,,,,NO APLICA,INGRESOS CORRIENTES DE LIBRE DESTINACION,,,,,,NO APLICA,,,,,,SIN SITUACION DE FONDOS,NO APLICA,NO DEFINIDO,3540936.0,3540936.0,3540936.0
12186908,20220901,220173585,Instituto Purificense para la Recreación y el Deporte,2.1.1.01.02.004,APORTES A CAJAS DE COMPENSACION FAMILIAR,GASTOS,FUNCIONAMIENTO,GASTOS DE PERSONAL,PLANTA DE PERSONAL PERMANENTE,CONTRIBUCIONES INHERENTES A LA NOMINA,APORTES A CAJAS DE COMPENSACION FAMILIAR,No Aplica,No Aplica,No Aplica,No Aplica,VIGENCIA ACTUAL,ENTIDADES DIFERENTES A ENTIDADES TERRITORIALES - GESTION GENERAL,NO DEFINIDO,NO DEFINIDO,DEPORTE Y RECREACION,,,2022,Tercer Trimestre,eje_gasto,,,,NO APLICA,INGRESOS CORRIENTES DE LIBRE DESTINACION,,,,,,NO APLICA,,,,,,SIN SITUACION DE FONDOS,NO APLICA,NO DEFINIDO,2759000.0,2759000.0,1122000.0
12200665,20210301,220173585,Instituto Purificense para la Recreación y el Deporte,2.1.3.13,SENTENCIAS Y CONCILIACIONES,GASTOS,FUNCIONAMIENTO,TRANSFERENCIAS CORRIENTES,SENTENCIAS Y CONCILIACIONES,No Aplica,No Aplica,No Aplica,No Aplica,No Aplica,No Aplica,VIGENCIA ACTUAL,ENTIDADES DIFERENTES A ENTIDADES TERRITORIALES - GESTION GENERAL,NO DEFINIDO,NO DEFINIDO,NO DEFINIDO,,,2021,Primer Trimestre,eje_gasto,,,,NO DEFINIDO,NO DEFINIDO,,,,,,NO DEFINIDO,,,,,,NO DEFINIDO,NO DEFINIDO,NO DEFINIDO,110000000.0,110000000.0,110000000.0
12202085,20210301,220173585,Instituto Purificense para la Recreación y el Deporte,2.1.1.01.01.001.08.02,PRIMA DE VACACIONES,GASTOS,FUNCIONAMIENTO,GASTOS DE PERSONAL,PLANTA DE PERSONAL PERMANENTE,FACTORES CONSTITUTIVOS DE SALARIO,FACTORES SALARIALES COMUNES,PRESTACIONES SOCIALES,PRIMA DE VACACIONES,No Aplica,No Aplica,VIGENCIA ACTUAL,ENTIDADES DIFERENTES A ENTIDADES TERRITORIALES - GESTION GENERAL,NO DEFINIDO,NO DEFINIDO,NO DEFINIDO,,,2021,Primer Trimestre,eje_gasto,,,,NO APLICA,1.2.2.0.00 - INGRESOS CORRIENTES DE DESTINACION ESPECIFICA POR ACTO ADMINISTRATIVO,,,,,,NO APLICA,,,,,,SIN SITUACION DE FONDOS,OTRO,NO DEFINIDO,1203329.0,1203329.0,1203329.0
12207252,20210601,220173585,Instituto Purificense para la Recreación y el Deporte,2.1.3.13,SENTENCIAS Y CONCILIACIONES,GASTOS,FUNCIONAMIENTO,TRANSFERENCIAS CORRIENTES,SENTENCIAS Y CONCILIACIONES,No Aplica,No Aplica,No Aplica,No Aplica,No Aplica,No Aplica,VIGENCIA ACTUAL,ENTIDADES DIFERENTES A ENTIDADES TERRITORIALES - GESTION GENERAL,NO DEFINIDO,NO DEFINIDO,NO DEFINIDO,,,2021,Segundo Trimestre,eje_gasto,,,,NO DEFINIDO,NO DEFINIDO,,,,,,NO DEFINIDO,,,,,,NO DEFINIDO,NO DEFINIDO,NO DEFINIDO,112008616.0,112008616.0,112008616.0
12218574,20210901,220173585,Instituto Purificense para la Recreación y el Deporte,2.1.1.01.02.001,APORTES A LA SEGURIDAD SOCIAL EN PENSIONES,GASTOS,FUNCIONAMIENTO,GASTOS DE PERSONAL,PLANTA DE PERSONAL PERMANENTE,CONTRIBUCIONES INHERENTES A LA NOMINA,APORTES A LA SEGURIDAD SOCIAL EN PENSIONES,No Aplica,No Aplica,No Aplica,No Aplica,VIGENCIA ACTUAL,ENTIDADES DIFERENTES A ENTIDADES TERRITORIALES - GESTION GENERAL,NO DEFINIDO,NO DEFINIDO,DEPORTE Y RECREACION,,,2021,Tercer Trimestre,eje_gasto,,,,NO APLICA,1.2.1.0.00 - INGRESOS CORRIENTES DE LIBRE DESTINACION,,,,,,NO APLICA,,,,,,SIN SITUACION DE FONDOS,OTRO,NO DEFINIDO,6001048.0,3879965.0,3879965.0
12228821,20211201,220173585,Instituto Purificense para la Recreación y el Deporte,2.1.1.02.01.001,FACTORES SALARIALES COMUNES,GASTOS,FUNCIONAMIENTO,GASTOS DE PERSONAL,PERSONAL SUPERNUMERARIO Y PLANTA TEMPORAL,FACTORES CONSTITUTIVOS DE SALARIO,FACTORES SALARIALES COMUNES,No Aplica,No Aplica,No Aplica,No Aplica,VIGENCIA ACTUAL,ENTIDADES DIFERENTES A ENTIDADES TERRITORIALES - GESTION GENERAL,NO DEFINIDO,NO DEFINIDO,NO DEFINIDO,,,2021,Cuarto Trimestre,eje_gasto,,,,NO DEFINIDO,NO DEFINIDO,,,,,,NO DEFINIDO,,,,,,NO DEFINIDO,NO DEFINIDO,NO DEFINIDO,41984000.0,16430000.0,16430000.0
12229631,20210301,220173585,Instituto Purificense para la Recreación y el Deporte,2.1.2.01,ADQUISICION DE ACTIVOS NO FINANCIEROS,GASTOS,FUNCIONAMIENTO,ADQUISICION DE BIENES Y SERVICIOS,ADQUISICION DE ACTIVOS NO FINANCIEROS,No Aplica,No Aplica,No Aplica,No Aplica,No Aplica,No Aplica,VIGENCIA ACTUAL,ENTIDADES DIFERENTES A ENTIDADES TERRITORIALES - GESTION GENERAL,NO DEFINIDO,NO DEFINIDO,NO DEFINIDO,,,2021,Primer Trimestre,eje_gasto,,,,NO DEFINIDO,NO DEFINIDO,,,,,,NO DEFINIDO,,,,,,NO DEFINIDO,NO DEFINIDO,NO DEFINIDO,6668972.0,6668972.0,538000.0
12236369,20220301,220173585,Instituto Purificense para la Recreación y el Deporte,2,GASTOS,GASTOS,No Aplica,No Aplica,No Aplica,No Aplica,No Aplica,No Aplica,No Aplica,No Aplica,No Aplica,VIGENCIA ACTUAL,ENTIDADES DIFERENTES A ENTIDADES TERRITORIALES - GESTION GENERAL,NO DEFINIDO,NO DEFINIDO,NO DEFINIDO,,,2022,Primer Trimestre,eje_gasto,,,,NO DEFINIDO,NO DEFINIDO,,,,,,NO DEFINIDO,,,,,,NO DEFINIDO,NO DEFINIDO,NO DEFINIDO,250268064.0,250218412.0,250218412.0
12239155,20210901,220173585,Instituto Purificense para la Recreación y el Deporte,2.1.1,GASTOS DE PERSONAL,GASTOS,FUNCIONAMIENTO,GASTOS DE PERSONAL,No Aplica,No Aplica,No Aplica,No Aplica,No Aplica,No Aplica,No Aplica,VIGENCIA ACTUAL,ENTIDADES DIFERENTES A ENTIDADES TERRITORIALES - GESTION GENERAL,NO DEFINIDO,NO DEFINIDO,NO DEFINIDO,,,2021,Tercer Trimestre,eje_gasto,,,,NO DEFINIDO,NO DEFINIDO,,,,,,NO DEFINIDO,,,,,,NO DEFINIDO,NO DEFINIDO,NO DEFINIDO,145272861.0,80059822.0,59642310.0
12243054,20210601,220173585,Instituto Purificense para la Recreación y el Deporte,2.1.1.01.02.004,APORTES A CAJAS DE COMPENSACION FAMILIAR,GASTOS,FUNCIONAMIENTO,GASTOS DE PERSONAL,PLANTA DE PERSONAL PERMANENTE,CONTRIBUCIONES INHERENTES A LA NOMINA,APORTES A CAJAS DE COMPENSACION FAMILIAR,No Aplica,No Aplica,No Aplica,No Aplica,VIGENCIA ACTUAL,ENTIDADES DIFERENTES A ENTIDADES TERRITORIALES - GESTION GENERAL,NO DEFINIDO,NO DEFINIDO,DEPORTE Y RECREACION,,,2021,Segundo Trimestre,eje_gasto,,,,NO APLICA,1.2.2.0.00 - INGRESOS CORRIENTES DE DESTINACION ESPECIFICA POR ACTO ADMINISTRATIVO,,,,,,NO APLICA,,,,,,SIN SITUACION DE FONDOS,OTRO,NO DEFINIDO,1537200.0,1537200.0,1281000.0
12268572,20210301,220173585,Instituto Purificense para la Recreación y el Deporte,2.1.2.01.01.003,MAQUINARIA Y EQUIPO,GASTOS,FUNCIONAMIENTO,ADQUISICION DE BIENES Y SERVICIOS,ADQUISICION DE ACTIVOS NO FINANCIEROS,ACTIVOS FIJOS,MAQUINARIA Y EQUIPO,No Aplica,No Aplica,No Aplica,No Aplica,VIGENCIA ACTUAL,ENTIDADES DIFERENTES A ENTIDADES TERRITORIALES - GESTION GENERAL,NO DEFINIDO,NO DEFINIDO,NO DEFINIDO,,,2021,Primer Trimestre,eje_gasto,,,,NO DEFINIDO,NO DEFINIDO,,,,,,NO DEFINIDO,,,,,,NO DEFINIDO,NO DEFINIDO,NO DEFINIDO,6668972.0,6668972.0,538000.0
12269266,20220601,220173585,Instituto Purificense para la Recreación y el Deporte,2.1.1.01.03,REMUNERACIONES NO CONSTITUTIVAS DE FACTOR SALARIAL,GASTOS,FUNCIONAMIENTO,GASTOS DE PERSONAL,PLANTA DE PERSONAL PERMANENTE,REMUNERACIONES NO CONSTITUTIVAS DE FACTOR SALARIAL,No Aplica,No Aplica,No Aplica,No Aplica,No Aplica,VIGENCIA ACTUAL,ENTIDADES DIFERENTES A ENTIDADES TERRITORIALES - GESTION GENERAL,NO DEFINIDO,NO DEFINIDO,NO DEFINIDO,,,2022,Segundo Trimestre,eje_gasto,,,,NO DEFINIDO,NO DEFINIDO,,,,,,NO DEFINIDO,,,,,,NO DEFINIDO,NO DEFINIDO,NO DEFINIDO,4431704.0,4431704.0,2755670.0
12272213,20220901,220173585,Instituto Purificense para la Recreación y el Deporte,2.1.3.13.01.002,CONCILIACIONES,GASTOS,FUNCIONAMIENTO,TRANSFERENCIAS CORRIENTES,SENTENCIAS Y CONCILIACIONES,FALLOS NACIONALES,CONCILIACIONES,No Aplica,No Aplica,No Aplica,No Aplica,VIGENCIA ACTUAL,ENTIDADES DIFERENTES A ENTIDADES TERRITORIALES - GESTION GENERAL,NO DEFINIDO,NO DEFINIDO,DEPORTE Y RECREACION,,,2022,Tercer Trimestre,eje_gasto,,,,NO APLICA,INGRESOS CORRIENTES DE LIBRE DESTINACION,,,,,,NO APLICA,,,,,,SIN SITUACION DE FONDOS,OTRO,NO DEFINIDO,70000000.0,70000000.0,0.0
12276401,20221201,220173585,Instituto Purificense para la Recreación y el Deporte,2.1.1,GASTOS DE PERSONAL,GASTOS,FUNCIONAMIENTO,GASTOS DE PERSONAL,No Aplica,No Aplica,No Aplica,No Aplica,No Aplica,No Aplica,No Aplica,VIGENCIA ACTUAL,ENTIDADES DIFERENTES A ENTIDADES TERRITORIALES - GESTION GENERAL,NO DEFINIDO,NO DEFINIDO,NO DEFINIDO,,,2022,Cuarto Trimestre,eje_gasto,,,,NO DEFINIDO,NO DEFINIDO,,,,,,NO DEFINIDO,,,,,,NO DEFINIDO,NO DEFINIDO,NO DEFINIDO,207036332.0,207036332.0,207036332.0
12278641,20230601,220173585,Instituto Purificense para la Recreación y el Deporte,2.1.1.01.02.002,APORTES A LA SEGURIDAD SOCIAL EN SALUD,GASTOS,FUNCIONAMIENTO,GASTOS DE PERSONAL,PLANTA DE PERSONAL PERMANENTE,CONTRIBUCIONES INHERENTES A LA NOMINA,APORTES A LA SEGURIDAD SOCIAL EN SALUD,No Aplica,No Aplica,No Aplica,No Aplica,VIGENCIA ACTUAL,ENTIDADES DIFERENTES A ENTIDADES TERRITORIALES - GESTION GENERAL,NO DEFINIDO,NO DEFINIDO,DEPORTE Y RECREACION,,,2023,Segundo Trimestre,eje_gasto,,,,NO APLICA,INGRESOS CORRIENTES DE DESTINACION ESPECIFICA POR ACTO ADMINISTRATIVO,,,,,,NO APLICA,,,,,,SIN SITUACION DE FONDOS,NO APLICA,NO DEFINIDO,4967070.0,801035.0,801035.0
12278981,20230301,220173585,Instituto Purificense para la Recreación y el Deporte,2.1.1.01.02,CONTRIBUCIONES INHERENTES A LA NOMINA,GASTOS,FUNCIONAMIENTO,GASTOS DE PERSONAL,PLANTA DE PERSONAL PERMANENTE,CONTRIBUCIONES INHERENTES A LA NOMINA,No Aplica,No Aplica,No Aplica,No Aplica,No Aplica,VIGENCIA ACTUAL,ENTIDADES DIFERENTES A ENTIDADES TERRITORIALES - GESTION GENERAL,NO DEFINIDO,NO DEFINIDO,NO DEFINIDO,,,2023,Primer Trimestre,eje_gasto,,,,NO DEFINIDO,NO DEFINIDO,,,,,,NO DEFINIDO,,,,,,NO DEFINIDO,NO DEFINIDO,NO DEFINIDO,20288740.0,20288740.0,20288740.0
12280532,20230301,220173585,Instituto Purificense para la Recreación y el Deporte,2.1.1.01.02.004,APORTES A CAJAS DE COMPENSACION FAMILIAR,GASTOS,FUNCIONAMIENTO,GASTOS DE PERSONAL,PLANTA DE PERSONAL PERMANENTE,CONTRIBUCIONES INHERENTES A LA NOMINA,APORTES A CAJAS DE COMPENSACION FAMILIAR,No Aplica,No Aplica,No Aplica,No Aplica,VIGENCIA ACTUAL,ENTIDADES DIFERENTES A ENTIDADES TERRITORIALES - GESTION GENERAL,NO DEFINIDO,NO DEFINIDO,DEPORTE Y RECREACION,,,2023,Primer Trimestre,eje_gasto,,,,NO APLICA,INGRESOS CORRIENTES DE LIBRE DESTINACION,,,,,,NO APLICA,,,,,,SIN SITUACION DE FONDOS,NO APLICA,NO DEFINIDO,1077400.0,1077400.0,1077400.0
12297179,20210901,220173585,Instituto Purificense para la Recreación y el Deporte,2.3.8.01,IMPUESTOS,GASTOS,INVERSION,"GASTOS POR TRIBUTOS, TASAS, CONTRIBUCIONES, MULTAS, SANCIONES E INTERESES DE MORA",IMPUESTOS,No Aplica,No Aplica,No Aplica,No Aplica,No Aplica,No Aplica,VIGENCIA ACTUAL,ENTIDADES DIFERENTES A ENTIDADES TERRITORIALES - GESTION GENERAL,NO DEFINIDO,NO DEFINIDO,NO DEFINIDO,,,2021,Tercer Trimestre,eje_gasto,,,,NO DEFINIDO,NO DEFINIDO,,,,,,NO DEFINIDO,,,,,,NO DEFINIDO,NO DEFINIDO,NO DEFINIDO,2000.0,2000.0,0.0
12299435,20210901,220173585,Instituto Purificense para la Recreación y el Deporte,2.3.1.01.01.001.01,SUELDO BASICO,GASTOS,INVERSION,GASTOS DE PERSONAL,PLANTA DE PERSONAL PERMANENTE,FACTORES CONSTITUTIVOS DE SALARIO,FACTORES SALARIALES COMUNES,SUELDO BASICO,No Aplica,No Aplica,No Aplica,VIGENCIA ACTUAL,ENTIDADES DIFERENTES A ENTIDADES TERRITORIALES - GESTION GENERAL,NO DEFINIDO,NO DEFINIDO,DEPORTE Y RECREACION,,,2021,Tercer Trimestre,eje_gasto,,,,NO APLICA,1.2.1.0.00 - INGRESOS CORRIENTES DE LIBRE DESTINACION,,,,,,NO APLICA,,,,,,SIN SITUACION DE FONDOS,NO APLICA,NO DEFINIDO,178124800.0,150875200.0,0.0
12310609,20210901,220173585,Instituto Purificense para la Recreación y el Deporte,2.1.1.01.01.001.08,PRESTACIONES SOCIALES,GASTOS,FUNCIONAMIENTO,GASTOS DE PERSONAL,PLANTA DE PERSONAL PERMANENTE,FACTORES CONSTITUTIVOS DE SALARIO,FACTORES SALARIALES COMUNES,PRESTACIONES SOCIALES,No Aplica,No Aplica,No Aplica,VIGENCIA ACTUAL,ENTIDADES DIFERENTES A ENTIDADES TERRITORIALES - GESTION GENERAL,NO DEFINIDO,NO DEFINIDO,NO DEFINIDO,,,2021,Tercer Trimestre,eje_gasto,,,,NO DEFINIDO,NO DEFINIDO,,,,,,NO DEFINIDO,,,,,,NO DEFINIDO,NO DEFINIDO,NO DEFINIDO,10798608.0,7001392.0,7001392.0
12311655,20211201,220173585,Instituto Purificense para la Recreación y el Deporte,2.1.2.01.01.003.03,"MAQUINARIA DE OFICINA, CONTABILIDAD E INFORMATICA",GASTOS,FUNCIONAMIENTO,ADQUISICION DE BIENES Y SERVICIOS,ADQUISICION DE ACTIVOS NO FINANCIEROS,ACTIVOS FIJOS,MAQUINARIA Y EQUIPO,"MAQUINARIA DE OFICINA, CONTABILIDAD E INFORMATICA",No Aplica,No Aplica,No Aplica,VIGENCIA ACTUAL,ENTIDADES DIFERENTES A ENTIDADES TERRITORIALES - GESTION GENERAL,NO DEFINIDO,NO DEFINIDO,NO DEFINIDO,,,2021,Cuarto Trimestre,eje_gasto,,,,NO DEFINIDO,NO DEFINIDO,,,,,,NO DEFINIDO,,,,,,NO DEFINIDO,NO DEFINIDO,NO DEFINIDO,7110972.0,5975000.0,5975000.0
12329807,20211201,220173585,Instituto Purificense para la Recreación y el Deporte,2.1.5.02,ADQUISICION DE SERVICIOS,GASTOS,FUNCIONAMIENTO,GASTOS DE COMERCIALIZACION Y PRODUCCION,ADQUISICION DE SERVICIOS,No Aplica,No Aplica,No Aplica,No Aplica,No Aplica,No Aplica,VIGENCIA ACTUAL,ENTIDADES DIFERENTES A ENTIDADES TERRITORIALES - GESTION GENERAL,NO DEFINIDO,NO DEFINIDO,NO DEFINIDO,,,2021,Cuarto Trimestre,eje_gasto,,,,NO DEFINIDO,NO DEFINIDO,,,,,,NO DEFINIDO,,,,,,NO DEFINIDO,NO DEFINIDO,NO DEFINIDO,7613863.0,2856219.0,2856219.0
12332748,20220901,220173585,Instituto Purificense para la Recreación y el Deporte,2.1.2,ADQUISICION DE BIENES Y SERVICIOS,GASTOS,FUNCIONAMIENTO,ADQUISICION DE BIENES Y SERVICIOS,No Aplica,No Aplica,No Aplica,No Aplica,No Aplica,No Aplica,No Aplica,VIGENCIA ACTUAL,ENTIDADES DIFERENTES A ENTIDADES TERRITORIALES - GESTION GENERAL,NO DEFINIDO,NO DEFINIDO,NO DEFINIDO,,,2022,Tercer Trimestre,eje_gasto,,,,NO DEFINIDO,NO DEFINIDO,,,,,,NO DEFINIDO,,,,,,NO DEFINIDO,NO DEFINIDO,NO DEFINIDO,1032151.0,1032151.0,268929.0
12339152,20210601,220173585,Instituto Purificense para la Recreación y el Deporte,2.1.5,GASTOS DE COMERCIALIZACION Y PRODUCCION,GASTOS,FUNCIONAMIENTO,GASTOS DE COMERCIALIZACION Y PRODUCCION,No Aplica,No Aplica,No Aplica,No Aplica,No Aplica,No Aplica,No Aplica,VIGENCIA ACTUAL,ENTIDADES DIFERENTES A ENTIDADES TERRITORIALES - GESTION GENERAL,NO DEFINIDO,NO DEFINIDO,NO DEFINIDO,,,2021,Segundo Trimestre,eje_gasto,,,,NO DEFINIDO,NO DEFINIDO,,,,,,NO DEFINIDO,,,,,,NO DEFINIDO,NO DEFINIDO,NO DEFINIDO,3202026.0,3202026.0,2856219.0
12340368,20220901,220173585,Instituto Purificense para la Recreación y el Deporte,2.1.1.01.02.005,APORTES GENERALES AL SISTEMA DE RIESGOS LABORALES,GASTOS,FUNCIONAMIENTO,GASTOS DE PERSONAL,PLANTA DE PERSONAL PERMANENTE,CONTRIBUCIONES INHERENTES A LA NOMINA,APORTES GENERALES AL SISTEMA DE RIESGOS LABORALES,No Aplica,No Aplica,No Aplica,No Aplica,VIGENCIA ACTUAL,ENTIDADES DIFERENTES A ENTIDADES TERRITORIALES - GESTION GENERAL,NO DEFINIDO,NO DEFINIDO,DEPORTE Y RECREACION,,,2022,Tercer Trimestre,eje_gasto,,,,NO APLICA,INGRESOS CORRIENTES DE LIBRE DESTINACION,,,,,,NO APLICA,,,,,,SIN SITUACION DE FONDOS,OTRO,NO DEFINIDO,360700.0,360700.0,146700.0
12347210,20230601,220173585,Instituto Purificense para la Recreación y el Deporte,2.1.1,GASTOS DE PERSONAL,GASTOS,FUNCIONAMIENTO,GASTOS DE PERSONAL,No Aplica,No Aplica,No Aplica,No Aplica,No Aplica,No Aplica,No Aplica,VIGENCIA ACTUAL,ENTIDADES DIFERENTES A ENTIDADES TERRITORIALES - GESTION GENERAL,NO DEFINIDO,NO DEFINIDO,NO DEFINIDO,,,2023,Segundo Trimestre,eje_gasto,,,,NO DEFINIDO,NO DEFINIDO,,,,,,NO DEFINIDO,,,,,,NO DEFINIDO,NO DEFINIDO,NO DEFINIDO,141851154.0,59092517.0,59092517.0
12348224,20211201,220173585,Instituto Purificense para la Recreación y el Deporte,2.1.1,GASTOS DE PERSONAL,GASTOS,FUNCIONAMIENTO,GASTOS DE PERSONAL,No Aplica,No Aplica,No Aplica,No Aplica,No Aplica,No Aplica,No Aplica,VIGENCIA ACTUAL,ENTIDADES DIFERENTES A ENTIDADES TERRITORIALES - GESTION GENERAL,NO DEFINIDO,NO DEFINIDO,NO DEFINIDO,,,2021,Cuarto Trimestre,eje_gasto,,,,NO DEFINIDO,NO DEFINIDO,,,,,,NO DEFINIDO,,,,,,NO DEFINIDO,NO DEFINIDO,NO DEFINIDO,172075706.0,71852687.0,71784853.0
12351011,20210901,220173585,Instituto Purificense para la Recreación y el Deporte,2.1.2.01.01,ACTIVOS FIJOS,GASTOS,FUNCIONAMIENTO,ADQUISICION DE BIENES Y SERVICIOS,ADQUISICION DE ACTIVOS NO FINANCIEROS,ACTIVOS FIJOS,No Aplica,No Aplica,No Aplica,No Aplica,No Aplica,VIGENCIA ACTUAL,ENTIDADES DIFERENTES A ENTIDADES TERRITORIALES - GESTION GENERAL,NO DEFINIDO,NO DEFINIDO,NO DEFINIDO,,,2021,Tercer Trimestre,eje_gasto,,,,NO DEFINIDO,NO DEFINIDO,,,,,,NO DEFINIDO,,,,,,NO DEFINIDO,NO DEFINIDO,NO DEFINIDO,7110972.0,5517.0,5517.0
12351270,20220301,220173585,Instituto Purificense para la Recreación y el Deporte,2.1.2.02,ADQUISICIONES DIFERENTES DE ACTIVOS,GASTOS,FUNCIONAMIENTO,ADQUISICION DE BIENES Y SERVICIOS,ADQUISICIONES DIFERENTES DE ACTIVOS,No Aplica,No Aplica,No Aplica,No Aplica,No Aplica,No Aplica,VIGENCIA ACTUAL,ENTIDADES DIFERENTES A ENTIDADES TERRITORIALES - GESTION GENERAL,NO DEFINIDO,NO DEFINIDO,NO DEFINIDO,,,2022,Primer Trimestre,eje_gasto,,,,NO DEFINIDO,NO DEFINIDO,,,,,,NO DEFINIDO,,,,,,NO DEFINIDO,NO DEFINIDO,NO DEFINIDO,30000000.0,30000000.0,30000000.0
12367437,20220901,220173585,Instituto Purificense para la Recreación y el Deporte,2.1,FUNCIONAMIENTO,GASTOS,FUNCIONAMIENTO,No Aplica,No Aplica,No Aplica,No Aplica,No Aplica,No Aplica,No Aplica,No Aplica,VIGENCIA ACTUAL,ENTIDADES DIFERENTES A ENTIDADES TERRITORIALES - GESTION GENERAL,NO DEFINIDO,NO DEFINIDO,NO DEFINIDO,,,2022,Tercer Trimestre,eje_gasto,,,,NO DEFINIDO,NO DEFINIDO,,,,,,NO DEFINIDO,,,,,,NO DEFINIDO,NO DEFINIDO,NO DEFINIDO,231372874.0,231372874.0,86150179.0
12373881,20220601,220173585,Instituto Purificense para la Recreación y el Deporte,2.1.1.02.01,FACTORES CONSTITUTIVOS DE SALARIO,GASTOS,FUNCIONAMIENTO,GASTOS DE PERSONAL,PERSONAL SUPERNUMERARIO Y PLANTA TEMPORAL,FACTORES CONSTITUTIVOS DE SALARIO,No Aplica,No Aplica,No Aplica,No Aplica,No Aplica,VIGENCIA ACTUAL,ENTIDADES DIFERENTES A ENTIDADES TERRITORIALES - GESTION GENERAL,NO DEFINIDO,NO DEFINIDO,NO DEFINIDO,,,2022,Segundo Trimestre,eje_gasto,,,,NO DEFINIDO,NO DEFINIDO,,,,,,NO DEFINIDO,,,,,,NO DEFINIDO,NO DEFINIDO,NO DEFINIDO,26400000.0,26400000.0,6600000.0
12382775,20230601,220173585,Instituto Purificense para la Recreación y el Deporte,2.1.1.01.02.005,APORTES GENERALES AL SISTEMA DE RIESGOS LABORALES,GASTOS,FUNCIONAMIENTO,GASTOS DE PERSONAL,PLANTA DE PERSONAL PERMANENTE,CONTRIBUCIONES INHERENTES A LA NOMINA,APORTES GENERALES AL SISTEMA DE RIESGOS LABORALES,No Aplica,No Aplica,No Aplica,No Aplica,VIGENCIA ACTUAL,ENTIDADES DIFERENTES A ENTIDADES TERRITORIALES - GESTION GENERAL,NO DEFINIDO,NO DEFINIDO,DEPORTE Y RECREACION,,,2023,Segundo Trimestre,eje_gasto,,,,NO APLICA,INGRESOS CORRIENTES DE DESTINACION ESPECIFICA POR ACTO ADMINISTRATIVO,,,,,,NO APLICA,,,,,,SIN SITUACION DE FONDOS,NO APLICA,NO DEFINIDO,231300.0,49300.0,49300.0
12387848,20210301,220173585,Instituto Purificense para la Recreación y el Deporte,2.1.1.01.02,CONTRIBUCIONES INHERENTES A LA NOMINA,GASTOS,FUNCIONAMIENTO,GASTOS DE PERSONAL,PLANTA DE PERSONAL PERMANENTE,CONTRIBUCIONES INHERENTES A LA NOMINA,No Aplica,No Aplica,No Aplica,No Aplica,No Aplica,VIGENCIA ACTUAL,ENTIDADES DIFERENTES A ENTIDADES TERRITORIALES - GESTION GENERAL,NO DEFINIDO,NO DEFINIDO,NO DEFINIDO,,,2021,Primer Trimestre,eje_gasto,,,,NO DEFINIDO,NO DEFINIDO,,,,,,NO DEFINIDO,,,,,,NO DEFINIDO,NO DEFINIDO,NO DEFINIDO,13633687.0,13633687.0,11747625.0
12397000,20211201,220173585,Instituto Purificense para la Recreación y el Deporte,2.1.1.01.01.001,FACTORES SALARIALES COMUNES,GASTOS,FUNCIONAMIENTO,GASTOS DE PERSONAL,PLANTA DE PERSONAL PERMANENTE,FACTORES CONSTITUTIVOS DE SALARIO,FACTORES SALARIALES COMUNES,No Aplica,No Aplica,No Aplica,No Aplica,VIGENCIA ACTUAL,ENTIDADES DIFERENTES A ENTIDADES TERRITORIALES - GESTION GENERAL,NO DEFINIDO,NO DEFINIDO,NO DEFINIDO,,,2021,Cuarto Trimestre,eje_gasto,,,,NO DEFINIDO,NO DEFINIDO,,,,,,NO DEFINIDO,,,,,,NO DEFINIDO,NO DEFINIDO,NO DEFINIDO,96822752.0,34606597.0,34538763.0
12410325,20210601,220173585,Instituto Purificense para la Recreación y el Deporte,2.1,FUNCIONAMIENTO,GASTOS,FUNCIONAMIENTO,No Aplica,No Aplica,No Aplica,No Aplica,No Aplica,No Aplica,No Aplica,No Aplica,VIGENCIA ACTUAL,ENTIDADES DIFERENTES A ENTIDADES TERRITORIALES - GESTION GENERAL,NO DEFINIDO,NO DEFINIDO,NO DEFINIDO,,,2021,Segundo Trimestre,eje_gasto,,,,NO DEFINIDO,NO DEFINIDO,,,,,,NO DEFINIDO,,,,,,NO DEFINIDO,NO DEFINIDO,NO DEFINIDO,208338340.0,208338340.0,185306572.0
12414691,20230301,220173585,Instituto Purificense para la Recreación y el Deporte,2.1.1.02.01,FACTORES CONSTITUTIVOS DE SALARIO,GASTOS,FUNCIONAMIENTO,GASTOS DE PERSONAL,PERSONAL SUPERNUMERARIO Y PLANTA TEMPORAL,FACTORES CONSTITUTIVOS DE SALARIO,No Aplica,No Aplica,No Aplica,No Aplica,No Aplica,VIGENCIA ACTUAL,ENTIDADES DIFERENTES A ENTIDADES TERRITORIALES - GESTION GENERAL,NO DEFINIDO,NO DEFINIDO,NO DEFINIDO,,,2023,Primer Trimestre,eje_gasto,,,,NO DEFINIDO,NO DEFINIDO,,,,,,NO DEFINIDO,,,,,,NO DEFINIDO,NO DEFINIDO,NO DEFINIDO,15200000.0,15200000.0,15200000.0
12415175,20210901,220173585,Instituto Purificense para la Recreación y el Deporte,2.1.1.01.02.004,APORTES A CAJAS DE COMPENSACION FAMILIAR,GASTOS,FUNCIONAMIENTO,GASTOS DE PERSONAL,PLANTA DE PERSONAL PERMANENTE,CONTRIBUCIONES INHERENTES A LA NOMINA,APORTES A CAJAS DE COMPENSACION FAMILIAR,No Aplica,No Aplica,No Aplica,No Aplica,VIGENCIA ACTUAL,ENTIDADES DIFERENTES A ENTIDADES TERRITORIALES - GESTION GENERAL,NO DEFINIDO,NO DEFINIDO,DEPORTE Y RECREACION,,,2021,Tercer Trimestre,eje_gasto,,,,NO APLICA,1.2.1.0.00 - INGRESOS CORRIENTES DE LIBRE DESTINACION,,,,,,NO APLICA,,,,,,SIN SITUACION DE FONDOS,OTRO,NO DEFINIDO,2049600.0,1244071.0,1244071.0
12418418,20220601,220173585,Instituto Purificense para la Recreación y el Deporte,2.1.1.01.02.005,APORTES GENERALES AL SISTEMA DE RIESGOS LABORALES,GASTOS,FUNCIONAMIENTO,GASTOS DE PERSONAL,PLANTA DE PERSONAL PERMANENTE,CONTRIBUCIONES INHERENTES A LA NOMINA,APORTES GENERALES AL SISTEMA DE RIESGOS LABORALES,No Aplica,No Aplica,No Aplica,No Aplica,VIGENCIA ACTUAL,ENTIDADES DIFERENTES A ENTIDADES TERRITORIALES - GESTION GENERAL,NO DEFINIDO,NO DEFINIDO,DEPORTE Y RECREACION,,,2022,Segundo Trimestre,eje_gasto,,,,NO APLICA,INGRESOS CORRIENTES DE LIBRE DESTINACION,,,,,,NO APLICA,,,,,,SIN SITUACION DE FONDOS,OTRO,NO DEFINIDO,189500.0,189500.0,103900.0
12475894,20210901,220173585,Instituto Purificense para la Recreación y el Deporte,2.1.3.13.01,FALLOS NACIONALES,GASTOS,FUNCIONAMIENTO,TRANSFERENCIAS CORRIENTES,SENTENCIAS Y CONCILIACIONES,FALLOS NACIONALES,No Aplica,No Aplica,No Aplica,No Aplica,No Aplica,VIGENCIA ACTUAL,ENTIDADES DIFERENTES A ENTIDADES TERRITORIALES - GESTION GENERAL,NO DEFINIDO,NO DEFINIDO,NO DEFINIDO,,,2021,Tercer Trimestre,eje_gasto,,,,NO DEFINIDO,NO DEFINIDO,,,,,,NO DEFINIDO,,,,,,NO DEFINIDO,NO DEFINIDO,NO DEFINIDO,112008616.0,41384.0,41384.0
12481354,20220301,220173585,Instituto Purificense para la Recreación y el Deporte,2.1.1.01.02,CONTRIBUCIONES INHERENTES A LA NOMINA,GASTOS,FUNCIONAMIENTO,GASTOS DE PERSONAL,PLANTA DE PERSONAL PERMANENTE,CONTRIBUCIONES INHERENTES A LA NOMINA,No Aplica,No Aplica,No Aplica,No Aplica,No Aplica,VIGENCIA ACTUAL,ENTIDADES DIFERENTES A ENTIDADES TERRITORIALES - GESTION GENERAL,NO DEFINIDO,NO DEFINIDO,NO DEFINIDO,,,2022,Primer Trimestre,eje_gasto,,,,NO DEFINIDO,NO DEFINIDO,,,,,,NO DEFINIDO,,,,,,NO DEFINIDO,NO DEFINIDO,NO DEFINIDO,16218043.0,16218043.0,16218043.0
12501153,20210901,220173585,Instituto Purificense para la Recreación y el Deporte,2.1.1.01.01.001.05,AUXILIO DE TRANSPORTE,GASTOS,FUNCIONAMIENTO,GASTOS DE PERSONAL,PLANTA DE PERSONAL PERMANENTE,FACTORES CONSTITUTIVOS DE SALARIO,FACTORES SALARIALES COMUNES,AUXILIO DE TRANSPORTE,No Aplica,No Aplica,No Aplica,VIGENCIA ACTUAL,ENTIDADES DIFERENTES A ENTIDADES TERRITORIALES - GESTION GENERAL,NO DEFINIDO,NO DEFINIDO,DEPORTE Y RECREACION,,,2021,Tercer Trimestre,eje_gasto,,,,NO APLICA,1.2.1.0.00 - INGRESOS CORRIENTES DE LIBRE DESTINACION,,,,,,NO APLICA,,,,,,SIN SITUACION DE FONDOS,OTRO,NO DEFINIDO,958086.0,958086.0,958086.0
12512980,20220601,220173585,Instituto Purificense para la Recreación y el Deporte,2.1.2,ADQUISICION DE BIENES Y SERVICIOS,GASTOS,FUNCIONAMIENTO,ADQUISICION DE BIENES Y SERVICIOS,No Aplica,No Aplica,No Aplica,No Aplica,No Aplica,No Aplica,No Aplica,VIGENCIA ACTUAL,ENTIDADES DIFERENTES A ENTIDADES TERRITORIALES - GESTION GENERAL,NO DEFINIDO,NO DEFINIDO,NO DEFINIDO,,,2022,Segundo Trimestre,eje_gasto,,,,NO DEFINIDO,NO DEFINIDO,,,,,,NO DEFINIDO,,,,,,NO DEFINIDO,NO DEFINIDO,NO DEFINIDO,31218641.0,31218641.0,5885361.0
12513296,20210301,220173585,Instituto Purificense para la Recreación y el Deporte,2.3.1.02.01.001.01,SUELDO BASICO,GASTOS,INVERSION,GASTOS DE PERSONAL,PERSONAL SUPERNUMERARIO Y PLANTA TEMPORAL,FACTORES CONSTITUTIVOS DE SALARIO,FACTORES SALARIALES COMUNES,SUELDO BASICO,No Aplica,No Aplica,No Aplica,VIGENCIA ACTUAL,ENTIDADES DIFERENTES A ENTIDADES TERRITORIALES - GESTION GENERAL,NO DEFINIDO,NO DEFINIDO,NO DEFINIDO,,,2021,Primer Trimestre,eje_gasto,,,,NO APLICA,1.2.1.0.00 - INGRESOS CORRIENTES DE LIBRE DESTINACION,,,,,,NO APLICA,,,,,,CON SITUACION DE FONDOS,OTRO,NO DEFINIDO,40100000.0,19400000.0,19400000.0
12516659,20210901,220173585,Instituto Purificense para la Recreación y el Deporte,2.1.1.01.02.005,APORTES GENERALES AL SISTEMA DE RIESGOS LABORALES,GASTOS,FUNCIONAMIENTO,GASTOS DE PERSONAL,PLANTA DE PERSONAL PERMANENTE,CONTRIBUCIONES INHERENTES A LA NOMINA,APORTES GENERALES AL SISTEMA DE RIESGOS LABORALES,No Aplica,No Aplica,No Aplica,No Aplica,VIGENCIA ACTUAL,ENTIDADES DIFERENTES A ENTIDADES TERRITORIALES - GESTION GENERAL,NO DEFINIDO,NO DEFINIDO,DEPORTE Y RECREACION,,,2021,Tercer Trimestre,eje_gasto,,,,NO APLICA,1.2.1.0.00 - INGRESOS CORRIENTES DE LIBRE DESTINACION,,,,,,NO APLICA,,,,,,SIN SITUACION DE FONDOS,OTRO,NO DEFINIDO,268800.0,181200.0,181200.0
12522109,20220301,220173585,Instituto Purificense para la Recreación y el Deporte,2.3.1.01,PLANTA DE PERSONAL PERMANENTE,GASTOS,INVERSION,GASTOS DE PERSONAL,PLANTA DE PERSONAL PERMANENTE,No Aplica,No Aplica,No Aplica,No Aplica,No Aplica,No Aplica,VIGENCIA ACTUAL,ENTIDADES DIFERENTES A ENTIDADES TERRITORIALES - GESTION GENERAL,NO DEFINIDO,NO DEFINIDO,NO DEFINIDO,,,2022,Primer Trimestre,eje_gasto,,,,NO DEFINIDO,NO DEFINIDO,,,,,,NO DEFINIDO,,,,,,NO DEFINIDO,NO DEFINIDO,NO DEFINIDO,80099041.0,80099041.0,80099041.0
12524207,20230601,220173585,Instituto Purificense para la Recreación y el Deporte,2.3,INVERSION,GASTOS,INVERSION,No Aplica,No Aplica,No Aplica,No Aplica,No Aplica,No Aplica,No Aplica,No Aplica,VIGENCIA ACTUAL,ENTIDADES DIFERENTES A ENTIDADES TERRITORIALES - GESTION GENERAL,NO DEFINIDO,NO DEFINIDO,NO DEFINIDO,,,2023,Segundo Trimestre,eje_gasto,,,,NO DEFINIDO,NO DEFINIDO,,,,,,NO DEFINIDO,,,,,,NO DEFINIDO,NO DEFINIDO,NO DEFINIDO,205024990.0,119634291.0,119634291.0
12531753,20210301,220173585,Instituto Purificense para la Recreación y el Deporte,2.1.3.13.01.002,CONCILIACIONES,GASTOS,FUNCIONAMIENTO,TRANSFERENCIAS CORRIENTES,SENTENCIAS Y CONCILIACIONES,FALLOS NACIONALES,CONCILIACIONES,No Aplica,No Aplica,No Aplica,No Aplica,VIGENCIA ACTUAL,ENTIDADES DIFERENTES A ENTIDADES TERRITORIALES - GESTION GENERAL,NO DEFINIDO,NO DEFINIDO,NO DEFINIDO,,,2021,Primer Trimestre,eje_gasto,,,,NO APLICA,1.2.2.0.00 - INGRESOS CORRIENTES DE DESTINACION ESPECIFICA POR ACTO ADMINISTRATIVO,,,,,,NO APLICA,,,,,,CON SITUACION DE FONDOS,OTRO,NO DEFINIDO,110000000.0,110000000.0,110000000.0
12532402,20230601,220173585,Instituto Purificense para la Recreación y el Deporte,2.3.1,GASTOS DE PERSONAL,GASTOS,INVERSION,GASTOS DE PERSONAL,No Aplica,No Aplica,No Aplica,No Aplica,No Aplica,No Aplica,No Aplica,VIGENCIA ACTUAL,ENTIDADES DIFERENTES A ENTIDADES TERRITORIALES - GESTION GENERAL,NO DEFINIDO,NO DEFINIDO,NO DEFINIDO,,,2023,Segundo Trimestre,eje_gasto,,,,NO DEFINIDO,NO DEFINIDO,,,,,,NO DEFINIDO,,,,,,NO DEFINIDO,NO DEFINIDO,NO DEFINIDO,205024990.0,119634291.0,119634291.0
12535783,20210601,220173585,Instituto Purificense para la Recreación y el Deporte,2.1.2.01.01.003.03.01,"MAQUINAS PARA OFICINA Y CONTABILIDAD, Y SUS PARTES Y ACCESORIOS",GASTOS,FUNCIONAMIENTO,ADQUISICION DE BIENES Y SERVICIOS,ADQUISICION DE ACTIVOS NO FINANCIEROS,ACTIVOS FIJOS,MAQUINARIA Y EQUIPO,"MAQUINARIA DE OFICINA, CONTABILIDAD E INFORMATICA","MAQUINAS PARA OFICINA Y CONTABILIDAD, Y SUS PARTES Y ACCESORIOS",No Aplica,No Aplica,VIGENCIA ACTUAL,ENTIDADES DIFERENTES A ENTIDADES TERRITORIALES - GESTION GENERAL,NO DEFINIDO,NO DEFINIDO,DEPORTE Y RECREACION,,,2021,Segundo Trimestre,eje_gasto,,,,4529001 - PARTES Y ACCESORIOS PARA COMPUTADORES Y MINICOMPUTADORES,1.2.2.0.00 - INGRESOS CORRIENTES DE DESTINACION ESPECIFICA POR ACTO ADMINISTRATIVO,,,,,,NO APLICA,,,,,,SIN SITUACION DE FONDOS,OTRO,NO DEFINIDO,6620972.0,6620972.0,0.0
12544226,20220601,220173585,Instituto Purificense para la Recreación y el Deporte,2.1.1.01.02.002,APORTES A LA SEGURIDAD SOCIAL EN SALUD,GASTOS,FUNCIONAMIENTO,GASTOS DE PERSONAL,PLANTA DE PERSONAL PERMANENTE,CONTRIBUCIONES INHERENTES A LA NOMINA,APORTES A LA SEGURIDAD SOCIAL EN SALUD,No Aplica,No Aplica,No Aplica,No Aplica,VIGENCIA ACTUAL,ENTIDADES DIFERENTES A ENTIDADES TERRITORIALES - GESTION GENERAL,NO DEFINIDO,NO DEFINIDO,DEPORTE Y RECREACION,,,2022,Segundo Trimestre,eje_gasto,,,,NO APLICA,INGRESOS CORRIENTES DE LIBRE DESTINACION,,,,,,NO APLICA,,,,,,SIN SITUACION DE FONDOS,OTRO,NO DEFINIDO,3031043.0,3031043.0,1640193.0
12569850,20221201,220173585,Instituto Purificense para la Recreación y el Deporte,2.3.1.01.01.001.01,SUELDO BASICO,GASTOS,INVERSION,GASTOS DE PERSONAL,PLANTA DE PERSONAL PERMANENTE,FACTORES CONSTITUTIVOS DE SALARIO,FACTORES SALARIALES COMUNES,SUELDO BASICO,No Aplica,No Aplica,No Aplica,VIGENCIA ACTUAL,ENTIDADES DIFERENTES A ENTIDADES TERRITORIALES - GESTION GENERAL,NO DEFINIDO,NO DEFINIDO,DEPORTE Y RECREACION,,,2022,Cuarto Trimestre,eje_gasto,,,,NO APLICA,DISPONIBILIDAD INICIAL,,,,,,NO APLICA,,,,,,SIN SITUACION DE FONDOS,NO APLICA,NO DEFINIDO,268142758.0,268142758.0,268142758.0
12570115,20210601,220173585,Instituto Purificense para la Recreación y el Deporte,2.1.2.01.01,ACTIVOS FIJOS,GASTOS,FUNCIONAMIENTO,ADQUISICION DE BIENES Y SERVICIOS,ADQUISICION DE ACTIVOS NO FINANCIEROS,ACTIVOS FIJOS,No Aplica,No Aplica,No Aplica,No Aplica,No Aplica,VIGENCIA ACTUAL,ENTIDADES DIFERENTES A ENTIDADES TERRITORIALES - GESTION GENERAL,NO DEFINIDO,NO DEFINIDO,NO DEFINIDO,,,2021,Segundo Trimestre,eje_gasto,,,,NO DEFINIDO,NO DEFINIDO,,,,,,NO DEFINIDO,,,,,,NO DEFINIDO,NO DEFINIDO,NO DEFINIDO,6620972.0,6620972.0,0.0
12571616,20220601,220173585,Instituto Purificense para la Recreación y el Deporte,2.1.1.01.01.001.01,SUELDO BASICO,GASTOS,FUNCIONAMIENTO,GASTOS DE PERSONAL,PLANTA DE PERSONAL PERMANENTE,FACTORES CONSTITUTIVOS DE SALARIO,FACTORES SALARIALES COMUNES,SUELDO BASICO,No Aplica,No Aplica,No Aplica,VIGENCIA ACTUAL,ENTIDADES DIFERENTES A ENTIDADES TERRITORIALES - GESTION GENERAL,NO DEFINIDO,NO DEFINIDO,DEPORTE Y RECREACION,,,2022,Segundo Trimestre,eje_gasto,,,,NO APLICA,DISPONIBILIDAD INICIAL,,,,,,NO APLICA,,,,,,CON SITUACION DE FONDOS,OTRO,NO DEFINIDO,38754706.0,38754706.0,22392198.0
12572074,20211201,220173585,Instituto Purificense para la Recreación y el Deporte,2.1.3.13,SENTENCIAS Y CONCILIACIONES,GASTOS,FUNCIONAMIENTO,TRANSFERENCIAS CORRIENTES,SENTENCIAS Y CONCILIACIONES,No Aplica,No Aplica,No Aplica,No Aplica,No Aplica,No Aplica,VIGENCIA ACTUAL,ENTIDADES DIFERENTES A ENTIDADES TERRITORIALES - GESTION GENERAL,NO DEFINIDO,NO DEFINIDO,NO DEFINIDO,,,2021,Cuarto Trimestre,eje_gasto,,,,NO DEFINIDO,NO DEFINIDO,,,,,,NO DEFINIDO,,,,,,NO DEFINIDO,NO DEFINIDO,NO DEFINIDO,112008616.0,112008616.0,112008616.0
12572851,20230601,220173585,Instituto Purificense para la Recreación y el Deporte,2.3.1.01.01,FACTORES CONSTITUTIVOS DE SALARIO,GASTOS,INVERSION,GASTOS DE PERSONAL,PLANTA DE PERSONAL PERMANENTE,FACTORES CONSTITUTIVOS DE SALARIO,No Aplica,No Aplica,No Aplica,No Aplica,No Aplica,VIGENCIA ACTUAL,ENTIDADES DIFERENTES A ENTIDADES TERRITORIALES - GESTION GENERAL,NO DEFINIDO,NO DEFINIDO,NO DEFINIDO,,,2023,Segundo Trimestre,eje_gasto,,,,NO DEFINIDO,NO DEFINIDO,,,,,,NO DEFINIDO,,,,,,NO DEFINIDO,NO DEFINIDO,NO DEFINIDO,205024990.0,119634291.0,119634291.0
12573189,20221201,220173585,Instituto Purificense para la Recreación y el Deporte,2.1.1.01.01.001,FACTORES SALARIALES COMUNES,GASTOS,FUNCIONAMIENTO,GASTOS DE PERSONAL,PLANTA DE PERSONAL PERMANENTE,FACTORES CONSTITUTIVOS DE SALARIO,FACTORES SALARIALES COMUNES,No Aplica,No Aplica,No Aplica,No Aplica,VIGENCIA ACTUAL,ENTIDADES DIFERENTES A ENTIDADES TERRITORIALES - GESTION GENERAL,NO DEFINIDO,NO DEFINIDO,NO DEFINIDO,,,2022,Cuarto Trimestre,eje_gasto,,,,NO DEFINIDO,NO DEFINIDO,,,,,,NO DEFINIDO,,,,,,NO DEFINIDO,NO DEFINIDO,NO DEFINIDO,112165292.0,112165292.0,112165292.0
12580522,20221201,220173585,Instituto Purificense para la Recreación y el Deporte,2.3.1.01.01,FACTORES CONSTITUTIVOS DE SALARIO,GASTOS,INVERSION,GASTOS DE PERSONAL,PLANTA DE PERSONAL PERMANENTE,FACTORES CONSTITUTIVOS DE SALARIO,No Aplica,No Aplica,No Aplica,No Aplica,No Aplica,VIGENCIA ACTUAL,ENTIDADES DIFERENTES A ENTIDADES TERRITORIALES - GESTION GENERAL,NO DEFINIDO,NO DEFINIDO,NO DEFINIDO,,,2022,Cuarto Trimestre,eje_gasto,,,,NO DEFINIDO,NO DEFINIDO,,,,,,NO DEFINIDO,,,,,,NO DEFINIDO,NO DEFINIDO,NO DEFINIDO,268142758.0,268142758.0,268142758.0
12597299,20211201,220173585,Instituto Purificense para la Recreación y el Deporte,2.3.1,GASTOS DE PERSONAL,GASTOS,INVERSION,GASTOS DE PERSONAL,No Aplica,No Aplica,No Aplica,No Aplica,No Aplica,No Aplica,No Aplica,VIGENCIA ACTUAL,ENTIDADES DIFERENTES A ENTIDADES TERRITORIALES - GESTION GENERAL,NO DEFINIDO,NO DEFINIDO,NO DEFINIDO,,,2021,Cuarto Trimestre,eje_gasto,,,,NO DEFINIDO,NO DEFINIDO,,,,,,NO DEFINIDO,,,,,,NO DEFINIDO,NO DEFINIDO,NO DEFINIDO,217237905.0,43500000.0,43500000.0
12603944,20210601,220173585,Instituto Purificense para la Recreación y el Deporte,2.1.1.01.01.001.05,AUXILIO DE TRANSPORTE,GASTOS,FUNCIONAMIENTO,GASTOS DE PERSONAL,PLANTA DE PERSONAL PERMANENTE,FACTORES CONSTITUTIVOS DE SALARIO,FACTORES SALARIALES COMUNES,AUXILIO DE TRANSPORTE,No Aplica,No Aplica,No Aplica,VIGENCIA ACTUAL,ENTIDADES DIFERENTES A ENTIDADES TERRITORIALES - GESTION GENERAL,NO DEFINIDO,NO DEFINIDO,DEPORTE Y RECREACION,,,2021,Segundo Trimestre,eje_gasto,,,,NO APLICA,1.2.2.0.00 - INGRESOS CORRIENTES DE DESTINACION ESPECIFICA POR ACTO ADMINISTRATIVO,,,,,,NO APLICA,,,,,,SIN SITUACION DE FONDOS,OTRO,NO DEFINIDO,638724.0,638724.0,532270.0
12608650,20230601,220173585,Instituto Purificense para la Recreación y el Deporte,2.1.2,ADQUISICION DE BIENES Y SERVICIOS,GASTOS,FUNCIONAMIENTO,ADQUISICION DE BIENES Y SERVICIOS,No Aplica,No Aplica,No Aplica,No Aplica,No Aplica,No Aplica,No Aplica,VIGENCIA ACTUAL,ENTIDADES DIFERENTES A ENTIDADES TERRITORIALES - GESTION GENERAL,NO DEFINIDO,NO DEFINIDO,NO DEFINIDO,,,2023,Segundo Trimestre,eje_gasto,,,,NO DEFINIDO,NO DEFINIDO,,,,,,NO DEFINIDO,,,,,,NO DEFINIDO,NO DEFINIDO,NO DEFINIDO,21846097.0,8786987.0,8786987.0
12614757,20210301,220173585,Instituto Purificense para la Recreación y el Deporte,2.1.2,ADQUISICION DE BIENES Y SERVICIOS,GASTOS,FUNCIONAMIENTO,ADQUISICION DE BIENES Y SERVICIOS,No Aplica,No Aplica,No Aplica,No Aplica,No Aplica,No Aplica,No Aplica,VIGENCIA ACTUAL,ENTIDADES DIFERENTES A ENTIDADES TERRITORIALES - GESTION GENERAL,NO DEFINIDO,NO DEFINIDO,NO DEFINIDO,,,2021,Primer Trimestre,eje_gasto,,,,NO DEFINIDO,NO DEFINIDO,,,,,,NO DEFINIDO,,,,,,NO DEFINIDO,NO DEFINIDO,NO DEFINIDO,8108342.0,8108342.0,1977370.0
12636934,20230601,220173585,Instituto Purificense para la Recreación y el Deporte,2.1.1.02.01.001.01,SUELDO BASICO,GASTOS,FUNCIONAMIENTO,GASTOS DE PERSONAL,PERSONAL SUPERNUMERARIO Y PLANTA TEMPORAL,FACTORES CONSTITUTIVOS DE SALARIO,FACTORES SALARIALES COMUNES,SUELDO BASICO,No Aplica,No Aplica,No Aplica,VIGENCIA ACTUAL,ENTIDADES DIFERENTES A ENTIDADES TERRITORIALES - GESTION GENERAL,NO DEFINIDO,NO DEFINIDO,DEPORTE Y RECREACION,,,2023,Segundo Trimestre,eje_gasto,,,,NO APLICA,INGRESOS CORRIENTES DE DESTINACION ESPECIFICA POR ACTO ADMINISTRATIVO,,,,,,NO APLICA,,,,,,SIN SITUACION DE FONDOS,NO APLICA,NO DEFINIDO,47000000.0,28980000.0,28980000.0
12643377,20221201,220173585,Instituto Purificense para la Recreación y el Deporte,2.1.2.02.02.009,"SERVICIOS PARA LA COMUNIDAD, SOCIALES Y PERSONALES",GASTOS,FUNCIONAMIENTO,ADQUISICION DE BIENES Y SERVICIOS,ADQUISICIONES DIFERENTES DE ACTIVOS,ADQUISICION DE SERVICIOS,"SERVICIOS PARA LA COMUNIDAD, SOCIALES Y PERSONALES",No Aplica,No Aplica,No Aplica,No Aplica,VIGENCIA ACTUAL,ENTIDADES DIFERENTES A ENTIDADES TERRITORIALES - GESTION GENERAL,NO DEFINIDO,NO DEFINIDO,DEPORTE Y RECREACION,,,2022,Cuarto Trimestre,eje_gasto,,,,OTROS SERVICIOS DIVERSOS N C P,INGRESOS CORRIENTES DE LIBRE DESTINACION,,,,,,NO APLICA,,,,,,SIN SITUACION DE FONDOS,NO APLICA,NO DEFINIDO,14471612.0,14471612.0,14471612.0
12687373,20220601,220173585,Instituto Purificense para la Recreación y el Deporte,2.1.1.01.02,CONTRIBUCIONES INHERENTES A LA NOMINA,GASTOS,FUNCIONAMIENTO,GASTOS DE PERSONAL,PLANTA DE PERSONAL PERMANENTE,CONTRIBUCIONES INHERENTES A LA NOMINA,No Aplica,No Aplica,No Aplica,No Aplica,No Aplica,VIGENCIA ACTUAL,ENTIDADES DIFERENTES A ENTIDADES TERRITORIALES - GESTION GENERAL,NO DEFINIDO,NO DEFINIDO,NO DEFINIDO,,,2022,Segundo Trimestre,eje_gasto,,,,NO DEFINIDO,NO DEFINIDO,,,,,,NO DEFINIDO,,,,,,NO DEFINIDO,NO DEFINIDO,NO DEFINIDO,19286479.0,19286479.0,14101354.0
12688830,20220901,220173585,Instituto Purificense para la Recreación y el Deporte,2.1.1.01.01.001.08.02,PRIMA DE VACACIONES,GASTOS,FUNCIONAMIENTO,GASTOS DE PERSONAL,PLANTA DE PERSONAL PERMANENTE,FACTORES CONSTITUTIVOS DE SALARIO,FACTORES SALARIALES COMUNES,PRESTACIONES SOCIALES,PRIMA DE VACACIONES,No Aplica,No Aplica,VIGENCIA ACTUAL,ENTIDADES DIFERENTES A ENTIDADES TERRITORIALES - GESTION GENERAL,NO DEFINIDO,NO DEFINIDO,DEPORTE Y RECREACION,,,2022,Tercer Trimestre,eje_gasto,,,,NO APLICA,INGRESOS CORRIENTES DE LIBRE DESTINACION,,,,,,NO APLICA,,,,,,SIN SITUACION DE FONDOS,OTRO,NO DEFINIDO,3540936.0,3540936.0,3540936.0
12690094,20211201,220173585,Instituto Purificense para la Recreación y el Deporte,2.1,FUNCIONAMIENTO,GASTOS,FUNCIONAMIENTO,No Aplica,No Aplica,No Aplica,No Aplica,No Aplica,No Aplica,No Aplica,No Aplica,VIGENCIA ACTUAL,ENTIDADES DIFERENTES A ENTIDADES TERRITORIALES - GESTION GENERAL,NO DEFINIDO,NO DEFINIDO,NO DEFINIDO,,,2021,Cuarto Trimestre,eje_gasto,,,,NO DEFINIDO,NO DEFINIDO,,,,,,NO DEFINIDO,,,,,,NO DEFINIDO,NO DEFINIDO,NO DEFINIDO,301165757.0,193247522.0,193162688.0
12695653,20210301,220173585,Instituto Purificense para la Recreación y el Deporte,2.1.1.01.01.001.05,AUXILIO DE TRANSPORTE,GASTOS,FUNCIONAMIENTO,GASTOS DE PERSONAL,PLANTA DE PERSONAL PERMANENTE,FACTORES CONSTITUTIVOS DE SALARIO,FACTORES SALARIALES COMUNES,AUXILIO DE TRANSPORTE,No Aplica,No Aplica,No Aplica,VIGENCIA ACTUAL,ENTIDADES DIFERENTES A ENTIDADES TERRITORIALES - GESTION GENERAL,NO DEFINIDO,NO DEFINIDO,NO DEFINIDO,,,2021,Primer Trimestre,eje_gasto,,,,NO APLICA,1.2.2.0.00 - INGRESOS CORRIENTES DE DESTINACION ESPECIFICA POR ACTO ADMINISTRATIVO,,,,,,NO APLICA,,,,,,SIN SITUACION DE FONDOS,OTRO,NO DEFINIDO,319362.0,319362.0,319362.0
12697687,20220901,220173585,Instituto Purificense para la Recreación y el Deporte,2.1.1.02.01.001.01,SUELDO BASICO,GASTOS,FUNCIONAMIENTO,GASTOS DE PERSONAL,PERSONAL SUPERNUMERARIO Y PLANTA TEMPORAL,FACTORES CONSTITUTIVOS DE SALARIO,FACTORES SALARIALES COMUNES,SUELDO BASICO,No Aplica,No Aplica,No Aplica,VIGENCIA ACTUAL,ENTIDADES DIFERENTES A ENTIDADES TERRITORIALES - GESTION GENERAL,NO DEFINIDO,NO DEFINIDO,DEPORTE Y RECREACION,,,2022,Tercer Trimestre,eje_gasto,,,,NO APLICA,INGRESOS CORRIENTES DE LIBRE DESTINACION,,,,,,NO APLICA,,,,,,SIN SITUACION DE FONDOS,OTRO,NO DEFINIDO,56400000.0,56400000.0,22600000.0
12699238,20220601,220173585,Instituto Purificense para la Recreación y el Deporte,2.1.1.02.01.001,FACTORES SALARIALES COMUNES,GASTOS,FUNCIONAMIENTO,GASTOS DE PERSONAL,PERSONAL SUPERNUMERARIO Y PLANTA TEMPORAL,FACTORES CONSTITUTIVOS DE SALARIO,FACTORES SALARIALES COMUNES,No Aplica,No Aplica,No Aplica,No Aplica,VIGENCIA ACTUAL,ENTIDADES DIFERENTES A ENTIDADES TERRITORIALES - GESTION GENERAL,NO DEFINIDO,NO DEFINIDO,NO DEFINIDO,,,2022,Segundo Trimestre,eje_gasto,,,,NO DEFINIDO,NO DEFINIDO,,,,,,NO DEFINIDO,,,,,,NO DEFINIDO,NO DEFINIDO,NO DEFINIDO,26400000.0,26400000.0,6600000.0
12703819,20211201,220173585,Instituto Purificense para la Recreación y el Deporte,2.1.1.01.02.002,APORTES A LA SEGURIDAD SOCIAL EN SALUD,GASTOS,FUNCIONAMIENTO,GASTOS DE PERSONAL,PLANTA DE PERSONAL PERMANENTE,CONTRIBUCIONES INHERENTES A LA NOMINA,APORTES A LA SEGURIDAD SOCIAL EN SALUD,No Aplica,No Aplica,No Aplica,No Aplica,VIGENCIA ACTUAL,ENTIDADES DIFERENTES A ENTIDADES TERRITORIALES - GESTION GENERAL,NO DEFINIDO,NO DEFINIDO,DEPORTE Y RECREACION,,,2021,Cuarto Trimestre,eje_gasto,,,,NO APLICA,INGRESOS CORRIENTES DE LIBRE DESTINACION,,,,,,NO APLICA,,,,,,SIN SITUACION DE FONDOS,OTRO,NO DEFINIDO,5786341.0,3156186.0,3156186.0
12708575,20210601,220173585,Instituto Purificense para la Recreación y el Deporte,2.3.1.02,PERSONAL SUPERNUMERARIO Y PLANTA TEMPORAL,GASTOS,INVERSION,GASTOS DE PERSONAL,PERSONAL SUPERNUMERARIO Y PLANTA TEMPORAL,No Aplica,No Aplica,No Aplica,No Aplica,No Aplica,No Aplica,VIGENCIA ACTUAL,ENTIDADES DIFERENTES A ENTIDADES TERRITORIALES - GESTION GENERAL,NO DEFINIDO,NO DEFINIDO,NO DEFINIDO,,,2021,Segundo Trimestre,eje_gasto,,,,NO DEFINIDO,NO DEFINIDO,,,,,,NO DEFINIDO,,,,,,NO DEFINIDO,NO DEFINIDO,NO DEFINIDO,66224800.0,66224800.0,42200000.0
12716126,20211201,220173585,Instituto Purificense para la Recreación y el Deporte,2.1.2,ADQUISICION DE BIENES Y SERVICIOS,GASTOS,FUNCIONAMIENTO,ADQUISICION DE BIENES Y SERVICIOS,No Aplica,No Aplica,No Aplica,No Aplica,No Aplica,No Aplica,No Aplica,VIGENCIA ACTUAL,ENTIDADES DIFERENTES A ENTIDADES TERRITORIALES - GESTION GENERAL,NO DEFINIDO,NO DEFINIDO,NO DEFINIDO,,,2021,Cuarto Trimestre,eje_gasto,,,,NO DEFINIDO,NO DEFINIDO,,,,,,NO DEFINIDO,,,,,,NO DEFINIDO,NO DEFINIDO,NO DEFINIDO,8332572.0,6513000.0,6513000.0
12717790,20220901,220173585,Instituto Purificense para la Recreación y el Deporte,2.1.2.02.02,ADQUISICION DE SERVICIOS,GASTOS,FUNCIONAMIENTO,ADQUISICION DE BIENES Y SERVICIOS,ADQUISICIONES DIFERENTES DE ACTIVOS,ADQUISICION DE SERVICIOS,No Aplica,No Aplica,No Aplica,No Aplica,No Aplica,VIGENCIA ACTUAL,ENTIDADES DIFERENTES A ENTIDADES TERRITORIALES - GESTION GENERAL,NO DEFINIDO,NO DEFINIDO,NO DEFINIDO,,,2022,Tercer Trimestre,eje_gasto,,,,NO DEFINIDO,NO DEFINIDO,,,,,,NO DEFINIDO,,,,,,NO DEFINIDO,NO DEFINIDO,NO DEFINIDO,1032151.0,1032151.0,268929.0
12720689,20220901,220173585,Instituto Purificense para la Recreación y el Deporte,2.1.1.01.01.001.06,PRIMA DE SERVICIO,GASTOS,FUNCIONAMIENTO,GASTOS DE PERSONAL,PLANTA DE PERSONAL PERMANENTE,FACTORES CONSTITUTIVOS DE SALARIO,FACTORES SALARIALES COMUNES,PRIMA DE SERVICIO,No Aplica,No Aplica,No Aplica,VIGENCIA ACTUAL,ENTIDADES DIFERENTES A ENTIDADES TERRITORIALES - GESTION GENERAL,NO DEFINIDO,NO DEFINIDO,DEPORTE Y RECREACION,,,2022,Tercer Trimestre,eje_gasto,,,,NO APLICA,INGRESOS CORRIENTES DE LIBRE DESTINACION,,,,,,NO APLICA,,,,,,SIN SITUACION DE FONDOS,OTRO,NO DEFINIDO,3548736.0,3548736.0,0.0
12721284,20210601,220173585,Instituto Purificense para la Recreación y el Deporte,2.1.1.01,PLANTA DE PERSONAL PERMANENTE,GASTOS,FUNCIONAMIENTO,GASTOS DE PERSONAL,PLANTA DE PERSONAL PERMANENTE,No Aplica,No Aplica,No Aplica,No Aplica,No Aplica,No Aplica,VIGENCIA ACTUAL,ENTIDADES DIFERENTES A ENTIDADES TERRITORIALES - GESTION GENERAL,NO DEFINIDO,NO DEFINIDO,NO DEFINIDO,,,2021,Segundo Trimestre,eje_gasto,,,,NO DEFINIDO,NO DEFINIDO,,,,,,NO DEFINIDO,,,,,,NO DEFINIDO,NO DEFINIDO,NO DEFINIDO,65752726.0,65752726.0,53473737.0
12728425,20211201,220173585,Instituto Purificense para la Recreación y el Deporte,2.1.1.01.02.005,APORTES GENERALES AL SISTEMA DE RIESGOS LABORALES,GASTOS,FUNCIONAMIENTO,GASTOS DE PERSONAL,PLANTA DE PERSONAL PERMANENTE,CONTRIBUCIONES INHERENTES A LA NOMINA,APORTES GENERALES AL SISTEMA DE RIESGOS LABORALES,No Aplica,No Aplica,No Aplica,No Aplica,VIGENCIA ACTUAL,ENTIDADES DIFERENTES A ENTIDADES TERRITORIALES - GESTION GENERAL,NO DEFINIDO,NO DEFINIDO,DEPORTE Y RECREACION,,,2021,Cuarto Trimestre,eje_gasto,,,,NO APLICA,INGRESOS CORRIENTES DE LIBRE DESTINACION,,,,,,NO APLICA,,,,,,SIN SITUACION DE FONDOS,OTRO,NO DEFINIDO,369000.0,201600.0,201600.0
12731154,20210901,220173585,Instituto Purificense para la Recreación y el Deporte,2.1.1.01.01,FACTORES CONSTITUTIVOS DE SALARIO,GASTOS,FUNCIONAMIENTO,GASTOS DE PERSONAL,PLANTA DE PERSONAL PERMANENTE,FACTORES CONSTITUTIVOS DE SALARIO,No Aplica,No Aplica,No Aplica,No Aplica,No Aplica,VIGENCIA ACTUAL,ENTIDADES DIFERENTES A ENTIDADES TERRITORIALES - GESTION GENERAL,NO DEFINIDO,NO DEFINIDO,NO DEFINIDO,,,2021,Tercer Trimestre,eje_gasto,,,,NO DEFINIDO,NO DEFINIDO,,,,,,NO DEFINIDO,,,,,,NO DEFINIDO,NO DEFINIDO,NO DEFINIDO,75413293.0,28401655.0,7984143.0
12736116,20230301,220173585,Instituto Purificense para la Recreación y el Deporte,2.1.1.01.03.001,PRESTACIONES SOCIALES,GASTOS,FUNCIONAMIENTO,GASTOS DE PERSONAL,PLANTA DE PERSONAL PERMANENTE,REMUNERACIONES NO CONSTITUTIVAS DE FACTOR SALARIAL,PRESTACIONES SOCIALES,No Aplica,No Aplica,No Aplica,No Aplica,VIGENCIA ACTUAL,ENTIDADES DIFERENTES A ENTIDADES TERRITORIALES - GESTION GENERAL,NO DEFINIDO,NO DEFINIDO,NO DEFINIDO,,,2023,Primer Trimestre,eje_gasto,,,,NO DEFINIDO,NO DEFINIDO,,,,,,NO DEFINIDO,,,,,,NO DEFINIDO,NO DEFINIDO,NO DEFINIDO,5595312.0,5595312.0,5595312.0
12743112,20221201,220173585,Instituto Purificense para la Recreación y el Deporte,2.1.1.01.01.001.06,PRIMA DE SERVICIO,GASTOS,FUNCIONAMIENTO,GASTOS DE PERSONAL,PLANTA DE PERSONAL PERMANENTE,FACTORES CONSTITUTIVOS DE SALARIO,FACTORES SALARIALES COMUNES,PRIMA DE SERVICIO,No Aplica,No Aplica,No Aplica,VIGENCIA ACTUAL,ENTIDADES DIFERENTES A ENTIDADES TERRITORIALES - GESTION GENERAL,NO DEFINIDO,NO DEFINIDO,DEPORTE Y RECREACION,,,2022,Cuarto Trimestre,eje_gasto,,,,NO APLICA,INGRESOS CORRIENTES DE LIBRE DESTINACION,,,,,,NO APLICA,,,,,,SIN SITUACION DE FONDOS,NO APLICA,NO DEFINIDO,3348736.0,3348736.0,3348736.0
12751922,20220901,220173585,Instituto Purificense para la Recreación y el Deporte,2.1.1.01.01.001.01,SUELDO BASICO,GASTOS,FUNCIONAMIENTO,GASTOS DE PERSONAL,PLANTA DE PERSONAL PERMANENTE,FACTORES CONSTITUTIVOS DE SALARIO,FACTORES SALARIALES COMUNES,SUELDO BASICO,No Aplica,No Aplica,No Aplica,VIGENCIA ACTUAL,ENTIDADES DIFERENTES A ENTIDADES TERRITORIALES - GESTION GENERAL,NO DEFINIDO,NO DEFINIDO,DEPORTE Y RECREACION,,,2022,Tercer Trimestre,eje_gasto,,,,NO APLICA,INGRESOS CORRIENTES DE LIBRE DESTINACION,,,,,,NO APLICA,,,,,,SIN SITUACION DE FONDOS,OTRO,NO DEFINIDO,63298468.0,63298468.0,38754706.0
12767638,20210601,220173585,Instituto Purificense para la Recreación y el Deporte,2.1.5.02,ADQUISICION DE SERVICIOS,GASTOS,FUNCIONAMIENTO,GASTOS DE COMERCIALIZACION Y PRODUCCION,ADQUISICION DE SERVICIOS,No Aplica,No Aplica,No Aplica,No Aplica,No Aplica,No Aplica,VIGENCIA ACTUAL,ENTIDADES DIFERENTES A ENTIDADES TERRITORIALES - GESTION GENERAL,NO DEFINIDO,NO DEFINIDO,NO DEFINIDO,,,2021,Segundo Trimestre,eje_gasto,,,,NO DEFINIDO,NO DEFINIDO,,,,,,NO DEFINIDO,,,,,,NO DEFINIDO,NO DEFINIDO,NO DEFINIDO,3202026.0,3202026.0,2856219.0
12770880,20210601,220173585,Instituto Purificense para la Recreación y el Deporte,2.1.3.13.01.002,CONCILIACIONES,GASTOS,FUNCIONAMIENTO,TRANSFERENCIAS CORRIENTES,SENTENCIAS Y CONCILIACIONES,FALLOS NACIONALES,CONCILIACIONES,No Aplica,No Aplica,No Aplica,No Aplica,VIGENCIA ACTUAL,ENTIDADES DIFERENTES A ENTIDADES TERRITORIALES - GESTION GENERAL,NO DEFINIDO,NO DEFINIDO,DEPORTE Y RECREACION,,,2021,Segundo Trimestre,eje_gasto,,,,NO APLICA,1.2.2.0.00 - INGRESOS CORRIENTES DE DESTINACION ESPECIFICA POR ACTO ADMINISTRATIVO,,,,,,NO APLICA,,,,,,CON SITUACION DE FONDOS,OTRO,NO DEFINIDO,112008616.0,112008616.0,112008616.0
12782138,20210901,220173585,Instituto Purificense para la Recreación y el Deporte,2.1.2.02,ADQUISICIONES DIFERENTES DE ACTIVOS,GASTOS,FUNCIONAMIENTO,ADQUISICION DE BIENES Y SERVICIOS,ADQUISICIONES DIFERENTES DE ACTIVOS,No Aplica,No Aplica,No Aplica,No Aplica,No Aplica,No Aplica,VIGENCIA ACTUAL,ENTIDADES DIFERENTES A ENTIDADES TERRITORIALES - GESTION GENERAL,NO DEFINIDO,NO DEFINIDO,NO DEFINIDO,,,2021,Tercer Trimestre,eje_gasto,,,,NO DEFINIDO,NO DEFINIDO,,,,,,NO DEFINIDO,,,,,,NO DEFINIDO,NO DEFINIDO,NO DEFINIDO,1221600.0,528400.0,528400.0
12800420,20221201,220173585,Instituto Purificense para la Recreación y el Deporte,2.1.1.01.02.005,APORTES GENERALES AL SISTEMA DE RIESGOS LABORALES,GASTOS,FUNCIONAMIENTO,GASTOS DE PERSONAL,PLANTA DE PERSONAL PERMANENTE,CONTRIBUCIONES INHERENTES A LA NOMINA,APORTES GENERALES AL SISTEMA DE RIESGOS LABORALES,No Aplica,No Aplica,No Aplica,No Aplica,VIGENCIA ACTUAL,ENTIDADES DIFERENTES A ENTIDADES TERRITORIALES - GESTION GENERAL,NO DEFINIDO,NO DEFINIDO,DEPORTE Y RECREACION,,,2022,Cuarto Trimestre,eje_gasto,,,,NO APLICA,INGRESOS CORRIENTES DE LIBRE DESTINACION,,,,,,NO APLICA,,,,,,SIN SITUACION DE FONDOS,NO APLICA,NO DEFINIDO,446300.0,446300.0,446300.0
12822919,20230301,220173585,Instituto Purificense para la Recreación y el Deporte,2,GASTOS,GASTOS,No Aplica,No Aplica,No Aplica,No Aplica,No Aplica,No Aplica,No Aplica,No Aplica,No Aplica,VIGENCIA ACTUAL,ENTIDADES DIFERENTES A ENTIDADES TERRITORIALES - GESTION GENERAL,NO DEFINIDO,NO DEFINIDO,NO DEFINIDO,,,2023,Primer Trimestre,eje_gasto,,,,NO DEFINIDO,NO DEFINIDO,,,,,,NO DEFINIDO,,,,,,NO DEFINIDO,NO DEFINIDO,NO DEFINIDO,87199739.0,78699739.0,78699739.0
12843282,20220901,220173585,Instituto Purificense para la Recreación y el Deporte,2.1.1.01.01.001.08,PRESTACIONES SOCIALES,GASTOS,FUNCIONAMIENTO,GASTOS DE PERSONAL,PLANTA DE PERSONAL PERMANENTE,FACTORES CONSTITUTIVOS DE SALARIO,FACTORES SALARIALES COMUNES,PRESTACIONES SOCIALES,No Aplica,No Aplica,No Aplica,VIGENCIA ACTUAL,ENTIDADES DIFERENTES A ENTIDADES TERRITORIALES - GESTION GENERAL,NO DEFINIDO,NO DEFINIDO,NO DEFINIDO,,,2022,Tercer Trimestre,eje_gasto,,,,NO DEFINIDO,NO DEFINIDO,,,,,,NO DEFINIDO,,,,,,NO DEFINIDO,NO DEFINIDO,NO DEFINIDO,3540936.0,3540936.0,3540936.0
12849571,20210301,220173585,Instituto Purificense para la Recreación y el Deporte,2.1.1.02.01.001,FACTORES SALARIALES COMUNES,GASTOS,FUNCIONAMIENTO,GASTOS DE PERSONAL,PERSONAL SUPERNUMERARIO Y PLANTA TEMPORAL,FACTORES CONSTITUTIVOS DE SALARIO,FACTORES SALARIALES COMUNES,No Aplica,No Aplica,No Aplica,No Aplica,VIGENCIA ACTUAL,ENTIDADES DIFERENTES A ENTIDADES TERRITORIALES - GESTION GENERAL,NO DEFINIDO,NO DEFINIDO,NO DEFINIDO,,,2021,Primer Trimestre,eje_gasto,,,,NO DEFINIDO,NO DEFINIDO,,,,,,NO DEFINIDO,,,,,,NO DEFINIDO,NO DEFINIDO,NO DEFINIDO,19716000.0,19716000.0,9858000.0
12854330,20210301,220173585,Instituto Purificense para la Recreación y el Deporte,2.1.1.02.01.001.01,SUELDO BASICO,GASTOS,FUNCIONAMIENTO,GASTOS DE PERSONAL,PERSONAL SUPERNUMERARIO Y PLANTA TEMPORAL,FACTORES CONSTITUTIVOS DE SALARIO,FACTORES SALARIALES COMUNES,SUELDO BASICO,No Aplica,No Aplica,No Aplica,VIGENCIA ACTUAL,ENTIDADES DIFERENTES A ENTIDADES TERRITORIALES - GESTION GENERAL,NO DEFINIDO,NO DEFINIDO,NO DEFINIDO,,,2021,Primer Trimestre,eje_gasto,,,,NO APLICA,1.2.2.0.00 - INGRESOS CORRIENTES DE DESTINACION ESPECIFICA POR ACTO ADMINISTRATIVO,,,,,,NO APLICA,,,,,,SIN SITUACION DE FONDOS,OTRO,NO DEFINIDO,19716000.0,19716000.0,9858000.0
12878908,20221201,220173585,Instituto Purificense para la Recreación y el Deporte,2.1.1.02.01.001.01,SUELDO BASICO,GASTOS,FUNCIONAMIENTO,GASTOS DE PERSONAL,PERSONAL SUPERNUMERARIO Y PLANTA TEMPORAL,FACTORES CONSTITUTIVOS DE SALARIO,FACTORES SALARIALES COMUNES,SUELDO BASICO,No Aplica,No Aplica,No Aplica,VIGENCIA ACTUAL,ENTIDADES DIFERENTES A ENTIDADES TERRITORIALES - GESTION GENERAL,NO DEFINIDO,NO DEFINIDO,DEPORTE Y RECREACION,,,2022,Cuarto Trimestre,eje_gasto,,,,NO APLICA,INGRESOS CORRIENTES DE LIBRE DESTINACION,,,,,,NO APLICA,,,,,,SIN SITUACION DE FONDOS,NO APLICA,NO DEFINIDO,56400000.0,56400000.0,56400000.0
12881357,20210601,220173585,Instituto Purificense para la Recreación y el Deporte,2.1.5.02.09,"SERVICIOS PARA LA COMUNIDAD, SOCIALES Y PERSONALES",GASTOS,FUNCIONAMIENTO,GASTOS DE COMERCIALIZACION Y PRODUCCION,ADQUISICION DE SERVICIOS,"SERVICIOS PARA LA COMUNIDAD, SOCIALES Y PERSONALES",No Aplica,No Aplica,No Aplica,No Aplica,No Aplica,VIGENCIA ACTUAL,ENTIDADES DIFERENTES A ENTIDADES TERRITORIALES - GESTION GENERAL,NO DEFINIDO,NO DEFINIDO,DEPORTE Y RECREACION,,,2021,Segundo Trimestre,eje_gasto,,,,3212899 - PAPELES N.C.P.,1.2.1.0.00 - INGRESOS CORRIENTES DE LIBRE DESTINACION,,,,,,NO APLICA,,,,,,SIN SITUACION DE FONDOS,OTRO,NO DEFINIDO,3202026.0,3202026.0,2856219.0
12922679,20210901,220173585,Instituto Purificense para la Recreación y el Deporte,2.3.1,GASTOS DE PERSONAL,GASTOS,INVERSION,GASTOS DE PERSONAL,No Aplica,No Aplica,No Aplica,No Aplica,No Aplica,No Aplica,No Aplica,VIGENCIA ACTUAL,ENTIDADES DIFERENTES A ENTIDADES TERRITORIALES - GESTION GENERAL,NO DEFINIDO,NO DEFINIDO,NO DEFINIDO,,,2021,Tercer Trimestre,eje_gasto,,,,NO DEFINIDO,NO DEFINIDO,,,,,,NO DEFINIDO,,,,,,NO DEFINIDO,NO DEFINIDO,NO DEFINIDO,178124800.0,150875200.0,0.0
12925312,20211201,220173585,Instituto Purificense para la Recreación y el Deporte,2.1.1.01.02.004,APORTES A CAJAS DE COMPENSACION FAMILIAR,GASTOS,FUNCIONAMIENTO,GASTOS DE PERSONAL,PLANTA DE PERSONAL PERMANENTE,CONTRIBUCIONES INHERENTES A LA NOMINA,APORTES A CAJAS DE COMPENSACION FAMILIAR,No Aplica,No Aplica,No Aplica,No Aplica,VIGENCIA ACTUAL,ENTIDADES DIFERENTES A ENTIDADES TERRITORIALES - GESTION GENERAL,NO DEFINIDO,NO DEFINIDO,DEPORTE Y RECREACION,,,2021,Cuarto Trimestre,eje_gasto,,,,NO APLICA,INGRESOS CORRIENTES DE LIBRE DESTINACION,,,,,,NO APLICA,,,,,,SIN SITUACION DE FONDOS,OTRO,NO DEFINIDO,2562000.0,1537200.0,1537200.0
12927632,20220901,220173585,Instituto Purificense para la Recreación y el Deporte,2.1.1,GASTOS DE PERSONAL,GASTOS,FUNCIONAMIENTO,GASTOS DE PERSONAL,No Aplica,No Aplica,No Aplica,No Aplica,No Aplica,No Aplica,No Aplica,VIGENCIA ACTUAL,ENTIDADES DIFERENTES A ENTIDADES TERRITORIALES - GESTION GENERAL,NO DEFINIDO,NO DEFINIDO,NO DEFINIDO,,,2022,Tercer Trimestre,eje_gasto,,,,NO DEFINIDO,NO DEFINIDO,,,,,,NO DEFINIDO,,,,,,NO DEFINIDO,NO DEFINIDO,NO DEFINIDO,160340723.0,160340723.0,85881250.0
12932997,20220901,220173585,Instituto Purificense para la Recreación y el Deporte,2.1.3.13.01,FALLOS NACIONALES,GASTOS,FUNCIONAMIENTO,TRANSFERENCIAS CORRIENTES,SENTENCIAS Y CONCILIACIONES,FALLOS NACIONALES,No Aplica,No Aplica,No Aplica,No Aplica,No Aplica,VIGENCIA ACTUAL,ENTIDADES DIFERENTES A ENTIDADES TERRITORIALES - GESTION GENERAL,NO DEFINIDO,NO DEFINIDO,NO DEFINIDO,,,2022,Tercer Trimestre,eje_gasto,,,,NO DEFINIDO,NO DEFINIDO,,,,,,NO DEFINIDO,,,,,,NO DEFINIDO,NO DEFINIDO,NO DEFINIDO,70000000.0,70000000.0,0.0
12939974,20220901,220173585,Instituto Purificense para la Recreación y el Deporte,2.1.1.01.01.001,FACTORES SALARIALES COMUNES,GASTOS,FUNCIONAMIENTO,GASTOS DE PERSONAL,PLANTA DE PERSONAL PERMANENTE,FACTORES CONSTITUTIVOS DE SALARIO,FACTORES SALARIALES COMUNES,No Aplica,No Aplica,No Aplica,No Aplica,VIGENCIA ACTUAL,ENTIDADES DIFERENTES A ENTIDADES TERRITORIALES - GESTION GENERAL,NO DEFINIDO,NO DEFINIDO,NO DEFINIDO,,,2022,Tercer Trimestre,eje_gasto,,,,NO DEFINIDO,NO DEFINIDO,,,,,,NO DEFINIDO,,,,,,NO DEFINIDO,NO DEFINIDO,NO DEFINIDO,70388140.0,70388140.0,42295642.0
12941162,20210901,220173585,Instituto Purificense para la Recreación y el Deporte,2.1.1.01.02.002,APORTES A LA SEGURIDAD SOCIAL EN SALUD,GASTOS,FUNCIONAMIENTO,GASTOS DE PERSONAL,PLANTA DE PERSONAL PERMANENTE,CONTRIBUCIONES INHERENTES A LA NOMINA,APORTES A LA SEGURIDAD SOCIAL EN SALUD,No Aplica,No Aplica,No Aplica,No Aplica,VIGENCIA ACTUAL,ENTIDADES DIFERENTES A ENTIDADES TERRITORIALES - GESTION GENERAL,NO DEFINIDO,NO DEFINIDO,DEPORTE Y RECREACION,,,2021,Tercer Trimestre,eje_gasto,,,,NO APLICA,1.2.1.0.00 - INGRESOS CORRIENTES DE LIBRE DESTINACION,,,,,,NO APLICA,,,,,,SIN SITUACION DE FONDOS,OTRO,NO DEFINIDO,4208248.0,2790803.0,2790803.0
12943218,20220901,220173585,Instituto Purificense para la Recreación y el Deporte,2.1.1.01.02.006,APORTES AL ICBF,GASTOS,FUNCIONAMIENTO,GASTOS DE PERSONAL,PLANTA DE PERSONAL PERMANENTE,CONTRIBUCIONES INHERENTES A LA NOMINA,APORTES AL ICBF,No Aplica,No Aplica,No Aplica,No Aplica,VIGENCIA ACTUAL,ENTIDADES DIFERENTES A ENTIDADES TERRITORIALES - GESTION GENERAL,NO DEFINIDO,NO DEFINIDO,DEPORTE Y RECREACION,,,2022,Tercer Trimestre,eje_gasto,,,,NO APLICA,INGRESOS CORRIENTES DE LIBRE DESTINACION,,,,,,NO APLICA,,,,,,SIN SITUACION DE FONDOS,OTRO,NO DEFINIDO,2070600.0,2070600.0,841600.0
12943614,20230601,220173585,Instituto Purificense para la Recreación y el Deporte,2.1,FUNCIONAMIENTO,GASTOS,FUNCIONAMIENTO,No Aplica,No Aplica,No Aplica,No Aplica,No Aplica,No Aplica,No Aplica,No Aplica,VIGENCIA ACTUAL,ENTIDADES DIFERENTES A ENTIDADES TERRITORIALES - GESTION GENERAL,NO DEFINIDO,NO DEFINIDO,NO DEFINIDO,,,2023,Segundo Trimestre,eje_gasto,,,,NO DEFINIDO,NO DEFINIDO,,,,,,NO DEFINIDO,,,,,,NO DEFINIDO,NO DEFINIDO,NO DEFINIDO,163697251.0,67879504.0,67879504.0
12948899,20220901,220173585,Instituto Purificense para la Recreación y el Deporte,2.1.1.01.02,CONTRIBUCIONES INHERENTES A LA NOMINA,GASTOS,FUNCIONAMIENTO,GASTOS DE PERSONAL,PLANTA DE PERSONAL PERMANENTE,CONTRIBUCIONES INHERENTES A LA NOMINA,No Aplica,No Aplica,No Aplica,No Aplica,No Aplica,VIGENCIA ACTUAL,ENTIDADES DIFERENTES A ENTIDADES TERRITORIALES - GESTION GENERAL,NO DEFINIDO,NO DEFINIDO,NO DEFINIDO,,,2022,Tercer Trimestre,eje_gasto,,,,NO DEFINIDO,NO DEFINIDO,,,,,,NO DEFINIDO,,,,,,NO DEFINIDO,NO DEFINIDO,NO DEFINIDO,29120879.0,29120879.0,16553904.0
12949175,20220901,220173585,Instituto Purificense para la Recreación y el Deporte,2.1.1.01.02.003,APORTES DE CESANTIAS,GASTOS,FUNCIONAMIENTO,GASTOS DE PERSONAL,PLANTA DE PERSONAL PERMANENTE,CONTRIBUCIONES INHERENTES A LA NOMINA,APORTES DE CESANTIAS,No Aplica,No Aplica,No Aplica,No Aplica,VIGENCIA ACTUAL,ENTIDADES DIFERENTES A ENTIDADES TERRITORIALES - GESTION GENERAL,NO DEFINIDO,NO DEFINIDO,DEPORTE Y RECREACION,,,2022,Tercer Trimestre,eje_gasto,,,,NO APLICA,INGRESOS CORRIENTES DE LIBRE DESTINACION,,,,,,NO APLICA,,,,,,SIN SITUACION DE FONDOS,OTRO,NO DEFINIDO,8705343.0,8705343.0,8705343.0
12957620,20210901,220173585,Instituto Purificense para la Recreación y el Deporte,2.1.2,ADQUISICION DE BIENES Y SERVICIOS,GASTOS,FUNCIONAMIENTO,ADQUISICION DE BIENES Y SERVICIOS,No Aplica,No Aplica,No Aplica,No Aplica,No Aplica,No Aplica,No Aplica,VIGENCIA ACTUAL,ENTIDADES DIFERENTES A ENTIDADES TERRITORIALES - GESTION GENERAL,NO DEFINIDO,NO DEFINIDO,NO DEFINIDO,,,2021,Tercer Trimestre,eje_gasto,,,,NO DEFINIDO,NO DEFINIDO,,,,,,NO DEFINIDO,,,,,,NO DEFINIDO,NO DEFINIDO,NO DEFINIDO,8332572.0,533917.0,533917.0
12964080,20210601,220173585,Instituto Purificense para la Recreación y el Deporte,2.1.1.01.01.001.08.02,PRIMA DE VACACIONES,GASTOS,FUNCIONAMIENTO,GASTOS DE PERSONAL,PLANTA DE PERSONAL PERMANENTE,FACTORES CONSTITUTIVOS DE SALARIO,FACTORES SALARIALES COMUNES,PRESTACIONES SOCIALES,PRIMA DE VACACIONES,No Aplica,No Aplica,VIGENCIA ACTUAL,ENTIDADES DIFERENTES A ENTIDADES TERRITORIALES - GESTION GENERAL,NO DEFINIDO,NO DEFINIDO,DEPORTE Y RECREACION,,,2021,Segundo Trimestre,eje_gasto,,,,NO APLICA,1.2.1.0.00 - INGRESOS CORRIENTES DE LIBRE DESTINACION,,,,,,NO APLICA,,,,,,SIN SITUACION DE FONDOS,OTRO,NO DEFINIDO,2724364.0,2724364.0,1203939.0
12974003,20220601,220173585,Instituto Purificense para la Recreación y el Deporte,2.3.1,GASTOS DE PERSONAL,GASTOS,INVERSION,GASTOS DE PERSONAL,No Aplica,No Aplica,No Aplica,No Aplica,No Aplica,No Aplica,No Aplica,VIGENCIA ACTUAL,ENTIDADES DIFERENTES A ENTIDADES TERRITORIALES - GESTION GENERAL,NO DEFINIDO,NO DEFINIDO,NO DEFINIDO,,,2022,Segundo Trimestre,eje_gasto,,,,NO DEFINIDO,NO DEFINIDO,,,,,,NO DEFINIDO,,,,,,NO DEFINIDO,NO DEFINIDO,NO DEFINIDO,101099041.0,101099041.0,32164041.0
12974142,20230601,220173585,Instituto Purificense para la Recreación y el Deporte,2.1.1.01.02.006,APORTES AL ICBF,GASTOS,FUNCIONAMIENTO,GASTOS DE PERSONAL,PLANTA DE PERSONAL PERMANENTE,CONTRIBUCIONES INHERENTES A LA NOMINA,APORTES AL ICBF,No Aplica,No Aplica,No Aplica,No Aplica,VIGENCIA ACTUAL,ENTIDADES DIFERENTES A ENTIDADES TERRITORIALES - GESTION GENERAL,NO DEFINIDO,NO DEFINIDO,DEPORTE Y RECREACION,,,2023,Segundo Trimestre,eje_gasto,,,,NO APLICA,INGRESOS CORRIENTES DE DESTINACION ESPECIFICA POR ACTO ADMINISTRATIVO,,,,,,NO APLICA,,,,,,SIN SITUACION DE FONDOS,NO APLICA,NO DEFINIDO,1369700.0,281900.0,281900.0
12977031,20220301,220173585,Instituto Purificense para la Recreación y el Deporte,2.1.3.13.01,FALLOS NACIONALES,GASTOS,FUNCIONAMIENTO,TRANSFERENCIAS CORRIENTES,SENTENCIAS Y CONCILIACIONES,FALLOS NACIONALES,No Aplica,No Aplica,No Aplica,No Aplica,No Aplica,VIGENCIA ACTUAL,ENTIDADES DIFERENTES A ENTIDADES TERRITORIALES - GESTION GENERAL,NO DEFINIDO,NO DEFINIDO,NO DEFINIDO,,,2022,Primer Trimestre,eje_gasto,,,,NO DEFINIDO,NO DEFINIDO,,,,,,NO DEFINIDO,,,,,,NO DEFINIDO,NO DEFINIDO,NO DEFINIDO,70000000.0,70000000.0,70000000.0
12979402,20230601,220173585,Instituto Purificense para la Recreación y el Deporte,2.3.1.01.01.001.01,SUELDO BASICO,GASTOS,INVERSION,GASTOS DE PERSONAL,PLANTA DE PERSONAL PERMANENTE,FACTORES CONSTITUTIVOS DE SALARIO,FACTORES SALARIALES COMUNES,SUELDO BASICO,No Aplica,No Aplica,No Aplica,VIGENCIA ACTUAL,ENTIDADES DIFERENTES A ENTIDADES TERRITORIALES - GESTION GENERAL,NO DEFINIDO,NO DEFINIDO,NO APLICA,,,2023,Segundo Trimestre,eje_gasto,,,,NO APLICA,INGRESOS CORRIENTES DE DESTINACION ESPECIFICA POR ACTO ADMINISTRATIVO,,,,,,NO APLICA,,,,,,SIN SITUACION DE FONDOS,NO APLICA,NO DEFINIDO,205024990.0,119634291.0,119634291.0
12988380,20211201,220173585,Instituto Purificense para la Recreación y el Deporte,2.1.1.01.03.001.01,VACACIONES,GASTOS,FUNCIONAMIENTO,GASTOS DE PERSONAL,PLANTA DE PERSONAL PERMANENTE,REMUNERACIONES NO CONSTITUTIVAS DE FACTOR SALARIAL,PRESTACIONES SOCIALES,VACACIONES,No Aplica,No Aplica,No Aplica,VIGENCIA ACTUAL,ENTIDADES DIFERENTES A ENTIDADES TERRITORIALES - GESTION GENERAL,NO DEFINIDO,NO DEFINIDO,NO APLICA,,,2021,Cuarto Trimestre,eje_gasto,,,,NO APLICA,INGRESOS CORRIENTES DE LIBRE DESTINACION,,,,,,NO APLICA,,,,,,SIN SITUACION DE FONDOS,OTRO,NO DEFINIDO,4811571.0,1524217.0,1524217.0
12989330,20230601,220173585,Instituto Purificense para la Recreación y el Deporte,2.1.1.01.01,FACTORES CONSTITUTIVOS DE SALARIO,GASTOS,FUNCIONAMIENTO,GASTOS DE PERSONAL,PLANTA DE PERSONAL PERMANENTE,FACTORES CONSTITUTIVOS DE SALARIO,No Aplica,No Aplica,No Aplica,No Aplica,No Aplica,VIGENCIA ACTUAL,ENTIDADES DIFERENTES A ENTIDADES TERRITORIALES - GESTION GENERAL,NO DEFINIDO,NO DEFINIDO,NO DEFINIDO,,,2023,Segundo Trimestre,eje_gasto,,,,NO DEFINIDO,NO DEFINIDO,,,,,,NO DEFINIDO,,,,,,NO DEFINIDO,NO DEFINIDO,NO DEFINIDO,63235364.0,27192548.0,27192548.0
12989721,20210901,220173585,Instituto Purificense para la Recreación y el Deporte,2.3,INVERSION,GASTOS,INVERSION,No Aplica,No Aplica,No Aplica,No Aplica,No Aplica,No Aplica,No Aplica,No Aplica,VIGENCIA ACTUAL,ENTIDADES DIFERENTES A ENTIDADES TERRITORIALES - GESTION GENERAL,NO DEFINIDO,NO DEFINIDO,NO DEFINIDO,,,2021,Tercer Trimestre,eje_gasto,,,,NO DEFINIDO,NO DEFINIDO,,,,,,NO DEFINIDO,,,,,,NO DEFINIDO,NO DEFINIDO,NO DEFINIDO,178126800.0,150877200.0,0.0
12995579,20210901,220173585,Instituto Purificense para la Recreación y el Deporte,2.1.1.01.01.001,FACTORES SALARIALES COMUNES,GASTOS,FUNCIONAMIENTO,GASTOS DE PERSONAL,PLANTA DE PERSONAL PERMANENTE,FACTORES CONSTITUTIVOS DE SALARIO,FACTORES SALARIALES COMUNES,No Aplica,No Aplica,No Aplica,No Aplica,VIGENCIA ACTUAL,ENTIDADES DIFERENTES A ENTIDADES TERRITORIALES - GESTION GENERAL,NO DEFINIDO,NO DEFINIDO,NO DEFINIDO,,,2021,Tercer Trimestre,eje_gasto,,,,NO DEFINIDO,NO DEFINIDO,,,,,,NO DEFINIDO,,,,,,NO DEFINIDO,NO DEFINIDO,NO DEFINIDO,75413293.0,28401655.0,7984143.0
13005309,20230301,220173585,Instituto Purificense para la Recreación y el Deporte,2.1.2.02,ADQUISICIONES DIFERENTES DE ACTIVOS,GASTOS,FUNCIONAMIENTO,ADQUISICION DE BIENES Y SERVICIOS,ADQUISICIONES DIFERENTES DE ACTIVOS,No Aplica,No Aplica,No Aplica,No Aplica,No Aplica,No Aplica,VIGENCIA ACTUAL,ENTIDADES DIFERENTES A ENTIDADES TERRITORIALES - GESTION GENERAL,NO DEFINIDO,NO DEFINIDO,NO DEFINIDO,,,2023,Primer Trimestre,eje_gasto,,,,NO DEFINIDO,NO DEFINIDO,,,,,,NO DEFINIDO,,,,,,NO DEFINIDO,NO DEFINIDO,NO DEFINIDO,13524937.0,13524937.0,13524937.0
13006421,20220301,220173585,Instituto Purificense para la Recreación y el Deporte,2.1.5,GASTOS DE COMERCIALIZACION Y PRODUCCION,GASTOS,FUNCIONAMIENTO,GASTOS DE COMERCIALIZACION Y PRODUCCION,No Aplica,No Aplica,No Aplica,No Aplica,No Aplica,No Aplica,No Aplica,VIGENCIA ACTUAL,ENTIDADES DIFERENTES A ENTIDADES TERRITORIALES - GESTION GENERAL,NO DEFINIDO,NO DEFINIDO,NO DEFINIDO,,,2022,Primer Trimestre,eje_gasto,,,,NO DEFINIDO,NO DEFINIDO,,,,,,NO DEFINIDO,,,,,,NO DEFINIDO,NO DEFINIDO,NO DEFINIDO,185361.0,135709.0,135709.0
13013846,20210301,220173585,Instituto Purificense para la Recreación y el Deporte,2.1.1.01.01.001.08,PRESTACIONES SOCIALES,GASTOS,FUNCIONAMIENTO,GASTOS DE PERSONAL,PLANTA DE PERSONAL PERMANENTE,FACTORES CONSTITUTIVOS DE SALARIO,FACTORES SALARIALES COMUNES,PRESTACIONES SOCIALES,No Aplica,No Aplica,No Aplica,VIGENCIA ACTUAL,ENTIDADES DIFERENTES A ENTIDADES TERRITORIALES - GESTION GENERAL,NO DEFINIDO,NO DEFINIDO,NO DEFINIDO,,,2021,Primer Trimestre,eje_gasto,,,,NO DEFINIDO,NO DEFINIDO,,,,,,NO DEFINIDO,,,,,,NO DEFINIDO,NO DEFINIDO,NO DEFINIDO,1203329.0,1203329.0,1203329.0
13016397,20210301,220173585,Instituto Purificense para la Recreación y el Deporte,2.1,FUNCIONAMIENTO,GASTOS,FUNCIONAMIENTO,No Aplica,No Aplica,No Aplica,No Aplica,No Aplica,No Aplica,No Aplica,No Aplica,VIGENCIA ACTUAL,ENTIDADES DIFERENTES A ENTIDADES TERRITORIALES - GESTION GENERAL,NO DEFINIDO,NO DEFINIDO,NO DEFINIDO,,,2021,Primer Trimestre,eje_gasto,,,,NO DEFINIDO,NO DEFINIDO,,,,,,NO DEFINIDO,,,,,,NO DEFINIDO,NO DEFINIDO,NO DEFINIDO,175037605.0,175037605.0,157162571.0
13022133,20210301,220173585,Instituto Purificense para la Recreación y el Deporte,2.1.1.01,PLANTA DE PERSONAL PERMANENTE,GASTOS,FUNCIONAMIENTO,GASTOS DE PERSONAL,PLANTA DE PERSONAL PERMANENTE,No Aplica,No Aplica,No Aplica,No Aplica,No Aplica,No Aplica,VIGENCIA ACTUAL,ENTIDADES DIFERENTES A ENTIDADES TERRITORIALES - GESTION GENERAL,NO DEFINIDO,NO DEFINIDO,NO DEFINIDO,,,2021,Primer Trimestre,eje_gasto,,,,NO DEFINIDO,NO DEFINIDO,,,,,,NO DEFINIDO,,,,,,NO DEFINIDO,NO DEFINIDO,NO DEFINIDO,37213263.0,37213263.0,35327201.0
13025600,20210601,220173585,Instituto Purificense para la Recreación y el Deporte,2.1.2.02.02.008,SERVICIOS PRESTADOS A LAS EMPRESAS Y SERVICIOS DE PRODUCCION,GASTOS,FUNCIONAMIENTO,ADQUISICION DE BIENES Y SERVICIOS,ADQUISICIONES DIFERENTES DE ACTIVOS,ADQUISICION DE SERVICIOS,SERVICIOS PRESTADOS A LAS EMPRESAS Y SERVICIOS DE PRODUCCION,No Aplica,No Aplica,No Aplica,No Aplica,VIGENCIA ACTUAL,ENTIDADES DIFERENTES A ENTIDADES TERRITORIALES - GESTION GENERAL,NO DEFINIDO,NO DEFINIDO,DEPORTE Y RECREACION,,,2021,Segundo Trimestre,eje_gasto,,,,"32141 - PAPELES Y CARTONES MIXTOS, NO REVESTIDOS EN LA SUPERFICIE NI IMPREGNADOS",1.2.2.0.00 - INGRESOS CORRIENTES DE DESTINACION ESPECIFICA POR ACTO ADMINISTRATIVO,,,,,,NO APLICA,,,,,,SIN SITUACION DE FONDOS,OTRO,NO DEFINIDO,1038000.0,1038000.0,538000.0
13032095,20211201,220173585,Instituto Purificense para la Recreación y el Deporte,2.3,INVERSION,GASTOS,INVERSION,No Aplica,No Aplica,No Aplica,No Aplica,No Aplica,No Aplica,No Aplica,No Aplica,VIGENCIA ACTUAL,ENTIDADES DIFERENTES A ENTIDADES TERRITORIALES - GESTION GENERAL,NO DEFINIDO,NO DEFINIDO,NO DEFINIDO,,,2021,Cuarto Trimestre,eje_gasto,,,,NO DEFINIDO,NO DEFINIDO,,,,,,NO DEFINIDO,,,,,,NO DEFINIDO,NO DEFINIDO,NO DEFINIDO,217237905.0,43500000.0,43500000.0
13033593,20210901,220173585,Instituto Purificense para la Recreación y el Deporte,2,GASTOS,GASTOS,No Aplica,No Aplica,No Aplica,No Aplica,No Aplica,No Aplica,No Aplica,No Aplica,No Aplica,VIGENCIA ACTUAL,ENTIDADES DIFERENTES A ENTIDADES TERRITORIALES - GESTION GENERAL,NO DEFINIDO,NO DEFINIDO,NO DEFINIDO,,,2021,Tercer Trimestre,eje_gasto,,,,NO DEFINIDO,NO DEFINIDO,,,,,,NO DEFINIDO,,,,,,NO DEFINIDO,NO DEFINIDO,NO DEFINIDO,449564342.0,235271830.0,63977118.0
13038881,20221201,220173585,Instituto Purificense para la Recreación y el Deporte,2.3.1.01.01.001,FACTORES SALARIALES COMUNES,GASTOS,INVERSION,GASTOS DE PERSONAL,PLANTA DE PERSONAL PERMANENTE,FACTORES CONSTITUTIVOS DE SALARIO,FACTORES SALARIALES COMUNES,No Aplica,No Aplica,No Aplica,No Aplica,VIGENCIA ACTUAL,ENTIDADES DIFERENTES A ENTIDADES TERRITORIALES - GESTION GENERAL,NO DEFINIDO,NO DEFINIDO,NO DEFINIDO,,,2022,Cuarto Trimestre,eje_gasto,,,,NO DEFINIDO,NO DEFINIDO,,,,,,NO DEFINIDO,,,,,,NO DEFINIDO,NO DEFINIDO,NO DEFINIDO,268142758.0,268142758.0,268142758.0
13044386,20211201,220173585,Instituto Purificense para la Recreación y el Deporte,2.1.2.02,ADQUISICIONES DIFERENTES DE ACTIVOS,GASTOS,FUNCIONAMIENTO,ADQUISICION DE BIENES Y SERVICIOS,ADQUISICIONES DIFERENTES DE ACTIVOS,No Aplica,No Aplica,No Aplica,No Aplica,No Aplica,No Aplica,VIGENCIA ACTUAL,ENTIDADES DIFERENTES A ENTIDADES TERRITORIALES - GESTION GENERAL,NO DEFINIDO,NO DEFINIDO,NO DEFINIDO,,,2021,Cuarto Trimestre,eje_gasto,,,,NO DEFINIDO,NO DEFINIDO,,,,,,NO DEFINIDO,,,,,,NO DEFINIDO,NO DEFINIDO,NO DEFINIDO,1221600.0,538000.0,538000.0
13050778,20211201,220173585,Instituto Purificense para la Recreación y el Deporte,2.1.1.01.02,CONTRIBUCIONES INHERENTES A LA NOMINA,GASTOS,FUNCIONAMIENTO,GASTOS DE PERSONAL,PLANTA DE PERSONAL PERMANENTE,CONTRIBUCIONES INHERENTES A LA NOMINA,No Aplica,No Aplica,No Aplica,No Aplica,No Aplica,VIGENCIA ACTUAL,ENTIDADES DIFERENTES A ENTIDADES TERRITORIALES - GESTION GENERAL,NO DEFINIDO,NO DEFINIDO,NO DEFINIDO,,,2021,Cuarto Trimestre,eje_gasto,,,,NO DEFINIDO,NO DEFINIDO,,,,,,NO DEFINIDO,,,,,,NO DEFINIDO,NO DEFINIDO,NO DEFINIDO,28457383.0,19291873.0,19291873.0
13050835,20210601,220173585,Instituto Purificense para la Recreación y el Deporte,2.1.2.01,ADQUISICION DE ACTIVOS NO FINANCIEROS,GASTOS,FUNCIONAMIENTO,ADQUISICION DE BIENES Y SERVICIOS,ADQUISICION DE ACTIVOS NO FINANCIEROS,No Aplica,No Aplica,No Aplica,No Aplica,No Aplica,No Aplica,VIGENCIA ACTUAL,ENTIDADES DIFERENTES A ENTIDADES TERRITORIALES - GESTION GENERAL,NO DEFINIDO,NO DEFINIDO,NO DEFINIDO,,,2021,Segundo Trimestre,eje_gasto,,,,NO DEFINIDO,NO DEFINIDO,,,,,,NO DEFINIDO,,,,,,NO DEFINIDO,NO DEFINIDO,NO DEFINIDO,6620972.0,6620972.0,0.0
13051662,20220301,220173585,Instituto Purificense para la Recreación y el Deporte,2.1.2,ADQUISICION DE BIENES Y SERVICIOS,GASTOS,FUNCIONAMIENTO,ADQUISICION DE BIENES Y SERVICIOS,No Aplica,No Aplica,No Aplica,No Aplica,No Aplica,No Aplica,No Aplica,VIGENCIA ACTUAL,ENTIDADES DIFERENTES A ENTIDADES TERRITORIALES - GESTION GENERAL,NO DEFINIDO,NO DEFINIDO,NO DEFINIDO,,,2022,Primer Trimestre,eje_gasto,,,,NO DEFINIDO,NO DEFINIDO,,,,,,NO DEFINIDO,,,,,,NO DEFINIDO,NO DEFINIDO,NO DEFINIDO,30000000.0,30000000.0,30000000.0
13054881,20220301,220173585,Instituto Purificense para la Recreación y el Deporte,2.1.1.02.01,FACTORES CONSTITUTIVOS DE SALARIO,GASTOS,FUNCIONAMIENTO,GASTOS DE PERSONAL,PERSONAL SUPERNUMERARIO Y PLANTA TEMPORAL,FACTORES CONSTITUTIVOS DE SALARIO,No Aplica,No Aplica,No Aplica,No Aplica,No Aplica,VIGENCIA ACTUAL,ENTIDADES DIFERENTES A ENTIDADES TERRITORIALES - GESTION GENERAL,NO DEFINIDO,NO DEFINIDO,NO DEFINIDO,,,2022,Primer Trimestre,eje_gasto,,,,NO DEFINIDO,NO DEFINIDO,,,,,,NO DEFINIDO,,,,,,NO DEFINIDO,NO DEFINIDO,NO DEFINIDO,26400000.0,26400000.0,26400000.0
13058883,20220601,220173585,Instituto Purificense para la Recreación y el Deporte,2.1.2.02,ADQUISICIONES DIFERENTES DE ACTIVOS,GASTOS,FUNCIONAMIENTO,ADQUISICION DE BIENES Y SERVICIOS,ADQUISICIONES DIFERENTES DE ACTIVOS,No Aplica,No Aplica,No Aplica,No Aplica,No Aplica,No Aplica,VIGENCIA ACTUAL,ENTIDADES DIFERENTES A ENTIDADES TERRITORIALES - GESTION GENERAL,NO DEFINIDO,NO DEFINIDO,NO DEFINIDO,,,2022,Segundo Trimestre,eje_gasto,,,,NO DEFINIDO,NO DEFINIDO,,,,,,NO DEFINIDO,,,,,,NO DEFINIDO,NO DEFINIDO,NO DEFINIDO,31218641.0,31218641.0,5885361.0
13078106,20230601,220173585,Instituto Purificense para la Recreación y el Deporte,2.3.1.01,PLANTA DE PERSONAL PERMANENTE,GASTOS,INVERSION,GASTOS DE PERSONAL,PLANTA DE PERSONAL PERMANENTE,No Aplica,No Aplica,No Aplica,No Aplica,No Aplica,No Aplica,VIGENCIA ACTUAL,ENTIDADES DIFERENTES A ENTIDADES TERRITORIALES - GESTION GENERAL,NO DEFINIDO,NO DEFINIDO,NO DEFINIDO,,,2023,Segundo Trimestre,eje_gasto,,,,NO DEFINIDO,NO DEFINIDO,,,,,,NO DEFINIDO,,,,,,NO DEFINIDO,NO DEFINIDO,NO DEFINIDO,205024990.0,119634291.0,119634291.0
13079153,20210301,220173585,Instituto Purificense para la Recreación y el Deporte,2.1.2.01.01.003.03,"MAQUINARIA DE OFICINA, CONTABILIDAD E INFORMATICA",GASTOS,FUNCIONAMIENTO,ADQUISICION DE BIENES Y SERVICIOS,ADQUISICION DE ACTIVOS NO FINANCIEROS,ACTIVOS FIJOS,MAQUINARIA Y EQUIPO,"MAQUINARIA DE OFICINA, CONTABILIDAD E INFORMATICA",No Aplica,No Aplica,No Aplica,VIGENCIA ACTUAL,ENTIDADES DIFERENTES A ENTIDADES TERRITORIALES - GESTION GENERAL,NO DEFINIDO,NO DEFINIDO,NO DEFINIDO,,,2021,Primer Trimestre,eje_gasto,,,,NO DEFINIDO,NO DEFINIDO,,,,,,NO DEFINIDO,,,,,,NO DEFINIDO,NO DEFINIDO,NO DEFINIDO,6668972.0,6668972.0,538000.0
13094566,20210301,220173585,Instituto Purificense para la Recreación y el Deporte,2.1.1.01.02.001,APORTES A LA SEGURIDAD SOCIAL EN PENSIONES,GASTOS,FUNCIONAMIENTO,GASTOS DE PERSONAL,PLANTA DE PERSONAL PERMANENTE,CONTRIBUCIONES INHERENTES A LA NOMINA,APORTES A LA SEGURIDAD SOCIAL EN PENSIONES,No Aplica,No Aplica,No Aplica,No Aplica,VIGENCIA ACTUAL,ENTIDADES DIFERENTES A ENTIDADES TERRITORIALES - GESTION GENERAL,NO DEFINIDO,NO DEFINIDO,NO DEFINIDO,,,2021,Primer Trimestre,eje_gasto,,,,NO APLICA,1.1.0.0.00 - DISPONIBILIDAD INICIAL,,,,,,NO APLICA,,,,,,SIN SITUACION DE FONDOS,OTRO,NO DEFINIDO,2250393.0,2250393.0,1500262.0
13099432,20220301,220173585,Instituto Purificense para la Recreación y el Deporte,2.1.1.01.01.001.08.02,PRIMA DE VACACIONES,GASTOS,FUNCIONAMIENTO,GASTOS DE PERSONAL,PLANTA DE PERSONAL PERMANENTE,FACTORES CONSTITUTIVOS DE SALARIO,FACTORES SALARIALES COMUNES,PRESTACIONES SOCIALES,PRIMA DE VACACIONES,No Aplica,No Aplica,VIGENCIA ACTUAL,ENTIDADES DIFERENTES A ENTIDADES TERRITORIALES - GESTION GENERAL,NO DEFINIDO,NO DEFINIDO,DEPORTE Y RECREACION,,,2022,Primer Trimestre,eje_gasto,,,,NO APLICA,INGRESOS CORRIENTES DE LIBRE DESTINACION,,,,,,NO APLICA,,,,,,SIN SITUACION DE FONDOS,OTRO,NO DEFINIDO,2217751.0,2217751.0,2217751.0
13099636,20210601,220173585,Instituto Purificense para la Recreación y el Deporte,2.1.1.01.01.001,FACTORES SALARIALES COMUNES,GASTOS,FUNCIONAMIENTO,GASTOS DE PERSONAL,PLANTA DE PERSONAL PERMANENTE,FACTORES CONSTITUTIVOS DE SALARIO,FACTORES SALARIALES COMUNES,No Aplica,No Aplica,No Aplica,No Aplica,VIGENCIA ACTUAL,ENTIDADES DIFERENTES A ENTIDADES TERRITORIALES - GESTION GENERAL,NO DEFINIDO,NO DEFINIDO,NO DEFINIDO,,,2021,Segundo Trimestre,eje_gasto,,,,NO DEFINIDO,NO DEFINIDO,,,,,,NO DEFINIDO,,,,,,NO DEFINIDO,NO DEFINIDO,NO DEFINIDO,43010777.0,43010777.0,34539209.0
13100374,20220601,220173585,Instituto Purificense para la Recreación y el Deporte,2.1.1.01.02.003,APORTES DE CESANTIAS,GASTOS,FUNCIONAMIENTO,GASTOS DE PERSONAL,PLANTA DE PERSONAL PERMANENTE,CONTRIBUCIONES INHERENTES A LA NOMINA,APORTES DE CESANTIAS,No Aplica,No Aplica,No Aplica,No Aplica,VIGENCIA ACTUAL,ENTIDADES DIFERENTES A ENTIDADES TERRITORIALES - GESTION GENERAL,NO DEFINIDO,NO DEFINIDO,DEPORTE Y RECREACION,,,2022,Segundo Trimestre,eje_gasto,,,,NO APLICA,INGRESOS CORRIENTES DE LIBRE DESTINACION,,,,,,NO APLICA,,,,,,SIN SITUACION DE FONDOS,NO APLICA,NO DEFINIDO,8705343.0,8705343.0,8705343.0
13103515,20211201,220173585,Instituto Purificense para la Recreación y el Deporte,2.3.1.01,PLANTA DE PERSONAL PERMANENTE,GASTOS,INVERSION,GASTOS DE PERSONAL,PLANTA DE PERSONAL PERMANENTE,No Aplica,No Aplica,No Aplica,No Aplica,No Aplica,No Aplica,VIGENCIA ACTUAL,ENTIDADES DIFERENTES A ENTIDADES TERRITORIALES - GESTION GENERAL,NO DEFINIDO,NO DEFINIDO,NO DEFINIDO,,,2021,Cuarto Trimestre,eje_gasto,,,,NO DEFINIDO,NO DEFINIDO,,,,,,NO DEFINIDO,,,,,,NO DEFINIDO,NO DEFINIDO,NO DEFINIDO,217237905.0,43500000.0,43500000.0
13122180,20220601,220173585,Instituto Purificense para la Recreación y el Deporte,2.1.1.01.03.001,PRESTACIONES SOCIALES,GASTOS,FUNCIONAMIENTO,GASTOS DE PERSONAL,PLANTA DE PERSONAL PERMANENTE,REMUNERACIONES NO CONSTITUTIVAS DE FACTOR SALARIAL,PRESTACIONES SOCIALES,No Aplica,No Aplica,No Aplica,No Aplica,VIGENCIA ACTUAL,ENTIDADES DIFERENTES A ENTIDADES TERRITORIALES - GESTION GENERAL,NO DEFINIDO,NO DEFINIDO,NO DEFINIDO,,,2022,Segundo Trimestre,eje_gasto,,,,NO DEFINIDO,NO DEFINIDO,,,,,,NO DEFINIDO,,,,,,NO DEFINIDO,NO DEFINIDO,NO DEFINIDO,4431704.0,4431704.0,2755670.0
13137123,20221201,220173585,Instituto Purificense para la Recreación y el Deporte,2.1.2.02.02,ADQUISICION DE SERVICIOS,GASTOS,FUNCIONAMIENTO,ADQUISICION DE BIENES Y SERVICIOS,ADQUISICIONES DIFERENTES DE ACTIVOS,ADQUISICION DE SERVICIOS,No Aplica,No Aplica,No Aplica,No Aplica,No Aplica,VIGENCIA ACTUAL,ENTIDADES DIFERENTES A ENTIDADES TERRITORIALES - GESTION GENERAL,NO DEFINIDO,NO DEFINIDO,NO DEFINIDO,,,2022,Cuarto Trimestre,eje_gasto,,,,NO DEFINIDO,NO DEFINIDO,,,,,,NO DEFINIDO,,,,,,NO DEFINIDO,NO DEFINIDO,NO DEFINIDO,14471612.0,14471612.0,14471612.0
13141643,20230301,220173585,Instituto Purificense para la Recreación y el Deporte,2.1.1.01.01.001.08,PRESTACIONES SOCIALES,GASTOS,FUNCIONAMIENTO,GASTOS DE PERSONAL,PLANTA DE PERSONAL PERMANENTE,FACTORES CONSTITUTIVOS DE SALARIO,FACTORES SALARIALES COMUNES,PRESTACIONES SOCIALES,No Aplica,No Aplica,No Aplica,VIGENCIA ACTUAL,ENTIDADES DIFERENTES A ENTIDADES TERRITORIALES - GESTION GENERAL,NO DEFINIDO,NO DEFINIDO,NO DEFINIDO,,,2023,Primer Trimestre,eje_gasto,,,,NO DEFINIDO,NO DEFINIDO,,,,,,NO DEFINIDO,,,,,,NO DEFINIDO,NO DEFINIDO,NO DEFINIDO,4610860.0,4610860.0,4610860.0
13162154,20220901,220173585,Instituto Purificense para la Recreación y el Deporte,2.1.1.02,PERSONAL SUPERNUMERARIO Y PLANTA TEMPORAL,GASTOS,FUNCIONAMIENTO,GASTOS DE PERSONAL,PERSONAL SUPERNUMERARIO Y PLANTA TEMPORAL,No Aplica,No Aplica,No Aplica,No Aplica,No Aplica,No Aplica,VIGENCIA ACTUAL,ENTIDADES DIFERENTES A ENTIDADES TERRITORIALES - GESTION GENERAL,NO DEFINIDO,NO DEFINIDO,NO DEFINIDO,,,2022,Tercer Trimestre,eje_gasto,,,,NO DEFINIDO,NO DEFINIDO,,,,,,NO DEFINIDO,,,,,,NO DEFINIDO,NO DEFINIDO,NO DEFINIDO,56400000.0,56400000.0,22600000.0
13166792,20211201,220173585,Instituto Purificense para la Recreación y el Deporte,2.1.3.13.01.002,CONCILIACIONES,GASTOS,FUNCIONAMIENTO,TRANSFERENCIAS CORRIENTES,SENTENCIAS Y CONCILIACIONES,FALLOS NACIONALES,CONCILIACIONES,No Aplica,No Aplica,No Aplica,No Aplica,VIGENCIA ACTUAL,ENTIDADES DIFERENTES A ENTIDADES TERRITORIALES - GESTION GENERAL,NO DEFINIDO,NO DEFINIDO,DEPORTE Y RECREACION,,,2021,Cuarto Trimestre,eje_gasto,,,,NO APLICA,INGRESOS CORRIENTES DE LIBRE DESTINACION,,,,,,NO APLICA,,,,,,SIN SITUACION DE FONDOS,OTRO,NO DEFINIDO,112008616.0,112008616.0,112008616.0
13171324,20230301,220173585,Instituto Purificense para la Recreación y el Deporte,2.1.1.01,PLANTA DE PERSONAL PERMANENTE,GASTOS,FUNCIONAMIENTO,GASTOS DE PERSONAL,PLANTA DE PERSONAL PERMANENTE,No Aplica,No Aplica,No Aplica,No Aplica,No Aplica,No Aplica,VIGENCIA ACTUAL,ENTIDADES DIFERENTES A ENTIDADES TERRITORIALES - GESTION GENERAL,NO DEFINIDO,NO DEFINIDO,NO DEFINIDO,,,2023,Primer Trimestre,eje_gasto,,,,NO DEFINIDO,NO DEFINIDO,,,,,,NO DEFINIDO,,,,,,NO DEFINIDO,NO DEFINIDO,NO DEFINIDO,58474802.0,49974802.0,49974802.0
13175274,20230601,220173585,Instituto Purificense para la Recreación y el Deporte,2.1.1.01.02.001,APORTES A LA SEGURIDAD SOCIAL EN PENSIONES,GASTOS,FUNCIONAMIENTO,GASTOS DE PERSONAL,PLANTA DE PERSONAL PERMANENTE,CONTRIBUCIONES INHERENTES A LA NOMINA,APORTES A LA SEGURIDAD SOCIAL EN PENSIONES,No Aplica,No Aplica,No Aplica,No Aplica,VIGENCIA ACTUAL,ENTIDADES DIFERENTES A ENTIDADES TERRITORIALES - GESTION GENERAL,NO DEFINIDO,NO DEFINIDO,JUSTICIA ESPECIAL PARA LA PAZ,,,2023,Segundo Trimestre,eje_gasto,,,,NO APLICA,INGRESOS CORRIENTES DE LIBRE DESTINACION,,,,,,NO APLICA,,,,,,SIN SITUACION DE FONDOS,NO APLICA,NO DEFINIDO,6569068.0,1129834.0,1129834.0
13179136,20210301,220173585,Instituto Purificense para la Recreación y el Deporte,2.1.1.01.01,FACTORES CONSTITUTIVOS DE SALARIO,GASTOS,FUNCIONAMIENTO,GASTOS DE PERSONAL,PLANTA DE PERSONAL PERMANENTE,FACTORES CONSTITUTIVOS DE SALARIO,No Aplica,No Aplica,No Aplica,No Aplica,No Aplica,VIGENCIA ACTUAL,ENTIDADES DIFERENTES A ENTIDADES TERRITORIALES - GESTION GENERAL,NO DEFINIDO,NO DEFINIDO,NO DEFINIDO,,,2021,Primer Trimestre,eje_gasto,,,,NO DEFINIDO,NO DEFINIDO,,,,,,NO DEFINIDO,,,,,,NO DEFINIDO,NO DEFINIDO,NO DEFINIDO,22055359.0,22055359.0,22055359.0
13182292,20220601,220173585,Instituto Purificense para la Recreación y el Deporte,2.1.2.02.02,ADQUISICION DE SERVICIOS,GASTOS,FUNCIONAMIENTO,ADQUISICION DE BIENES Y SERVICIOS,ADQUISICIONES DIFERENTES DE ACTIVOS,ADQUISICION DE SERVICIOS,No Aplica,No Aplica,No Aplica,No Aplica,No Aplica,VIGENCIA ACTUAL,ENTIDADES DIFERENTES A ENTIDADES TERRITORIALES - GESTION GENERAL,NO DEFINIDO,NO DEFINIDO,NO DEFINIDO,,,2022,Segundo Trimestre,eje_gasto,,,,NO DEFINIDO,NO DEFINIDO,,,,,,NO DEFINIDO,,,,,,NO DEFINIDO,NO DEFINIDO,NO DEFINIDO,31218641.0,31218641.0,5885361.0
13189860,20221201,220173585,Instituto Purificense para la Recreación y el Deporte,2.1.2.02,ADQUISICIONES DIFERENTES DE ACTIVOS,GASTOS,FUNCIONAMIENTO,ADQUISICION DE BIENES Y SERVICIOS,ADQUISICIONES DIFERENTES DE ACTIVOS,No Aplica,No Aplica,No Aplica,No Aplica,No Aplica,No Aplica,VIGENCIA ACTUAL,ENTIDADES DIFERENTES A ENTIDADES TERRITORIALES - GESTION GENERAL,NO DEFINIDO,NO DEFINIDO,NO DEFINIDO,,,2022,Cuarto Trimestre,eje_gasto,,,,NO DEFINIDO,NO DEFINIDO,,,,,,NO DEFINIDO,,,,,,NO DEFINIDO,NO DEFINIDO,NO DEFINIDO,14471612.0,14471612.0,14471612.0
13192892,20220301,220173585,Instituto Purificense para la Recreación y el Deporte,2.1.5.02,ADQUISICION DE SERVICIOS,GASTOS,FUNCIONAMIENTO,GASTOS DE COMERCIALIZACION Y PRODUCCION,ADQUISICION DE SERVICIOS,No Aplica,No Aplica,No Aplica,No Aplica,No Aplica,No Aplica,VIGENCIA ACTUAL,ENTIDADES DIFERENTES A ENTIDADES TERRITORIALES - GESTION GENERAL,NO DEFINIDO,NO DEFINIDO,NO DEFINIDO,,,2022,Primer Trimestre,eje_gasto,,,,NO DEFINIDO,NO DEFINIDO,,,,,,NO DEFINIDO,,,,,,NO DEFINIDO,NO DEFINIDO,NO DEFINIDO,185361.0,135709.0,135709.0
13193410,20220901,220173585,Instituto Purificense para la Recreación y el Deporte,2.1.3,TRANSFERENCIAS CORRIENTES,GASTOS,FUNCIONAMIENTO,TRANSFERENCIAS CORRIENTES,No Aplica,No Aplica,No Aplica,No Aplica,No Aplica,No Aplica,No Aplica,VIGENCIA ACTUAL,ENTIDADES DIFERENTES A ENTIDADES TERRITORIALES - GESTION GENERAL,NO DEFINIDO,NO DEFINIDO,NO DEFINIDO,,,2022,Tercer Trimestre,eje_gasto,,,,NO DEFINIDO,NO DEFINIDO,,,,,,NO DEFINIDO,,,,,,NO DEFINIDO,NO DEFINIDO,NO DEFINIDO,70000000.0,70000000.0,0.0
13193918,20220301,220173585,Instituto Purificense para la Recreación y el Deporte,2.1.1.01.03.001,PRESTACIONES SOCIALES,GASTOS,FUNCIONAMIENTO,GASTOS DE PERSONAL,PLANTA DE PERSONAL PERMANENTE,REMUNERACIONES NO CONSTITUTIVAS DE FACTOR SALARIAL,PRESTACIONES SOCIALES,No Aplica,No Aplica,No Aplica,No Aplica,VIGENCIA ACTUAL,ENTIDADES DIFERENTES A ENTIDADES TERRITORIALES - GESTION GENERAL,NO DEFINIDO,NO DEFINIDO,NO DEFINIDO,,,2022,Primer Trimestre,eje_gasto,,,,NO DEFINIDO,NO DEFINIDO,,,,,,NO DEFINIDO,,,,,,NO DEFINIDO,NO DEFINIDO,NO DEFINIDO,2755670.0,2755670.0,2755670.0
13194865,20220301,220173585,Instituto Purificense para la Recreación y el Deporte,2.1.1.01.03,REMUNERACIONES NO CONSTITUTIVAS DE FACTOR SALARIAL,GASTOS,FUNCIONAMIENTO,GASTOS DE PERSONAL,PLANTA DE PERSONAL PERMANENTE,REMUNERACIONES NO CONSTITUTIVAS DE FACTOR SALARIAL,No Aplica,No Aplica,No Aplica,No Aplica,No Aplica,VIGENCIA ACTUAL,ENTIDADES DIFERENTES A ENTIDADES TERRITORIALES - GESTION GENERAL,NO DEFINIDO,NO DEFINIDO,NO DEFINIDO,,,2022,Primer Trimestre,eje_gasto,,,,NO DEFINIDO,NO DEFINIDO,,,,,,NO DEFINIDO,,,,,,NO DEFINIDO,NO DEFINIDO,NO DEFINIDO,2755670.0,2755670.0,2755670.0
13210187,20220601,220173585,Instituto Purificense para la Recreación y el Deporte,2.1.1.02.01.001.01,SUELDO BASICO,GASTOS,FUNCIONAMIENTO,GASTOS DE PERSONAL,PERSONAL SUPERNUMERARIO Y PLANTA TEMPORAL,FACTORES CONSTITUTIVOS DE SALARIO,FACTORES SALARIALES COMUNES,SUELDO BASICO,No Aplica,No Aplica,No Aplica,VIGENCIA ACTUAL,ENTIDADES DIFERENTES A ENTIDADES TERRITORIALES - GESTION GENERAL,NO DEFINIDO,NO DEFINIDO,DEPORTE Y RECREACION,,,2022,Segundo Trimestre,eje_gasto,,,,NO APLICA,INGRESOS CORRIENTES DE LIBRE DESTINACION,,,,,,NO APLICA,,,,,,SIN SITUACION DE FONDOS,OTRO,NO DEFINIDO,26400000.0,26400000.0,6600000.0
13218158,20220901,220173585,Instituto Purificense para la Recreación y el Deporte,2.1.1.01.03,REMUNERACIONES NO CONSTITUTIVAS DE FACTOR SALARIAL,GASTOS,FUNCIONAMIENTO,GASTOS DE PERSONAL,PLANTA DE PERSONAL PERMANENTE,REMUNERACIONES NO CONSTITUTIVAS DE FACTOR SALARIAL,No Aplica,No Aplica,No Aplica,No Aplica,No Aplica,VIGENCIA ACTUAL,ENTIDADES DIFERENTES A ENTIDADES TERRITORIALES - GESTION GENERAL,NO DEFINIDO,NO DEFINIDO,NO DEFINIDO,,,2022,Tercer Trimestre,eje_gasto,,,,NO DEFINIDO,NO DEFINIDO,,,,,,NO DEFINIDO,,,,,,NO DEFINIDO,NO DEFINIDO,NO DEFINIDO,4431704.0,4431704.0,4431704.0
13220939,20210901,220173585,Instituto Purificense para la Recreación y el Deporte,2.1.1.01.01.001.06,PRIMA DE SERVICIO,GASTOS,FUNCIONAMIENTO,GASTOS DE PERSONAL,PLANTA DE PERSONAL PERMANENTE,FACTORES CONSTITUTIVOS DE SALARIO,FACTORES SALARIALES COMUNES,PRIMA DE SERVICIO,No Aplica,No Aplica,No Aplica,VIGENCIA ACTUAL,ENTIDADES DIFERENTES A ENTIDADES TERRITORIALES - GESTION GENERAL,NO DEFINIDO,NO DEFINIDO,DEPORTE Y RECREACION,,,2021,Tercer Trimestre,eje_gasto,,,,NO APLICA,1.2.1.0.00 - INGRESOS CORRIENTES DE LIBRE DESTINACION,,,,,,NO APLICA,,,,,,SIN SITUACION DE FONDOS,OTRO,NO DEFINIDO,3475335.0,24665.0,24665.0
13221081,20210301,220173585,Instituto Purificense para la Recreación y el Deporte,2.3,INVERSION,GASTOS,INVERSION,No Aplica,No Aplica,No Aplica,No Aplica,No Aplica,No Aplica,No Aplica,No Aplica,VIGENCIA ACTUAL,ENTIDADES DIFERENTES A ENTIDADES TERRITORIALES - GESTION GENERAL,NO DEFINIDO,NO DEFINIDO,NO DEFINIDO,,,2021,Primer Trimestre,eje_gasto,,,,NO DEFINIDO,NO DEFINIDO,,,,,,NO DEFINIDO,,,,,,NO DEFINIDO,NO DEFINIDO,NO DEFINIDO,40100000.0,19400000.0,19400000.0
13234800,20221201,220173585,Instituto Purificense para la Recreación y el Deporte,2.1.3,TRANSFERENCIAS CORRIENTES,GASTOS,FUNCIONAMIENTO,TRANSFERENCIAS CORRIENTES,No Aplica,No Aplica,No Aplica,No Aplica,No Aplica,No Aplica,No Aplica,VIGENCIA ACTUAL,ENTIDADES DIFERENTES A ENTIDADES TERRITORIALES - GESTION GENERAL,NO DEFINIDO,NO DEFINIDO,NO DEFINIDO,,,2022,Cuarto Trimestre,eje_gasto,,,,NO DEFINIDO,NO DEFINIDO,,,,,,NO DEFINIDO,,,,,,NO DEFINIDO,NO DEFINIDO,NO DEFINIDO,97604690.0,97604690.0,97604690.0
13239693,20220601,220173585,Instituto Purificense para la Recreación y el Deporte,2.1.1,GASTOS DE PERSONAL,GASTOS,FUNCIONAMIENTO,GASTOS DE PERSONAL,No Aplica,No Aplica,No Aplica,No Aplica,No Aplica,No Aplica,No Aplica,VIGENCIA ACTUAL,ENTIDADES DIFERENTES A ENTIDADES TERRITORIALES - GESTION GENERAL,NO DEFINIDO,NO DEFINIDO,NO DEFINIDO,,,2022,Segundo Trimestre,eje_gasto,,,,NO DEFINIDO,NO DEFINIDO,,,,,,NO DEFINIDO,,,,,,NO DEFINIDO,NO DEFINIDO,NO DEFINIDO,92413825.0,92413825.0,48066973.0
13244974,20220601,220173585,Instituto Purificense para la Recreación y el Deporte,2,GASTOS,GASTOS,No Aplica,No Aplica,No Aplica,No Aplica,No Aplica,No Aplica,No Aplica,No Aplica,No Aplica,VIGENCIA ACTUAL,ENTIDADES DIFERENTES A ENTIDADES TERRITORIALES - GESTION GENERAL,NO DEFINIDO,NO DEFINIDO,NO DEFINIDO,,,2022,Segundo Trimestre,eje_gasto,,,,NO DEFINIDO,NO DEFINIDO,,,,,,NO DEFINIDO,,,,,,NO DEFINIDO,NO DEFINIDO,NO DEFINIDO,294731507.0,294731507.0,156116375.0
13254224,20220901,220173585,Instituto Purificense para la Recreación y el Deporte,2.1.1.02.01,FACTORES CONSTITUTIVOS DE SALARIO,GASTOS,FUNCIONAMIENTO,GASTOS DE PERSONAL,PERSONAL SUPERNUMERARIO Y PLANTA TEMPORAL,FACTORES CONSTITUTIVOS DE SALARIO,No Aplica,No Aplica,No Aplica,No Aplica,No Aplica,VIGENCIA ACTUAL,ENTIDADES DIFERENTES A ENTIDADES TERRITORIALES - GESTION GENERAL,NO DEFINIDO,NO DEFINIDO,NO DEFINIDO,,,2022,Tercer Trimestre,eje_gasto,,,,NO DEFINIDO,NO DEFINIDO,,,,,,NO DEFINIDO,,,,,,NO DEFINIDO,NO DEFINIDO,NO DEFINIDO,56400000.0,56400000.0,22600000.0
13255051,20210301,220173585,Instituto Purificense para la Recreación y el Deporte,2.1.1.01.03,REMUNERACIONES NO CONSTITUTIVAS DE FACTOR SALARIAL,GASTOS,FUNCIONAMIENTO,GASTOS DE PERSONAL,PLANTA DE PERSONAL PERMANENTE,REMUNERACIONES NO CONSTITUTIVAS DE FACTOR SALARIAL,No Aplica,No Aplica,No Aplica,No Aplica,No Aplica,VIGENCIA ACTUAL,ENTIDADES DIFERENTES A ENTIDADES TERRITORIALES - GESTION GENERAL,NO DEFINIDO,NO DEFINIDO,NO DEFINIDO,,,2021,Primer Trimestre,eje_gasto,,,,NO DEFINIDO,NO DEFINIDO,,,,,,NO DEFINIDO,,,,,,NO DEFINIDO,NO DEFINIDO,NO DEFINIDO,1524217.0,1524217.0,1524217.0
13278027,20230601,220173585,Instituto Purificense para la Recreación y el Deporte,2.1.1.01,PLANTA DE PERSONAL PERMANENTE,GASTOS,FUNCIONAMIENTO,GASTOS DE PERSONAL,PLANTA DE PERSONAL PERMANENTE,No Aplica,No Aplica,No Aplica,No Aplica,No Aplica,No Aplica,VIGENCIA ACTUAL,ENTIDADES DIFERENTES A ENTIDADES TERRITORIALES - GESTION GENERAL,NO DEFINIDO,NO DEFINIDO,NO DEFINIDO,,,2023,Segundo Trimestre,eje_gasto,,,,NO DEFINIDO,NO DEFINIDO,,,,,,NO DEFINIDO,,,,,,NO DEFINIDO,NO DEFINIDO,NO DEFINIDO,94851154.0,30112517.0,30112517.0
13279207,20211201,220173585,Instituto Purificense para la Recreación y el Deporte,2.1.2.01.01.003.03.01,"MAQUINAS PARA OFICINA Y CONTABILIDAD, Y SUS PARTES Y ACCESORIOS",GASTOS,FUNCIONAMIENTO,ADQUISICION DE BIENES Y SERVICIOS,ADQUISICION DE ACTIVOS NO FINANCIEROS,ACTIVOS FIJOS,MAQUINARIA Y EQUIPO,"MAQUINARIA DE OFICINA, CONTABILIDAD E INFORMATICA","MAQUINAS PARA OFICINA Y CONTABILIDAD, Y SUS PARTES Y ACCESORIOS",No Aplica,No Aplica,VIGENCIA ACTUAL,ENTIDADES DIFERENTES A ENTIDADES TERRITORIALES - GESTION GENERAL,NO DEFINIDO,NO DEFINIDO,DEPORTE Y RECREACION,,,2021,Cuarto Trimestre,eje_gasto,,,,NO APLICA,INGRESOS CORRIENTES DE LIBRE DESTINACION,,,,,,NO APLICA,,,,,,SIN SITUACION DE FONDOS,OTRO,NO DEFINIDO,7110972.0,5975000.0,5975000.0
13287341,20221201,220173585,Instituto Purificense para la Recreación y el Deporte,2.1.1.02.01,FACTORES CONSTITUTIVOS DE SALARIO,GASTOS,FUNCIONAMIENTO,GASTOS DE PERSONAL,PERSONAL SUPERNUMERARIO Y PLANTA TEMPORAL,FACTORES CONSTITUTIVOS DE SALARIO,No Aplica,No Aplica,No Aplica,No Aplica,No Aplica,VIGENCIA ACTUAL,ENTIDADES DIFERENTES A ENTIDADES TERRITORIALES - GESTION GENERAL,NO DEFINIDO,NO DEFINIDO,NO DEFINIDO,,,2022,Cuarto Trimestre,eje_gasto,,,,NO DEFINIDO,NO DEFINIDO,,,,,,NO DEFINIDO,,,,,,NO DEFINIDO,NO DEFINIDO,NO DEFINIDO,56400000.0,56400000.0,56400000.0
13289873,20230301,220173585,Instituto Purificense para la Recreación y el Deporte,2.1.1.01.01.001.01,SUELDO BASICO,GASTOS,FUNCIONAMIENTO,GASTOS DE PERSONAL,PLANTA DE PERSONAL PERMANENTE,FACTORES CONSTITUTIVOS DE SALARIO,FACTORES SALARIALES COMUNES,SUELDO BASICO,No Aplica,No Aplica,No Aplica,VIGENCIA ACTUAL,ENTIDADES DIFERENTES A ENTIDADES TERRITORIALES - GESTION GENERAL,NO DEFINIDO,NO DEFINIDO,DEPORTE Y RECREACION,,,2023,Primer Trimestre,eje_gasto,,,,NO APLICA,INGRESOS CORRIENTES DE LIBRE DESTINACION,,,,,,NO APLICA,,,,,,SIN SITUACION DE FONDOS,NO APLICA,NO DEFINIDO,27979890.0,19479890.0,19479890.0
13291980,20230301,220173585,Instituto Purificense para la Recreación y el Deporte,2.1.2.02.02,ADQUISICION DE SERVICIOS,GASTOS,FUNCIONAMIENTO,ADQUISICION DE BIENES Y SERVICIOS,ADQUISICIONES DIFERENTES DE ACTIVOS,ADQUISICION DE SERVICIOS,No Aplica,No Aplica,No Aplica,No Aplica,No Aplica,VIGENCIA ACTUAL,ENTIDADES DIFERENTES A ENTIDADES TERRITORIALES - GESTION GENERAL,NO DEFINIDO,NO DEFINIDO,NO DEFINIDO,,,2023,Primer Trimestre,eje_gasto,,,,NO DEFINIDO,NO DEFINIDO,,,,,,NO DEFINIDO,,,,,,NO DEFINIDO,NO DEFINIDO,NO DEFINIDO,13524937.0,13524937.0,13524937.0
13295747,20221201,220173585,Instituto Purificense para la Recreación y el Deporte,2,GASTOS,GASTOS,No Aplica,No Aplica,No Aplica,No Aplica,No Aplica,No Aplica,No Aplica,No Aplica,No Aplica,VIGENCIA ACTUAL,ENTIDADES DIFERENTES A ENTIDADES TERRITORIALES - GESTION GENERAL,NO DEFINIDO,NO DEFINIDO,NO DEFINIDO,,,2022,Cuarto Trimestre,eje_gasto,,,,NO DEFINIDO,NO DEFINIDO,,,,,,NO DEFINIDO,,,,,,NO DEFINIDO,NO DEFINIDO,NO DEFINIDO,587255392.0,587255392.0,587255392.0
13304287,20220301,220173585,Instituto Purificense para la Recreación y el Deporte,2.3,INVERSION,GASTOS,INVERSION,No Aplica,No Aplica,No Aplica,No Aplica,No Aplica,No Aplica,No Aplica,No Aplica,VIGENCIA ACTUAL,ENTIDADES DIFERENTES A ENTIDADES TERRITORIALES - GESTION GENERAL,NO DEFINIDO,NO DEFINIDO,NO DEFINIDO,,,2022,Primer Trimestre,eje_gasto,,,,NO DEFINIDO,NO DEFINIDO,,,,,,NO DEFINIDO,,,,,,NO DEFINIDO,NO DEFINIDO,NO DEFINIDO,80099041.0,80099041.0,80099041.0
13305675,20230301,220173585,Instituto Purificense para la Recreación y el Deporte,2.1.1.01.02.006,APORTES AL ICBF,GASTOS,FUNCIONAMIENTO,GASTOS DE PERSONAL,PLANTA DE PERSONAL PERMANENTE,CONTRIBUCIONES INHERENTES A LA NOMINA,APORTES AL ICBF,No Aplica,No Aplica,No Aplica,No Aplica,VIGENCIA ACTUAL,ENTIDADES DIFERENTES A ENTIDADES TERRITORIALES - GESTION GENERAL,NO DEFINIDO,NO DEFINIDO,DEPORTE Y RECREACION,,,2023,Primer Trimestre,eje_gasto,,,,NO APLICA,INGRESOS CORRIENTES DE LIBRE DESTINACION,,,,,,NO APLICA,,,,,,SIN SITUACION DE FONDOS,NO APLICA,NO DEFINIDO,807900.0,807900.0,807900.0
13314456,20210601,220173585,Instituto Purificense para la Recreación y el Deporte,2.1.1.01.02.003,APORTES DE CESANTIAS,GASTOS,FUNCIONAMIENTO,GASTOS DE PERSONAL,PLANTA DE PERSONAL PERMANENTE,CONTRIBUCIONES INHERENTES A LA NOMINA,APORTES DE CESANTIAS,No Aplica,No Aplica,No Aplica,No Aplica,VIGENCIA ACTUAL,ENTIDADES DIFERENTES A ENTIDADES TERRITORIALES - GESTION GENERAL,NO DEFINIDO,NO DEFINIDO,DEPORTE Y RECREACION,,,2021,Segundo Trimestre,eje_gasto,,,,NO APLICA,1.2.1.0.00 - INGRESOS CORRIENTES DE LIBRE DESTINACION,,,,,,NO APLICA,,,,,,SIN SITUACION DE FONDOS,OTRO,NO DEFINIDO,7975501.0,7975501.0,7975501.0
13319736,20221201,220173585,Instituto Purificense para la Recreación y el Deporte,2.1.1.01.02.003,APORTES DE CESANTIAS,GASTOS,FUNCIONAMIENTO,GASTOS DE PERSONAL,PLANTA DE PERSONAL PERMANENTE,CONTRIBUCIONES INHERENTES A LA NOMINA,APORTES DE CESANTIAS,No Aplica,No Aplica,No Aplica,No Aplica,VIGENCIA ACTUAL,ENTIDADES DIFERENTES A ENTIDADES TERRITORIALES - GESTION GENERAL,NO DEFINIDO,NO DEFINIDO,DEPORTE Y RECREACION,,,2022,Cuarto Trimestre,eje_gasto,,,,NO APLICA,INGRESOS CORRIENTES DE LIBRE DESTINACION,,,,,,NO APLICA,,,,,,SIN SITUACION DE FONDOS,NO APLICA,NO DEFINIDO,8705600.0,8705600.0,8705600.0
13335837,20210901,220173585,Instituto Purificense para la Recreación y el Deporte,2.1.1.01.01.001.01,SUELDO BASICO,GASTOS,FUNCIONAMIENTO,GASTOS DE PERSONAL,PLANTA DE PERSONAL PERMANENTE,FACTORES CONSTITUTIVOS DE SALARIO,FACTORES SALARIALES COMUNES,SUELDO BASICO,No Aplica,No Aplica,No Aplica,VIGENCIA ACTUAL,ENTIDADES DIFERENTES A ENTIDADES TERRITORIALES - GESTION GENERAL,NO DEFINIDO,NO DEFINIDO,DEPORTE Y RECREACION,,,2021,Tercer Trimestre,eje_gasto,,,,NO APLICA,1.1.0.0.00 - DISPONIBILIDAD INICIAL,,,,,,NO APLICA,,,,,,CON SITUACION DE FONDOS,OTRO,NO DEFINIDO,60181264.0,20417512.0,0.0
13337055,20221201,220173585,Instituto Purificense para la Recreación y el Deporte,2.1.1.01.01.001.01,SUELDO BASICO,GASTOS,FUNCIONAMIENTO,GASTOS DE PERSONAL,PLANTA DE PERSONAL PERMANENTE,FACTORES CONSTITUTIVOS DE SALARIO,FACTORES SALARIALES COMUNES,SUELDO BASICO,No Aplica,No Aplica,No Aplica,VIGENCIA ACTUAL,ENTIDADES DIFERENTES A ENTIDADES TERRITORIALES - GESTION GENERAL,NO DEFINIDO,NO DEFINIDO,DEPORTE Y RECREACION,,,2022,Cuarto Trimestre,eje_gasto,,,,NO APLICA,INGRESOS CORRIENTES DE LIBRE DESTINACION,,,,,,NO APLICA,,,,,,SIN SITUACION DE FONDOS,NO APLICA,NO DEFINIDO,96773484.0,96773484.0,96773484.0
13337440,20221201,220173585,Instituto Purificense para la Recreación y el Deporte,2.1.1.02.01.001,FACTORES SALARIALES COMUNES,GASTOS,FUNCIONAMIENTO,GASTOS DE PERSONAL,PERSONAL SUPERNUMERARIO Y PLANTA TEMPORAL,FACTORES CONSTITUTIVOS DE SALARIO,FACTORES SALARIALES COMUNES,No Aplica,No Aplica,No Aplica,No Aplica,VIGENCIA ACTUAL,ENTIDADES DIFERENTES A ENTIDADES TERRITORIALES - GESTION GENERAL,NO DEFINIDO,NO DEFINIDO,NO DEFINIDO,,,2022,Cuarto Trimestre,eje_gasto,,,,NO DEFINIDO,NO DEFINIDO,,,,,,NO DEFINIDO,,,,,,NO DEFINIDO,NO DEFINIDO,NO DEFINIDO,56400000.0,56400000.0,56400000.0
13361171,20221201,220173585,Instituto Purificense para la Recreación y el Deporte,2.1.1.01.01.001.08,PRESTACIONES SOCIALES,GASTOS,FUNCIONAMIENTO,GASTOS DE PERSONAL,PLANTA DE PERSONAL PERMANENTE,FACTORES CONSTITUTIVOS DE SALARIO,FACTORES SALARIALES COMUNES,PRESTACIONES SOCIALES,No Aplica,No Aplica,No Aplica,VIGENCIA ACTUAL,ENTIDADES DIFERENTES A ENTIDADES TERRITORIALES - GESTION GENERAL,NO DEFINIDO,NO DEFINIDO,NO DEFINIDO,,,2022,Cuarto Trimestre,eje_gasto,,,,NO DEFINIDO,NO DEFINIDO,,,,,,NO DEFINIDO,,,,,,NO DEFINIDO,NO DEFINIDO,NO DEFINIDO,12043072.0,12043072.0,12043072.0
13362560,20221201,220173585,Instituto Purificense para la Recreación y el Deporte,2.1.1.02,PERSONAL SUPERNUMERARIO Y PLANTA TEMPORAL,GASTOS,FUNCIONAMIENTO,GASTOS DE PERSONAL,PERSONAL SUPERNUMERARIO Y PLANTA TEMPORAL,No Aplica,No Aplica,No Aplica,No Aplica,No Aplica,No Aplica,VIGENCIA ACTUAL,ENTIDADES DIFERENTES A ENTIDADES TERRITORIALES - GESTION GENERAL,NO DEFINIDO,NO DEFINIDO,NO DEFINIDO,,,2022,Cuarto Trimestre,eje_gasto,,,,NO DEFINIDO,NO DEFINIDO,,,,,,NO DEFINIDO,,,,,,NO DEFINIDO,NO DEFINIDO,NO DEFINIDO,56400000.0,56400000.0,56400000.0
13370089,20210301,220173585,Instituto Purificense para la Recreación y el Deporte,2.1.1.01.02.006,APORTES AL ICBF,GASTOS,FUNCIONAMIENTO,GASTOS DE PERSONAL,PLANTA DE PERSONAL PERMANENTE,CONTRIBUCIONES INHERENTES A LA NOMINA,APORTES AL ICBF,No Aplica,No Aplica,No Aplica,No Aplica,VIGENCIA ACTUAL,ENTIDADES DIFERENTES A ENTIDADES TERRITORIALES - GESTION GENERAL,NO DEFINIDO,NO DEFINIDO,NO DEFINIDO,,,2021,Primer Trimestre,eje_gasto,,,,NO APLICA,1.2.2.0.00 - INGRESOS CORRIENTES DE DESTINACION ESPECIFICA POR ACTO ADMINISTRATIVO,,,,,,NO APLICA,,,,,,SIN SITUACION DE FONDOS,OTRO,NO DEFINIDO,576000.0,576000.0,384000.0
13371537,20210301,220173585,Instituto Purificense para la Recreación y el Deporte,2.1.1.01.02.002,APORTES A LA SEGURIDAD SOCIAL EN SALUD,GASTOS,FUNCIONAMIENTO,GASTOS DE PERSONAL,PLANTA DE PERSONAL PERMANENTE,CONTRIBUCIONES INHERENTES A LA NOMINA,APORTES A LA SEGURIDAD SOCIAL EN SALUD,No Aplica,No Aplica,No Aplica,No Aplica,VIGENCIA ACTUAL,ENTIDADES DIFERENTES A ENTIDADES TERRITORIALES - GESTION GENERAL,NO DEFINIDO,NO DEFINIDO,NO DEFINIDO,,,2021,Primer Trimestre,eje_gasto,,,,NO APLICA,1.2.2.0.00 - INGRESOS CORRIENTES DE DESTINACION ESPECIFICA POR ACTO ADMINISTRATIVO,,,,,,NO APLICA,,,,,,SIN SITUACION DE FONDOS,OTRO,NO DEFINIDO,1578093.0,1578093.0,1052062.0
13380548,20220301,220173585,Instituto Purificense para la Recreación y el Deporte,2.3.1,GASTOS DE PERSONAL,GASTOS,INVERSION,GASTOS DE PERSONAL,No Aplica,No Aplica,No Aplica,No Aplica,No Aplica,No Aplica,No Aplica,VIGENCIA ACTUAL,ENTIDADES DIFERENTES A ENTIDADES TERRITORIALES - GESTION GENERAL,NO DEFINIDO,NO DEFINIDO,NO DEFINIDO,,,2022,Primer Trimestre,eje_gasto,,,,NO DEFINIDO,NO DEFINIDO,,,,,,NO DEFINIDO,,,,,,NO DEFINIDO,NO DEFINIDO,NO DEFINIDO,80099041.0,80099041.0,80099041.0
13404297,20221201,220173585,Instituto Purificense para la Recreación y el Deporte,2.1.1.01.02.001,APORTES A LA SEGURIDAD SOCIAL EN PENSIONES,GASTOS,FUNCIONAMIENTO,GASTOS DE PERSONAL,PLANTA DE PERSONAL PERMANENTE,CONTRIBUCIONES INHERENTES A LA NOMINA,APORTES A LA SEGURIDAD SOCIAL EN PENSIONES,No Aplica,No Aplica,No Aplica,No Aplica,VIGENCIA ACTUAL,ENTIDADES DIFERENTES A ENTIDADES TERRITORIALES - GESTION GENERAL,NO DEFINIDO,NO DEFINIDO,DEPORTE Y RECREACION,,,2022,Cuarto Trimestre,eje_gasto,,,,NO APLICA,INGRESOS CORRIENTES DE LIBRE DESTINACION,,,,,,NO APLICA,,,,,,SIN SITUACION DE FONDOS,NO APLICA,NO DEFINIDO,10184793.0,10184793.0,10184793.0
13430253,20220301,220173585,Instituto Purificense para la Recreación y el Deporte,2.1.1,GASTOS DE PERSONAL,GASTOS,FUNCIONAMIENTO,GASTOS DE PERSONAL,No Aplica,No Aplica,No Aplica,No Aplica,No Aplica,No Aplica,No Aplica,VIGENCIA ACTUAL,ENTIDADES DIFERENTES A ENTIDADES TERRITORIALES - GESTION GENERAL,NO DEFINIDO,NO DEFINIDO,NO DEFINIDO,,,2022,Primer Trimestre,eje_gasto,,,,NO DEFINIDO,NO DEFINIDO,,,,,,NO DEFINIDO,,,,,,NO DEFINIDO,NO DEFINIDO,NO DEFINIDO,69983662.0,69983662.0,69983662.0
13459051,20210301,220173585,Instituto Purificense para la Recreación y el Deporte,2.1.1.01.03.001,PRESTACIONES SOCIALES,GASTOS,FUNCIONAMIENTO,GASTOS DE PERSONAL,PLANTA DE PERSONAL PERMANENTE,REMUNERACIONES NO CONSTITUTIVAS DE FACTOR SALARIAL,PRESTACIONES SOCIALES,No Aplica,No Aplica,No Aplica,No Aplica,VIGENCIA ACTUAL,ENTIDADES DIFERENTES A ENTIDADES TERRITORIALES - GESTION GENERAL,NO DEFINIDO,NO DEFINIDO,NO DEFINIDO,,,2021,Primer Trimestre,eje_gasto,,,,NO DEFINIDO,NO DEFINIDO,,,,,,NO DEFINIDO,,,,,,NO DEFINIDO,NO DEFINIDO,NO DEFINIDO,1524217.0,1524217.0,1524217.0
13465756,20230601,220173585,Instituto Purificense para la Recreación y el Deporte,2.1.2.02.02.009,"SERVICIOS PARA LA COMUNIDAD, SOCIALES Y PERSONALES",GASTOS,FUNCIONAMIENTO,ADQUISICION DE BIENES Y SERVICIOS,ADQUISICIONES DIFERENTES DE ACTIVOS,ADQUISICION DE SERVICIOS,"SERVICIOS PARA LA COMUNIDAD, SOCIALES Y PERSONALES",No Aplica,No Aplica,No Aplica,No Aplica,VIGENCIA ACTUAL,ENTIDADES DIFERENTES A ENTIDADES TERRITORIALES - GESTION GENERAL,NO DEFINIDO,NO DEFINIDO,DEPORTE Y RECREACION,,,2023,Segundo Trimestre,eje_gasto,,,,SERVICIOS DE CLUBES DEPORTIVOS,INGRESOS CORRIENTES DE DESTINACION ESPECIFICA POR ACTO ADMINISTRATIVO,,,,,,NO APLICA,,,,,,SIN SITUACION DE FONDOS,NO APLICA,NO DEFINIDO,11549576.0,8490466.0,8490466.0
13469875,20230301,220173585,Instituto Purificense para la Recreación y el Deporte,2.1.1.01.03,REMUNERACIONES NO CONSTITUTIVAS DE FACTOR SALARIAL,GASTOS,FUNCIONAMIENTO,GASTOS DE PERSONAL,PLANTA DE PERSONAL PERMANENTE,REMUNERACIONES NO CONSTITUTIVAS DE FACTOR SALARIAL,No Aplica,No Aplica,No Aplica,No Aplica,No Aplica,VIGENCIA ACTUAL,ENTIDADES DIFERENTES A ENTIDADES TERRITORIALES - GESTION GENERAL,NO DEFINIDO,NO DEFINIDO,NO DEFINIDO,,,2023,Primer Trimestre,eje_gasto,,,,NO DEFINIDO,NO DEFINIDO,,,,,,NO DEFINIDO,,,,,,NO DEFINIDO,NO DEFINIDO,NO DEFINIDO,5595312.0,5595312.0,5595312.0
13471464,20230601,220173585,Instituto Purificense para la Recreación y el Deporte,2.1.1.02,PERSONAL SUPERNUMERARIO Y PLANTA TEMPORAL,GASTOS,FUNCIONAMIENTO,GASTOS DE PERSONAL,PERSONAL SUPERNUMERARIO Y PLANTA TEMPORAL,No Aplica,No Aplica,No Aplica,No Aplica,No Aplica,No Aplica,VIGENCIA ACTUAL,ENTIDADES DIFERENTES A ENTIDADES TERRITORIALES - GESTION GENERAL,NO DEFINIDO,NO DEFINIDO,NO DEFINIDO,,,2023,Segundo Trimestre,eje_gasto,,,,NO DEFINIDO,NO DEFINIDO,,,,,,NO DEFINIDO,,,,,,NO DEFINIDO,NO DEFINIDO,NO DEFINIDO,47000000.0,28980000.0,28980000.0
13477636,20211201,220173585,Instituto Purificense para la Recreación y el Deporte,2.3.1.01.01.001.01,SUELDO BASICO,GASTOS,INVERSION,GASTOS DE PERSONAL,PLANTA DE PERSONAL PERMANENTE,FACTORES CONSTITUTIVOS DE SALARIO,FACTORES SALARIALES COMUNES,SUELDO BASICO,No Aplica,No Aplica,No Aplica,VIGENCIA ACTUAL,ENTIDADES DIFERENTES A ENTIDADES TERRITORIALES - GESTION GENERAL,NO DEFINIDO,NO DEFINIDO,DEPORTE Y RECREACION,,,2021,Cuarto Trimestre,eje_gasto,,,,NO APLICA,INGRESOS CORRIENTES DE LIBRE DESTINACION,,,,,,NO APLICA,,,,,,SIN SITUACION DE FONDOS,OTRO,NO DEFINIDO,217237905.0,43500000.0,43500000.0
13500003,20220301,220173585,Instituto Purificense para la Recreación y el Deporte,2.1.5.02.09,"SERVICIOS PARA LA COMUNIDAD, SOCIALES Y PERSONALES",GASTOS,FUNCIONAMIENTO,GASTOS DE COMERCIALIZACION Y PRODUCCION,ADQUISICION DE SERVICIOS,"SERVICIOS PARA LA COMUNIDAD, SOCIALES Y PERSONALES",No Aplica,No Aplica,No Aplica,No Aplica,No Aplica,VIGENCIA ACTUAL,ENTIDADES DIFERENTES A ENTIDADES TERRITORIALES - GESTION GENERAL,NO DEFINIDO,NO DEFINIDO,DEPORTE Y RECREACION,,,2022,Primer Trimestre,eje_gasto,,,,NO APLICA,DISPONIBILIDAD INICIAL,,,,,,NO APLICA,,,,,,SIN SITUACION DE FONDOS,OTRO,NO DEFINIDO,185361.0,135709.0,135709.0
13505240,20211201,220173585,Instituto Purificense para la Recreación y el Deporte,2.1.1.01.02.003,APORTES DE CESANTIAS,GASTOS,FUNCIONAMIENTO,GASTOS DE PERSONAL,PLANTA DE PERSONAL PERMANENTE,CONTRIBUCIONES INHERENTES A LA NOMINA,APORTES DE CESANTIAS,No Aplica,No Aplica,No Aplica,No Aplica,VIGENCIA ACTUAL,ENTIDADES DIFERENTES A ENTIDADES TERRITORIALES - GESTION GENERAL,NO DEFINIDO,NO DEFINIDO,DEPORTE Y RECREACION,,,2021,Cuarto Trimestre,eje_gasto,,,,NO APLICA,INGRESOS CORRIENTES DE LIBRE DESTINACION,,,,,,NO APLICA,,,,,,SIN SITUACION DE FONDOS,OTRO,NO DEFINIDO,7975501.0,7975501.0,7975501.0
13521051,20210901,220173585,Instituto Purificense para la Recreación y el Deporte,2.1.3,TRANSFERENCIAS CORRIENTES,GASTOS,FUNCIONAMIENTO,TRANSFERENCIAS CORRIENTES,No Aplica,No Aplica,No Aplica,No Aplica,No Aplica,No Aplica,No Aplica,VIGENCIA ACTUAL,ENTIDADES DIFERENTES A ENTIDADES TERRITORIALES - GESTION GENERAL,NO DEFINIDO,NO DEFINIDO,NO DEFINIDO,,,2021,Tercer Trimestre,eje_gasto,,,,NO DEFINIDO,NO DEFINIDO,,,,,,NO DEFINIDO,,,,,,NO DEFINIDO,NO DEFINIDO,NO DEFINIDO,112008616.0,41384.0,41384.0
13523172,20210301,220173585,Instituto Purificense para la Recreación y el Deporte,2.1.1.02.01,FACTORES CONSTITUTIVOS DE SALARIO,GASTOS,FUNCIONAMIENTO,GASTOS DE PERSONAL,PERSONAL SUPERNUMERARIO Y PLANTA TEMPORAL,FACTORES CONSTITUTIVOS DE SALARIO,No Aplica,No Aplica,No Aplica,No Aplica,No Aplica,VIGENCIA ACTUAL,ENTIDADES DIFERENTES A ENTIDADES TERRITORIALES - GESTION GENERAL,NO DEFINIDO,NO DEFINIDO,NO DEFINIDO,,,2021,Primer Trimestre,eje_gasto,,,,NO DEFINIDO,NO DEFINIDO,,,,,,NO DEFINIDO,,,,,,NO DEFINIDO,NO DEFINIDO,NO DEFINIDO,19716000.0,19716000.0,9858000.0
13530276,20221201,220173585,Instituto Purificense para la Recreación y el Deporte,2.1.1.01,PLANTA DE PERSONAL PERMANENTE,GASTOS,FUNCIONAMIENTO,GASTOS DE PERSONAL,PLANTA DE PERSONAL PERMANENTE,No Aplica,No Aplica,No Aplica,No Aplica,No Aplica,No Aplica,VIGENCIA ACTUAL,ENTIDADES DIFERENTES A ENTIDADES TERRITORIALES - GESTION GENERAL,NO DEFINIDO,NO DEFINIDO,NO DEFINIDO,,,2022,Cuarto Trimestre,eje_gasto,,,,NO DEFINIDO,NO DEFINIDO,,,,,,NO DEFINIDO,,,,,,NO DEFINIDO,NO DEFINIDO,NO DEFINIDO,150636332.0,150636332.0,150636332.0
13539625,20220601,220173585,Instituto Purificense para la Recreación y el Deporte,2.1.1.01.01.001.08.02,PRIMA DE VACACIONES,GASTOS,FUNCIONAMIENTO,GASTOS DE PERSONAL,PLANTA DE PERSONAL PERMANENTE,FACTORES CONSTITUTIVOS DE SALARIO,FACTORES SALARIALES COMUNES,PRESTACIONES SOCIALES,PRIMA DE VACACIONES,No Aplica,No Aplica,VIGENCIA ACTUAL,ENTIDADES DIFERENTES A ENTIDADES TERRITORIALES - GESTION GENERAL,NO DEFINIDO,NO DEFINIDO,DEPORTE Y RECREACION,,,2022,Segundo Trimestre,eje_gasto,,,,NO APLICA,INGRESOS CORRIENTES DE LIBRE DESTINACION,,,,,,NO APLICA,,,,,,SIN SITUACION DE FONDOS,OTRO,NO DEFINIDO,3540936.0,3540936.0,2217751.0
13542183,20230601,220173585,Instituto Purificense para la Recreación y el Deporte,2.1.1.02.01.001,FACTORES SALARIALES COMUNES,GASTOS,FUNCIONAMIENTO,GASTOS DE PERSONAL,PERSONAL SUPERNUMERARIO Y PLANTA TEMPORAL,FACTORES CONSTITUTIVOS DE SALARIO,FACTORES SALARIALES COMUNES,No Aplica,No Aplica,No Aplica,No Aplica,VIGENCIA ACTUAL,ENTIDADES DIFERENTES A ENTIDADES TERRITORIALES - GESTION GENERAL,NO DEFINIDO,NO DEFINIDO,NO DEFINIDO,,,2023,Segundo Trimestre,eje_gasto,,,,NO DEFINIDO,NO DEFINIDO,,,,,,NO DEFINIDO,,,,,,NO DEFINIDO,NO DEFINIDO,NO DEFINIDO,47000000.0,28980000.0,28980000.0
13576241,20210301,220173585,Instituto Purificense para la Recreación y el Deporte,2.1.3.13.01,FALLOS NACIONALES,GASTOS,FUNCIONAMIENTO,TRANSFERENCIAS CORRIENTES,SENTENCIAS Y CONCILIACIONES,FALLOS NACIONALES,No Aplica,No Aplica,No Aplica,No Aplica,No Aplica,VIGENCIA ACTUAL,ENTIDADES DIFERENTES A ENTIDADES TERRITORIALES - GESTION GENERAL,NO DEFINIDO,NO DEFINIDO,NO DEFINIDO,,,2021,Primer Trimestre,eje_gasto,,,,NO DEFINIDO,NO DEFINIDO,,,,,,NO DEFINIDO,,,,,,NO DEFINIDO,NO DEFINIDO,NO DEFINIDO,110000000.0,110000000.0,110000000.0
13580848,20210901,220173585,Instituto Purificense para la Recreación y el Deporte,2.1.1.01.01.001.08.02,PRIMA DE VACACIONES,GASTOS,FUNCIONAMIENTO,GASTOS DE PERSONAL,PLANTA DE PERSONAL PERMANENTE,FACTORES CONSTITUTIVOS DE SALARIO,FACTORES SALARIALES COMUNES,PRESTACIONES SOCIALES,PRIMA DE VACACIONES,No Aplica,No Aplica,VIGENCIA ACTUAL,ENTIDADES DIFERENTES A ENTIDADES TERRITORIALES - GESTION GENERAL,NO DEFINIDO,NO DEFINIDO,DEPORTE Y RECREACION,,,2021,Tercer Trimestre,eje_gasto,,,,NO APLICA,1.2.1.0.00 - INGRESOS CORRIENTES DE LIBRE DESTINACION,,,,,,NO APLICA,,,,,,SIN SITUACION DE FONDOS,OTRO,NO DEFINIDO,3798608.0,1392.0,1392.0
13585883,20211201,220173585,Instituto Purificense para la Recreación y el Deporte,2.1.2.01.01.003,MAQUINARIA Y EQUIPO,GASTOS,FUNCIONAMIENTO,ADQUISICION DE BIENES Y SERVICIOS,ADQUISICION DE ACTIVOS NO FINANCIEROS,ACTIVOS FIJOS,MAQUINARIA Y EQUIPO,No Aplica,No Aplica,No Aplica,No Aplica,VIGENCIA ACTUAL,ENTIDADES DIFERENTES A ENTIDADES TERRITORIALES - GESTION GENERAL,NO DEFINIDO,NO DEFINIDO,NO DEFINIDO,,,2021,Cuarto Trimestre,eje_gasto,,,,NO DEFINIDO,NO DEFINIDO,,,,,,NO DEFINIDO,,,,,,NO DEFINIDO,NO DEFINIDO,NO DEFINIDO,7110972.0,5975000.0,5975000.0
13590613,20220601,220173585,Instituto Purificense para la Recreación y el Deporte,2.1.3.13.01,FALLOS NACIONALES,GASTOS,FUNCIONAMIENTO,TRANSFERENCIAS CORRIENTES,SENTENCIAS Y CONCILIACIONES,FALLOS NACIONALES,No Aplica,No Aplica,No Aplica,No Aplica,No Aplica,VIGENCIA ACTUAL,ENTIDADES DIFERENTES A ENTIDADES TERRITORIALES - GESTION GENERAL,NO DEFINIDO,NO DEFINIDO,NO DEFINIDO,,,2022,Segundo Trimestre,eje_gasto,,,,NO DEFINIDO,NO DEFINIDO,,,,,,NO DEFINIDO,,,,,,NO DEFINIDO,NO DEFINIDO,NO DEFINIDO,70000000.0,70000000.0,70000000.0
13599744,20210601,220173585,Instituto Purificense para la Recreación y el Deporte,2.1.1.02,PERSONAL SUPERNUMERARIO Y PLANTA TEMPORAL,GASTOS,FUNCIONAMIENTO,GASTOS DE PERSONAL,PERSONAL SUPERNUMERARIO Y PLANTA TEMPORAL,No Aplica,No Aplica,No Aplica,No Aplica,No Aplica,No Aplica,VIGENCIA ACTUAL,ENTIDADES DIFERENTES A ENTIDADES TERRITORIALES - GESTION GENERAL,NO DEFINIDO,NO DEFINIDO,NO DEFINIDO,,,2021,Segundo Trimestre,eje_gasto,,,,NO DEFINIDO,NO DEFINIDO,,,,,,NO DEFINIDO,,,,,,NO DEFINIDO,NO DEFINIDO,NO DEFINIDO,19716000.0,19716000.0,16430000.0
13613167,20220301,220173585,Instituto Purificense para la Recreación y el Deporte,2.1.3.13.01.002,CONCILIACIONES,GASTOS,FUNCIONAMIENTO,TRANSFERENCIAS CORRIENTES,SENTENCIAS Y CONCILIACIONES,FALLOS NACIONALES,CONCILIACIONES,No Aplica,No Aplica,No Aplica,No Aplica,VIGENCIA ACTUAL,ENTIDADES DIFERENTES A ENTIDADES TERRITORIALES - GESTION GENERAL,NO DEFINIDO,NO DEFINIDO,DEPORTE Y RECREACION,,,2022,Primer Trimestre,eje_gasto,,,,NO APLICA,INGRESOS CORRIENTES DE LIBRE DESTINACION,,,,,,NO APLICA,,,,,,SIN SITUACION DE FONDOS,OTRO,NO DEFINIDO,70000000.0,70000000.0,70000000.0
13615102,20211201,220173585,Instituto Purificense para la Recreación y el Deporte,2.1.1.01.01.001.01,SUELDO BASICO,GASTOS,FUNCIONAMIENTO,GASTOS DE PERSONAL,PLANTA DE PERSONAL PERMANENTE,FACTORES CONSTITUTIVOS DE SALARIO,FACTORES SALARIALES COMUNES,SUELDO BASICO,No Aplica,No Aplica,No Aplica,VIGENCIA ACTUAL,ENTIDADES DIFERENTES A ENTIDADES TERRITORIALES - GESTION GENERAL,NO DEFINIDO,NO DEFINIDO,DEPORTE Y RECREACION,,,2021,Cuarto Trimestre,eje_gasto,,,,NO APLICA,DISPONIBILIDAD INICIAL,,,,,,NO APLICA,,,,,,CON SITUACION DE FONDOS,OTRO,NO DEFINIDO,80714530.0,32803164.0,32803164.0
13626602,20210301,220173585,Instituto Purificense para la Recreación y el Deporte,2.1.1,GASTOS DE PERSONAL,GASTOS,FUNCIONAMIENTO,GASTOS DE PERSONAL,No Aplica,No Aplica,No Aplica,No Aplica,No Aplica,No Aplica,No Aplica,VIGENCIA ACTUAL,ENTIDADES DIFERENTES A ENTIDADES TERRITORIALES - GESTION GENERAL,NO DEFINIDO,NO DEFINIDO,NO DEFINIDO,,,2021,Primer Trimestre,eje_gasto,,,,NO DEFINIDO,NO DEFINIDO,,,,,,NO DEFINIDO,,,,,,NO DEFINIDO,NO DEFINIDO,NO DEFINIDO,56929263.0,56929263.0,45185201.0
13629283,20220301,220173585,Instituto Purificense para la Recreación y el Deporte,2.1.2.02.02.008,SERVICIOS PRESTADOS A LAS EMPRESAS Y SERVICIOS DE PRODUCCION,GASTOS,FUNCIONAMIENTO,ADQUISICION DE BIENES Y SERVICIOS,ADQUISICIONES DIFERENTES DE ACTIVOS,ADQUISICION DE SERVICIOS,SERVICIOS PRESTADOS A LAS EMPRESAS Y SERVICIOS DE PRODUCCION,No Aplica,No Aplica,No Aplica,No Aplica,VIGENCIA ACTUAL,ENTIDADES DIFERENTES A ENTIDADES TERRITORIALES - GESTION GENERAL,NO DEFINIDO,NO DEFINIDO,DEPORTE Y RECREACION,,,2022,Primer Trimestre,eje_gasto,,,,OTROS SERVICIOS DIVERSOS N C P,INGRESOS CORRIENTES DE LIBRE DESTINACION,,,,,,NO APLICA,,,,,,SIN SITUACION DE FONDOS,OTRO,NO DEFINIDO,30000000.0,30000000.0,30000000.0
13644974,20210901,220173585,Instituto Purificense para la Recreación y el Deporte,2.1.1.01.02,CONTRIBUCIONES INHERENTES A LA NOMINA,GASTOS,FUNCIONAMIENTO,GASTOS DE PERSONAL,PLANTA DE PERSONAL PERMANENTE,CONTRIBUCIONES INHERENTES A LA NOMINA,No Aplica,No Aplica,No Aplica,No Aplica,No Aplica,VIGENCIA ACTUAL,ENTIDADES DIFERENTES A ENTIDADES TERRITORIALES - GESTION GENERAL,NO DEFINIDO,NO DEFINIDO,NO DEFINIDO,,,2021,Tercer Trimestre,eje_gasto,,,,NO DEFINIDO,NO DEFINIDO,,,,,,NO DEFINIDO,,,,,,NO DEFINIDO,NO DEFINIDO,NO DEFINIDO,23063997.0,9665738.0,9665738.0
13654816,20230301,220173585,Instituto Purificense para la Recreación y el Deporte,2.1.1.01.02.002,APORTES A LA SEGURIDAD SOCIAL EN SALUD,GASTOS,FUNCIONAMIENTO,GASTOS DE PERSONAL,PLANTA DE PERSONAL PERMANENTE,CONTRIBUCIONES INHERENTES A LA NOMINA,APORTES A LA SEGURIDAD SOCIAL EN SALUD,No Aplica,No Aplica,No Aplica,No Aplica,VIGENCIA ACTUAL,ENTIDADES DIFERENTES A ENTIDADES TERRITORIALES - GESTION GENERAL,NO DEFINIDO,NO DEFINIDO,DEPORTE Y RECREACION,,,2023,Primer Trimestre,eje_gasto,,,,NO APLICA,INGRESOS CORRIENTES DE LIBRE DESTINACION,,,,,,NO APLICA,,,,,,SIN SITUACION DE FONDOS,NO APLICA,NO DEFINIDO,3365000.0,3365000.0,3365000.0
13657970,20210901,220173585,Instituto Purificense para la Recreación y el Deporte,2.3.8.01.14,GRAVAMEN A LOS MOVIMIENTOS FINANCIEROS,GASTOS,INVERSION,"GASTOS POR TRIBUTOS, TASAS, CONTRIBUCIONES, MULTAS, SANCIONES E INTERESES DE MORA",IMPUESTOS,GRAVAMEN A LOS MOVIMIENTOS FINANCIEROS,No Aplica,No Aplica,No Aplica,No Aplica,No Aplica,VIGENCIA ACTUAL,ENTIDADES DIFERENTES A ENTIDADES TERRITORIALES - GESTION GENERAL,NO DEFINIDO,NO DEFINIDO,DEPORTE Y RECREACION,,,2021,Tercer Trimestre,eje_gasto,,,,NO APLICA,1.2.1.0.00 - INGRESOS CORRIENTES DE LIBRE DESTINACION,,,,,,NO APLICA,,,,,,CON SITUACION DE FONDOS,OTRO,NO DEFINIDO,2000.0,2000.0,0.0
13660892,20210301,220173585,Instituto Purificense para la Recreación y el Deporte,2.1.1.02,PERSONAL SUPERNUMERARIO Y PLANTA TEMPORAL,GASTOS,FUNCIONAMIENTO,GASTOS DE PERSONAL,PERSONAL SUPERNUMERARIO Y PLANTA TEMPORAL,No Aplica,No Aplica,No Aplica,No Aplica,No Aplica,No Aplica,VIGENCIA ACTUAL,ENTIDADES DIFERENTES A ENTIDADES TERRITORIALES - GESTION GENERAL,NO DEFINIDO,NO DEFINIDO,NO DEFINIDO,,,2021,Primer Trimestre,eje_gasto,,,,NO DEFINIDO,NO DEFINIDO,,,,,,NO DEFINIDO,,,,,,NO DEFINIDO,NO DEFINIDO,NO DEFINIDO,19716000.0,19716000.0,9858000.0
13665921,20230301,220173585,Instituto Purificense para la Recreación y el Deporte,2.1.1.01.02.007,APORTES AL SENA,GASTOS,FUNCIONAMIENTO,GASTOS DE PERSONAL,PLANTA DE PERSONAL PERMANENTE,CONTRIBUCIONES INHERENTES A LA NOMINA,APORTES AL SENA,No Aplica,No Aplica,No Aplica,No Aplica,VIGENCIA ACTUAL,ENTIDADES DIFERENTES A ENTIDADES TERRITORIALES - GESTION GENERAL,NO DEFINIDO,NO DEFINIDO,DEPORTE Y RECREACION,,,2023,Primer Trimestre,eje_gasto,,,,NO APLICA,INGRESOS CORRIENTES DE LIBRE DESTINACION,,,,,,NO APLICA,,,,,,SIN SITUACION DE FONDOS,NO APLICA,NO DEFINIDO,539100.0,539100.0,539100.0
13674205,20230601,220173585,Instituto Purificense para la Recreación y el Deporte,2.1.1.01.02,CONTRIBUCIONES INHERENTES A LA NOMINA,GASTOS,FUNCIONAMIENTO,GASTOS DE PERSONAL,PLANTA DE PERSONAL PERMANENTE,CONTRIBUCIONES INHERENTES A LA NOMINA,No Aplica,No Aplica,No Aplica,No Aplica,No Aplica,VIGENCIA ACTUAL,ENTIDADES DIFERENTES A ENTIDADES TERRITORIALES - GESTION GENERAL,NO DEFINIDO,NO DEFINIDO,NO DEFINIDO,,,2023,Segundo Trimestre,eje_gasto,,,,NO DEFINIDO,NO DEFINIDO,,,,,,NO DEFINIDO,,,,,,NO DEFINIDO,NO DEFINIDO,NO DEFINIDO,26020478.0,2919969.0,2919969.0
13676699,20211201,220173585,Instituto Purificense para la Recreación y el Deporte,2.1.8,"GASTOS POR TRIBUTOS, TASAS, CONTRIBUCIONES, MULTAS, SANCIONES E INTERESES DE MORA",GASTOS,FUNCIONAMIENTO,"GASTOS POR TRIBUTOS, TASAS, CONTRIBUCIONES, MULTAS, SANCIONES E INTERESES DE MORA",No Aplica,No Aplica,No Aplica,No Aplica,No Aplica,No Aplica,No Aplica,VIGENCIA ACTUAL,ENTIDADES DIFERENTES A ENTIDADES TERRITORIALES - GESTION GENERAL,NO DEFINIDO,NO DEFINIDO,NO DEFINIDO,,,2021,Cuarto Trimestre,eje_gasto,,,,NO DEFINIDO,NO DEFINIDO,,,,,,NO DEFINIDO,,,,,,NO DEFINIDO,NO DEFINIDO,NO DEFINIDO,1135000.0,17000.0,0.0
13693988,20210601,220173585,Instituto Purificense para la Recreación y el Deporte,2.3.1.02.01,FACTORES CONSTITUTIVOS DE SALARIO,GASTOS,INVERSION,GASTOS DE PERSONAL,PERSONAL SUPERNUMERARIO Y PLANTA TEMPORAL,FACTORES CONSTITUTIVOS DE SALARIO,No Aplica,No Aplica,No Aplica,No Aplica,No Aplica,VIGENCIA ACTUAL,ENTIDADES DIFERENTES A ENTIDADES TERRITORIALES - GESTION GENERAL,NO DEFINIDO,NO DEFINIDO,NO DEFINIDO,,,2021,Segundo Trimestre,eje_gasto,,,,NO DEFINIDO,NO DEFINIDO,,,,,,NO DEFINIDO,,,,,,NO DEFINIDO,NO DEFINIDO,NO DEFINIDO,66224800.0,66224800.0,42200000.0
13697903,20210301,220173585,Instituto Purificense para la Recreación y el Deporte,2.3.1.02.01,FACTORES CONSTITUTIVOS DE SALARIO,GASTOS,INVERSION,GASTOS DE PERSONAL,PERSONAL SUPERNUMERARIO Y PLANTA TEMPORAL,FACTORES CONSTITUTIVOS DE SALARIO,No Aplica,No Aplica,No Aplica,No Aplica,No Aplica,VIGENCIA ACTUAL,ENTIDADES DIFERENTES A ENTIDADES TERRITORIALES - GESTION GENERAL,NO DEFINIDO,NO DEFINIDO,NO DEFINIDO,,,2021,Primer Trimestre,eje_gasto,,,,NO DEFINIDO,NO DEFINIDO,,,,,,NO DEFINIDO,,,,,,NO DEFINIDO,NO DEFINIDO,NO DEFINIDO,40100000.0,19400000.0,19400000.0
13702436,20220601,220173585,Instituto Purificense para la Recreación y el Deporte,2.3,INVERSION,GASTOS,INVERSION,No Aplica,No Aplica,No Aplica,No Aplica,No Aplica,No Aplica,No Aplica,No Aplica,VIGENCIA ACTUAL,ENTIDADES DIFERENTES A ENTIDADES TERRITORIALES - GESTION GENERAL,NO DEFINIDO,NO DEFINIDO,NO DEFINIDO,,,2022,Segundo Trimestre,eje_gasto,,,,NO DEFINIDO,NO DEFINIDO,,,,,,NO DEFINIDO,,,,,,NO DEFINIDO,NO DEFINIDO,NO DEFINIDO,101099041.0,101099041.0,32164041.0
13706297,20211201,220173585,Instituto Purificense para la Recreación y el Deporte,2.1.1.01.01.001.08,PRESTACIONES SOCIALES,GASTOS,FUNCIONAMIENTO,GASTOS DE PERSONAL,PLANTA DE PERSONAL PERMANENTE,FACTORES CONSTITUTIVOS DE SALARIO,FACTORES SALARIALES COMUNES,PRESTACIONES SOCIALES,No Aplica,No Aplica,No Aplica,VIGENCIA ACTUAL,ENTIDADES DIFERENTES A ENTIDADES TERRITORIALES - GESTION GENERAL,NO DEFINIDO,NO DEFINIDO,NO DEFINIDO,,,2021,Cuarto Trimestre,eje_gasto,,,,NO DEFINIDO,NO DEFINIDO,,,,,,NO DEFINIDO,,,,,,NO DEFINIDO,NO DEFINIDO,NO DEFINIDO,11355439.0,1246498.0,1203329.0
13727118,20230601,220173585,Instituto Purificense para la Recreación y el Deporte,2.3.1.01.01.001,FACTORES SALARIALES COMUNES,GASTOS,INVERSION,GASTOS DE PERSONAL,PLANTA DE PERSONAL PERMANENTE,FACTORES CONSTITUTIVOS DE SALARIO,FACTORES SALARIALES COMUNES,No Aplica,No Aplica,No Aplica,No Aplica,VIGENCIA ACTUAL,ENTIDADES DIFERENTES A ENTIDADES TERRITORIALES - GESTION GENERAL,NO DEFINIDO,NO DEFINIDO,NO DEFINIDO,,,2023,Segundo Trimestre,eje_gasto,,,,NO DEFINIDO,NO DEFINIDO,,,,,,NO DEFINIDO,,,,,,NO DEFINIDO,NO DEFINIDO,NO DEFINIDO,205024990.0,119634291.0,119634291.0
13736030,20220601,220173585,Instituto Purificense para la Recreación y el Deporte,2.3.1.01,PLANTA DE PERSONAL PERMANENTE,GASTOS,INVERSION,GASTOS DE PERSONAL,PLANTA DE PERSONAL PERMANENTE,No Aplica,No Aplica,No Aplica,No Aplica,No Aplica,No Aplica,VIGENCIA ACTUAL,ENTIDADES DIFERENTES A ENTIDADES TERRITORIALES - GESTION GENERAL,NO DEFINIDO,NO DEFINIDO,NO DEFINIDO,,,2022,Segundo Trimestre,eje_gasto,,,,NO DEFINIDO,NO DEFINIDO,,,,,,NO DEFINIDO,,,,,,NO DEFINIDO,NO DEFINIDO,NO DEFINIDO,101099041.0,101099041.0,32164041.0
13748777,20220301,220173585,Instituto Purificense para la Recreación y el Deporte,2.3.1.01.01.001,FACTORES SALARIALES COMUNES,GASTOS,INVERSION,GASTOS DE PERSONAL,PLANTA DE PERSONAL PERMANENTE,FACTORES CONSTITUTIVOS DE SALARIO,FACTORES SALARIALES COMUNES,No Aplica,No Aplica,No Aplica,No Aplica,VIGENCIA ACTUAL,ENTIDADES DIFERENTES A ENTIDADES TERRITORIALES - GESTION GENERAL,NO DEFINIDO,NO DEFINIDO,NO DEFINIDO,,,2022,Primer Trimestre,eje_gasto,,,,NO DEFINIDO,NO DEFINIDO,,,,,,NO DEFINIDO,,,,,,NO DEFINIDO,NO DEFINIDO,NO DEFINIDO,80099041.0,80099041.0,80099041.0
13760905,20221201,220173585,Instituto Purificense para la Recreación y el Deporte,2.1.1.01.02.007,APORTES AL SENA,GASTOS,FUNCIONAMIENTO,GASTOS DE PERSONAL,PLANTA DE PERSONAL PERMANENTE,CONTRIBUCIONES INHERENTES A LA NOMINA,APORTES AL SENA,No Aplica,No Aplica,No Aplica,No Aplica,VIGENCIA ACTUAL,ENTIDADES DIFERENTES A ENTIDADES TERRITORIALES - GESTION GENERAL,NO DEFINIDO,NO DEFINIDO,DEPORTE Y RECREACION,,,2022,Cuarto Trimestre,eje_gasto,,,,NO APLICA,INGRESOS CORRIENTES DE LIBRE DESTINACION,,,,,,NO APLICA,,,,,,SIN SITUACION DE FONDOS,NO APLICA,NO DEFINIDO,1523500.0,1523500.0,1523500.0
13814518,20220601,220173585,Instituto Purificense para la Recreación y el Deporte,2.1.3.13,SENTENCIAS Y CONCILIACIONES,GASTOS,FUNCIONAMIENTO,TRANSFERENCIAS CORRIENTES,SENTENCIAS Y CONCILIACIONES,No Aplica,No Aplica,No Aplica,No Aplica,No Aplica,No Aplica,VIGENCIA ACTUAL,ENTIDADES DIFERENTES A ENTIDADES TERRITORIALES - GESTION GENERAL,NO DEFINIDO,NO DEFINIDO,NO DEFINIDO,,,2022,Segundo Trimestre,eje_gasto,,,,NO DEFINIDO,NO DEFINIDO,,,,,,NO DEFINIDO,,,,,,NO DEFINIDO,NO DEFINIDO,NO DEFINIDO,70000000.0,70000000.0,70000000.0
13817002,20211201,220173585,Instituto Purificense para la Recreación y el Deporte,2.1.8.01,IMPUESTOS,GASTOS,FUNCIONAMIENTO,"GASTOS POR TRIBUTOS, TASAS, CONTRIBUCIONES, MULTAS, SANCIONES E INTERESES DE MORA",IMPUESTOS,No Aplica,No Aplica,No Aplica,No Aplica,No Aplica,No Aplica,VIGENCIA ACTUAL,ENTIDADES DIFERENTES A ENTIDADES TERRITORIALES - GESTION GENERAL,NO DEFINIDO,NO DEFINIDO,NO DEFINIDO,,,2021,Cuarto Trimestre,eje_gasto,,,,NO DEFINIDO,NO DEFINIDO,,,,,,NO DEFINIDO,,,,,,NO DEFINIDO,NO DEFINIDO,NO DEFINIDO,1135000.0,17000.0,0.0
13836244,20210601,220173585,Instituto Purificense para la Recreación y el Deporte,2.1.2,ADQUISICION DE BIENES Y SERVICIOS,GASTOS,FUNCIONAMIENTO,ADQUISICION DE BIENES Y SERVICIOS,No Aplica,No Aplica,No Aplica,No Aplica,No Aplica,No Aplica,No Aplica,VIGENCIA ACTUAL,ENTIDADES DIFERENTES A ENTIDADES TERRITORIALES - GESTION GENERAL,NO DEFINIDO,NO DEFINIDO,NO DEFINIDO,,,2021,Segundo Trimestre,eje_gasto,,,,NO DEFINIDO,NO DEFINIDO,,,,,,NO DEFINIDO,,,,,,NO DEFINIDO,NO DEFINIDO,NO DEFINIDO,7658972.0,7658972.0,538000.0
13843663,20220301,220173585,Instituto Purificense para la Recreación y el Deporte,2.1.1.01.01.001,FACTORES SALARIALES COMUNES,GASTOS,FUNCIONAMIENTO,GASTOS DE PERSONAL,PLANTA DE PERSONAL PERMANENTE,FACTORES CONSTITUTIVOS DE SALARIO,FACTORES SALARIALES COMUNES,No Aplica,No Aplica,No Aplica,No Aplica,VIGENCIA ACTUAL,ENTIDADES DIFERENTES A ENTIDADES TERRITORIALES - GESTION GENERAL,NO DEFINIDO,NO DEFINIDO,NO DEFINIDO,,,2022,Primer Trimestre,eje_gasto,,,,NO DEFINIDO,NO DEFINIDO,,,,,,NO DEFINIDO,,,,,,NO DEFINIDO,NO DEFINIDO,NO DEFINIDO,24609949.0,24609949.0,24609949.0
13857119,20210901,220173585,Instituto Purificense para la Recreación y el Deporte,2.1.2.01.01.003,MAQUINARIA Y EQUIPO,GASTOS,FUNCIONAMIENTO,ADQUISICION DE BIENES Y SERVICIOS,ADQUISICION DE ACTIVOS NO FINANCIEROS,ACTIVOS FIJOS,MAQUINARIA Y EQUIPO,No Aplica,No Aplica,No Aplica,No Aplica,VIGENCIA ACTUAL,ENTIDADES DIFERENTES A ENTIDADES TERRITORIALES - GESTION GENERAL,NO DEFINIDO,NO DEFINIDO,NO DEFINIDO,,,2021,Tercer Trimestre,eje_gasto,,,,NO DEFINIDO,NO DEFINIDO,,,,,,NO DEFINIDO,,,,,,NO DEFINIDO,NO DEFINIDO,NO DEFINIDO,7110972.0,5517.0,5517.0
13858980,20210901,220173585,Instituto Purificense para la Recreación y el Deporte,2.1.2.01.01.003.03,"MAQUINARIA DE OFICINA, CONTABILIDAD E INFORMATICA",GASTOS,FUNCIONAMIENTO,ADQUISICION DE BIENES Y SERVICIOS,ADQUISICION DE ACTIVOS NO FINANCIEROS,ACTIVOS FIJOS,MAQUINARIA Y EQUIPO,"MAQUINARIA DE OFICINA, CONTABILIDAD E INFORMATICA",No Aplica,No Aplica,No Aplica,VIGENCIA ACTUAL,ENTIDADES DIFERENTES A ENTIDADES TERRITORIALES - GESTION GENERAL,NO DEFINIDO,NO DEFINIDO,NO DEFINIDO,,,2021,Tercer Trimestre,eje_gasto,,,,NO DEFINIDO,NO DEFINIDO,,,,,,NO DEFINIDO,,,,,,NO DEFINIDO,NO DEFINIDO,NO DEFINIDO,7110972.0,5517.0,5517.0
13860034,20221201,220173585,Instituto Purificense para la Recreación y el Deporte,2.1.1.01.02.002,APORTES A LA SEGURIDAD SOCIAL EN SALUD,GASTOS,FUNCIONAMIENTO,GASTOS DE PERSONAL,PLANTA DE PERSONAL PERMANENTE,CONTRIBUCIONES INHERENTES A LA NOMINA,APORTES A LA SEGURIDAD SOCIAL EN SALUD,No Aplica,No Aplica,No Aplica,No Aplica,VIGENCIA ACTUAL,ENTIDADES DIFERENTES A ENTIDADES TERRITORIALES - GESTION GENERAL,NO DEFINIDO,NO DEFINIDO,DEPORTE Y RECREACION,,,2022,Cuarto Trimestre,eje_gasto,,,,NO APLICA,INGRESOS CORRIENTES DE LIBRE DESTINACION,,,,,,NO APLICA,,,,,,SIN SITUACION DE FONDOS,NO APLICA,NO DEFINIDO,7203143.0,7203143.0,7203143.0
13875678,20210301,220173585,Instituto Purificense para la Recreación y el Deporte,2.1.2.02.02,ADQUISICION DE SERVICIOS,GASTOS,FUNCIONAMIENTO,ADQUISICION DE BIENES Y SERVICIOS,ADQUISICIONES DIFERENTES DE ACTIVOS,ADQUISICION DE SERVICIOS,No Aplica,No Aplica,No Aplica,No Aplica,No Aplica,VIGENCIA ACTUAL,ENTIDADES DIFERENTES A ENTIDADES TERRITORIALES - GESTION GENERAL,NO DEFINIDO,NO DEFINIDO,NO DEFINIDO,,,2021,Primer Trimestre,eje_gasto,,,,NO DEFINIDO,NO DEFINIDO,,,,,,NO DEFINIDO,,,,,,NO DEFINIDO,NO DEFINIDO,NO DEFINIDO,1439370.0,1439370.0,1439370.0
13876783,20221201,220173585,Instituto Purificense para la Recreación y el Deporte,2.3,INVERSION,GASTOS,INVERSION,No Aplica,No Aplica,No Aplica,No Aplica,No Aplica,No Aplica,No Aplica,No Aplica,VIGENCIA ACTUAL,ENTIDADES DIFERENTES A ENTIDADES TERRITORIALES - GESTION GENERAL,NO DEFINIDO,NO DEFINIDO,NO DEFINIDO,,,2022,Cuarto Trimestre,eje_gasto,,,,NO DEFINIDO,NO DEFINIDO,,,,,,NO DEFINIDO,,,,,,NO DEFINIDO,NO DEFINIDO,NO DEFINIDO,268142758.0,268142758.0,268142758.0
13877948,20210601,220173585,Instituto Purificense para la Recreación y el Deporte,2.3.1.02.01.001,FACTORES SALARIALES COMUNES,GASTOS,INVERSION,GASTOS DE PERSONAL,PERSONAL SUPERNUMERARIO Y PLANTA TEMPORAL,FACTORES CONSTITUTIVOS DE SALARIO,FACTORES SALARIALES COMUNES,No Aplica,No Aplica,No Aplica,No Aplica,VIGENCIA ACTUAL,ENTIDADES DIFERENTES A ENTIDADES TERRITORIALES - GESTION GENERAL,NO DEFINIDO,NO DEFINIDO,NO DEFINIDO,,,2021,Segundo Trimestre,eje_gasto,,,,NO DEFINIDO,NO DEFINIDO,,,,,,NO DEFINIDO,,,,,,NO DEFINIDO,NO DEFINIDO,NO DEFINIDO,66224800.0,66224800.0,42200000.0
13894773,20210301,220173585,Instituto Purificense para la Recreación y el Deporte,2.1.1.01.01.001.01,SUELDO BASICO,GASTOS,FUNCIONAMIENTO,GASTOS DE PERSONAL,PLANTA DE PERSONAL PERMANENTE,FACTORES CONSTITUTIVOS DE SALARIO,FACTORES SALARIALES COMUNES,SUELDO BASICO,No Aplica,No Aplica,No Aplica,VIGENCIA ACTUAL,ENTIDADES DIFERENTES A ENTIDADES TERRITORIALES - GESTION GENERAL,NO DEFINIDO,NO DEFINIDO,NO DEFINIDO,,,2021,Primer Trimestre,eje_gasto,,,,NO APLICA,1.1.0.0.00 - DISPONIBILIDAD INICIAL,,,,,,NO APLICA,,,,,,CON SITUACION DE FONDOS,OTRO,NO DEFINIDO,20532668.0,20532668.0,20532668.0
13906391,20220601,220173585,Instituto Purificense para la Recreación y el Deporte,2.3.1.01.01.001,FACTORES SALARIALES COMUNES,GASTOS,INVERSION,GASTOS DE PERSONAL,PLANTA DE PERSONAL PERMANENTE,FACTORES CONSTITUTIVOS DE SALARIO,FACTORES SALARIALES COMUNES,No Aplica,No Aplica,No Aplica,No Aplica,VIGENCIA ACTUAL,ENTIDADES DIFERENTES A ENTIDADES TERRITORIALES - GESTION GENERAL,NO DEFINIDO,NO DEFINIDO,NO DEFINIDO,,,2022,Segundo Trimestre,eje_gasto,,,,NO DEFINIDO,NO DEFINIDO,,,,,,NO DEFINIDO,,,,,,NO DEFINIDO,NO DEFINIDO,NO DEFINIDO,101099041.0,101099041.0,32164041.0
13913307,20220301,220173585,Instituto Purificense para la Recreación y el Deporte,2.1.1.01.02.001,APORTES A LA SEGURIDAD SOCIAL EN PENSIONES,GASTOS,FUNCIONAMIENTO,GASTOS DE PERSONAL,PLANTA DE PERSONAL PERMANENTE,CONTRIBUCIONES INHERENTES A LA NOMINA,APORTES A LA SEGURIDAD SOCIAL EN PENSIONES,No Aplica,No Aplica,No Aplica,No Aplica,VIGENCIA ACTUAL,ENTIDADES DIFERENTES A ENTIDADES TERRITORIALES - GESTION GENERAL,NO DEFINIDO,NO DEFINIDO,DEPORTE Y RECREACION,,,2022,Primer Trimestre,eje_gasto,,,,NO APLICA,INGRESOS CORRIENTES DE LIBRE DESTINACION,,,,,,NO APLICA,,,,,,SIN SITUACION DE FONDOS,OTRO,NO DEFINIDO,2836500.0,2836500.0,2836500.0
13920943,20221201,220173585,Instituto Purificense para la Recreación y el Deporte,2.1.1.01.03,REMUNERACIONES NO CONSTITUTIVAS DE FACTOR SALARIAL,GASTOS,FUNCIONAMIENTO,GASTOS DE PERSONAL,PLANTA DE PERSONAL PERMANENTE,REMUNERACIONES NO CONSTITUTIVAS DE FACTOR SALARIAL,No Aplica,No Aplica,No Aplica,No Aplica,No Aplica,VIGENCIA ACTUAL,ENTIDADES DIFERENTES A ENTIDADES TERRITORIALES - GESTION GENERAL,NO DEFINIDO,NO DEFINIDO,NO DEFINIDO,,,2022,Cuarto Trimestre,eje_gasto,,,,NO DEFINIDO,NO DEFINIDO,,,,,,NO DEFINIDO,,,,,,NO DEFINIDO,NO DEFINIDO,NO DEFINIDO,4431704.0,4431704.0,4431704.0
13925062,20230301,220173585,Instituto Purificense para la Recreación y el Deporte,2.1.1.01.02.003,APORTES DE CESANTIAS,GASTOS,FUNCIONAMIENTO,GASTOS DE PERSONAL,PLANTA DE PERSONAL PERMANENTE,CONTRIBUCIONES INHERENTES A LA NOMINA,APORTES DE CESANTIAS,No Aplica,No Aplica,No Aplica,No Aplica,VIGENCIA ACTUAL,ENTIDADES DIFERENTES A ENTIDADES TERRITORIALES - GESTION GENERAL,NO DEFINIDO,NO DEFINIDO,DEPORTE Y RECREACION,,,2023,Primer Trimestre,eje_gasto,,,,NO APLICA,INGRESOS CORRIENTES DE LIBRE DESTINACION,,,,,,NO APLICA,,,,,,SIN SITUACION DE FONDOS,NO APLICA,NO DEFINIDO,10048840.0,10048840.0,10048840.0
13943027,20211201,220173585,Instituto Purificense para la Recreación y el Deporte,2.1.1.02.01,FACTORES CONSTITUTIVOS DE SALARIO,GASTOS,FUNCIONAMIENTO,GASTOS DE PERSONAL,PERSONAL SUPERNUMERARIO Y PLANTA TEMPORAL,FACTORES CONSTITUTIVOS DE SALARIO,No Aplica,No Aplica,No Aplica,No Aplica,No Aplica,VIGENCIA ACTUAL,ENTIDADES DIFERENTES A ENTIDADES TERRITORIALES - GESTION GENERAL,NO DEFINIDO,NO DEFINIDO,NO DEFINIDO,,,2021,Cuarto Trimestre,eje_gasto,,,,NO DEFINIDO,NO DEFINIDO,,,,,,NO DEFINIDO,,,,,,NO DEFINIDO,NO DEFINIDO,NO DEFINIDO,41984000.0,16430000.0,16430000.0
13947361,20210301,220173585,Instituto Purificense para la Recreación y el Deporte,2.1.1.01.03.001.02,INDEMNIZACION POR VACACIONES,GASTOS,FUNCIONAMIENTO,GASTOS DE PERSONAL,PLANTA DE PERSONAL PERMANENTE,REMUNERACIONES NO CONSTITUTIVAS DE FACTOR SALARIAL,PRESTACIONES SOCIALES,INDEMNIZACION POR VACACIONES,No Aplica,No Aplica,No Aplica,VIGENCIA ACTUAL,ENTIDADES DIFERENTES A ENTIDADES TERRITORIALES - GESTION GENERAL,NO DEFINIDO,NO DEFINIDO,NO DEFINIDO,,,2021,Primer Trimestre,eje_gasto,,,,NO APLICA,1.2.2.0.00 - INGRESOS CORRIENTES DE DESTINACION ESPECIFICA POR ACTO ADMINISTRATIVO,,,,,,NO APLICA,,,,,,SIN SITUACION DE FONDOS,OTRO,NO DEFINIDO,1524217.0,1524217.0,1524217.0
13947862,20210901,220173585,Instituto Purificense para la Recreación y el Deporte,2.1.1.01.03.001,PRESTACIONES SOCIALES,GASTOS,FUNCIONAMIENTO,GASTOS DE PERSONAL,PLANTA DE PERSONAL PERMANENTE,REMUNERACIONES NO CONSTITUTIVAS DE FACTOR SALARIAL,PRESTACIONES SOCIALES,No Aplica,No Aplica,No Aplica,No Aplica,VIGENCIA ACTUAL,ENTIDADES DIFERENTES A ENTIDADES TERRITORIALES - GESTION GENERAL,NO DEFINIDO,NO DEFINIDO,NO DEFINIDO,,,2021,Tercer Trimestre,eje_gasto,,,,NO DEFINIDO,NO DEFINIDO,,,,,,NO DEFINIDO,,,,,,NO DEFINIDO,NO DEFINIDO,NO DEFINIDO,4811571.0,8429.0,8429.0
13950577,20221201,220173585,Instituto Purificense para la Recreación y el Deporte,2.1.3.13.01.002,CONCILIACIONES,GASTOS,FUNCIONAMIENTO,TRANSFERENCIAS CORRIENTES,SENTENCIAS Y CONCILIACIONES,FALLOS NACIONALES,CONCILIACIONES,No Aplica,No Aplica,No Aplica,No Aplica,VIGENCIA ACTUAL,ENTIDADES DIFERENTES A ENTIDADES TERRITORIALES - GESTION GENERAL,NO DEFINIDO,NO DEFINIDO,DEPORTE Y RECREACION,,,2022,Cuarto Trimestre,eje_gasto,,,,NO APLICA,DISPONIBILIDAD INICIAL,,,,,,NO APLICA,,,,,,SIN SITUACION DE FONDOS,NO APLICA,NO DEFINIDO,97604690.0,97604690.0,97604690.0
13970866,20210901,220173585,Instituto Purificense para la Recreación y el Deporte,2.1.2.01,ADQUISICION DE ACTIVOS NO FINANCIEROS,GASTOS,FUNCIONAMIENTO,ADQUISICION DE BIENES Y SERVICIOS,ADQUISICION DE ACTIVOS NO FINANCIEROS,No Aplica,No Aplica,No Aplica,No Aplica,No Aplica,No Aplica,VIGENCIA ACTUAL,ENTIDADES DIFERENTES A ENTIDADES TERRITORIALES - GESTION GENERAL,NO DEFINIDO,NO DEFINIDO,NO DEFINIDO,,,2021,Tercer Trimestre,eje_gasto,,,,NO DEFINIDO,NO DEFINIDO,,,,,,NO DEFINIDO,,,,,,NO DEFINIDO,NO DEFINIDO,NO DEFINIDO,7110972.0,5517.0,5517.0
13985394,20220601,220173585,Instituto Purificense para la Recreación y el Deporte,2.1.1.01.01,FACTORES CONSTITUTIVOS DE SALARIO,GASTOS,FUNCIONAMIENTO,GASTOS DE PERSONAL,PLANTA DE PERSONAL PERMANENTE,FACTORES CONSTITUTIVOS DE SALARIO,No Aplica,No Aplica,No Aplica,No Aplica,No Aplica,VIGENCIA ACTUAL,ENTIDADES DIFERENTES A ENTIDADES TERRITORIALES - GESTION GENERAL,NO DEFINIDO,NO DEFINIDO,NO DEFINIDO,,,2022,Segundo Trimestre,eje_gasto,,,,NO DEFINIDO,NO DEFINIDO,,,,,,NO DEFINIDO,,,,,,NO DEFINIDO,NO DEFINIDO,NO DEFINIDO,42295642.0,42295642.0,24609949.0
13998130,20221201,220173585,Instituto Purificense para la Recreación y el Deporte,2.1,FUNCIONAMIENTO,GASTOS,FUNCIONAMIENTO,No Aplica,No Aplica,No Aplica,No Aplica,No Aplica,No Aplica,No Aplica,No Aplica,VIGENCIA ACTUAL,ENTIDADES DIFERENTES A ENTIDADES TERRITORIALES - GESTION GENERAL,NO DEFINIDO,NO DEFINIDO,NO DEFINIDO,,,2022,Cuarto Trimestre,eje_gasto,,,,NO DEFINIDO,NO DEFINIDO,,,,,,NO DEFINIDO,,,,,,NO DEFINIDO,NO DEFINIDO,NO DEFINIDO,319112634.0,319112634.0,319112634.0
13999846,20210901,220173585,Instituto Purificense para la Recreación y el Deporte,2.1.2.02.02,ADQUISICION DE SERVICIOS,GASTOS,FUNCIONAMIENTO,ADQUISICION DE BIENES Y SERVICIOS,ADQUISICIONES DIFERENTES DE ACTIVOS,ADQUISICION DE SERVICIOS,No Aplica,No Aplica,No Aplica,No Aplica,No Aplica,VIGENCIA ACTUAL,ENTIDADES DIFERENTES A ENTIDADES TERRITORIALES - GESTION GENERAL,NO DEFINIDO,NO DEFINIDO,NO DEFINIDO,,,2021,Tercer Trimestre,eje_gasto,,,,NO DEFINIDO,NO DEFINIDO,,,,,,NO DEFINIDO,,,,,,NO DEFINIDO,NO DEFINIDO,NO DEFINIDO,1221600.0,528400.0,528400.0
14000755,20220901,220173585,Instituto Purificense para la Recreación y el Deporte,2.1.2.02.02.008,SERVICIOS PRESTADOS A LAS EMPRESAS Y SERVICIOS DE PRODUCCION,GASTOS,FUNCIONAMIENTO,ADQUISICION DE BIENES Y SERVICIOS,ADQUISICIONES DIFERENTES DE ACTIVOS,ADQUISICION DE SERVICIOS,SERVICIOS PRESTADOS A LAS EMPRESAS Y SERVICIOS DE PRODUCCION,No Aplica,No Aplica,No Aplica,No Aplica,VIGENCIA ACTUAL,ENTIDADES DIFERENTES A ENTIDADES TERRITORIALES - GESTION GENERAL,NO DEFINIDO,NO DEFINIDO,DEPORTE Y RECREACION,,,2022,Tercer Trimestre,eje_gasto,,,,OTROS SERVICIOS DE APOYO N C P,INGRESOS CORRIENTES DE LIBRE DESTINACION,,,,,,NO APLICA,,,,,,SIN SITUACION DE FONDOS,OTRO,NO DEFINIDO,1032151.0,1032151.0,268929.0
14011517,20230601,220173585,Instituto Purificense para la Recreación y el Deporte,2.1.2.02,ADQUISICIONES DIFERENTES DE ACTIVOS,GASTOS,FUNCIONAMIENTO,ADQUISICION DE BIENES Y SERVICIOS,ADQUISICIONES DIFERENTES DE ACTIVOS,No Aplica,No Aplica,No Aplica,No Aplica,No Aplica,No Aplica,VIGENCIA ACTUAL,ENTIDADES DIFERENTES A ENTIDADES TERRITORIALES - GESTION GENERAL,NO DEFINIDO,NO DEFINIDO,NO DEFINIDO,,,2023,Segundo Trimestre,eje_gasto,,,,NO DEFINIDO,NO DEFINIDO,,,,,,NO DEFINIDO,,,,,,NO DEFINIDO,NO DEFINIDO,NO DEFINIDO,21846097.0,8786987.0,8786987.0
14013523,20230301,220173585,Instituto Purificense para la Recreación y el Deporte,2.1.2.02.02.009,"SERVICIOS PARA LA COMUNIDAD, SOCIALES Y PERSONALES",GASTOS,FUNCIONAMIENTO,ADQUISICION DE BIENES Y SERVICIOS,ADQUISICIONES DIFERENTES DE ACTIVOS,ADQUISICION DE SERVICIOS,"SERVICIOS PARA LA COMUNIDAD, SOCIALES Y PERSONALES",No Aplica,No Aplica,No Aplica,No Aplica,VIGENCIA ACTUAL,ENTIDADES DIFERENTES A ENTIDADES TERRITORIALES - GESTION GENERAL,NO DEFINIDO,NO DEFINIDO,DEPORTE Y RECREACION,,,2023,Primer Trimestre,eje_gasto,,,,OTROS SERVICIOS DIVERSOS N C P,DISPONIBILIDAD INICIAL,,,,,,NO APLICA,,,,,,SIN SITUACION DE FONDOS,NO APLICA,NO DEFINIDO,3354937.0,3354937.0,3354937.0
14014655,20210901,220173585,Instituto Purificense para la Recreación y el Deporte,2.1.2.01.01.003.03.01,"MAQUINAS PARA OFICINA Y CONTABILIDAD, Y SUS PARTES Y ACCESORIOS",GASTOS,FUNCIONAMIENTO,ADQUISICION DE BIENES Y SERVICIOS,ADQUISICION DE ACTIVOS NO FINANCIEROS,ACTIVOS FIJOS,MAQUINARIA Y EQUIPO,"MAQUINARIA DE OFICINA, CONTABILIDAD E INFORMATICA","MAQUINAS PARA OFICINA Y CONTABILIDAD, Y SUS PARTES Y ACCESORIOS",No Aplica,No Aplica,VIGENCIA ACTUAL,ENTIDADES DIFERENTES A ENTIDADES TERRITORIALES - GESTION GENERAL,NO DEFINIDO,NO DEFINIDO,DEPORTE Y RECREACION,,,2021,Tercer Trimestre,eje_gasto,,,,4529001 - PARTES Y ACCESORIOS PARA COMPUTADORES Y MINICOMPUTADORES,1.2.1.0.00 - INGRESOS CORRIENTES DE LIBRE DESTINACION,,,,,,NO APLICA,,,,,,SIN SITUACION DE FONDOS,OTRO,NO DEFINIDO,7110972.0,5517.0,5517.0
14025115,20210901,220173585,Instituto Purificense para la Recreación y el Deporte,2.1.1.02.01,FACTORES CONSTITUTIVOS DE SALARIO,GASTOS,FUNCIONAMIENTO,GASTOS DE PERSONAL,PERSONAL SUPERNUMERARIO Y PLANTA TEMPORAL,FACTORES CONSTITUTIVOS DE SALARIO,No Aplica,No Aplica,No Aplica,No Aplica,No Aplica,VIGENCIA ACTUAL,ENTIDADES DIFERENTES A ENTIDADES TERRITORIALES - GESTION GENERAL,NO DEFINIDO,NO DEFINIDO,NO DEFINIDO,,,2021,Tercer Trimestre,eje_gasto,,,,NO DEFINIDO,NO DEFINIDO,,,,,,NO DEFINIDO,,,,,,NO DEFINIDO,NO DEFINIDO,NO DEFINIDO,41984000.0,41984000.0,41984000.0
14029743,20210601,220173585,Instituto Purificense para la Recreación y el Deporte,2.1.1.01.02.005,APORTES GENERALES AL SISTEMA DE RIESGOS LABORALES,GASTOS,FUNCIONAMIENTO,GASTOS DE PERSONAL,PLANTA DE PERSONAL PERMANENTE,CONTRIBUCIONES INHERENTES A LA NOMINA,APORTES GENERALES AL SISTEMA DE RIESGOS LABORALES,No Aplica,No Aplica,No Aplica,No Aplica,VIGENCIA ACTUAL,ENTIDADES DIFERENTES A ENTIDADES TERRITORIALES - GESTION GENERAL,NO DEFINIDO,NO DEFINIDO,DEPORTE Y RECREACION,,,2021,Segundo Trimestre,eje_gasto,,,,NO APLICA,1.2.2.0.00 - INGRESOS CORRIENTES DE DESTINACION ESPECIFICA POR ACTO ADMINISTRATIVO,,,,,,NO APLICA,,,,,,SIN SITUACION DE FONDOS,OTRO,NO DEFINIDO,201600.0,201600.0,168000.0
14031187,20220301,220173585,Instituto Purificense para la Recreación y el Deporte,2.3.1.01.01,FACTORES CONSTITUTIVOS DE SALARIO,GASTOS,INVERSION,GASTOS DE PERSONAL,PLANTA DE PERSONAL PERMANENTE,FACTORES CONSTITUTIVOS DE SALARIO,No Aplica,No Aplica,No Aplica,No Aplica,No Aplica,VIGENCIA ACTUAL,ENTIDADES DIFERENTES A ENTIDADES TERRITORIALES - GESTION GENERAL,NO DEFINIDO,NO DEFINIDO,NO DEFINIDO,,,2022,Primer Trimestre,eje_gasto,,,,NO DEFINIDO,NO DEFINIDO,,,,,,NO DEFINIDO,,,,,,NO DEFINIDO,NO DEFINIDO,NO DEFINIDO,80099041.0,80099041.0,80099041.0
14032169,20220901,220173585,Instituto Purificense para la Recreación y el Deporte,2.1.1.01.03.001.01,VACACIONES,GASTOS,FUNCIONAMIENTO,GASTOS DE PERSONAL,PLANTA DE PERSONAL PERMANENTE,REMUNERACIONES NO CONSTITUTIVAS DE FACTOR SALARIAL,PRESTACIONES SOCIALES,VACACIONES,No Aplica,No Aplica,No Aplica,VIGENCIA ACTUAL,ENTIDADES DIFERENTES A ENTIDADES TERRITORIALES - GESTION GENERAL,NO DEFINIDO,NO DEFINIDO,DEPORTE Y RECREACION,,,2022,Tercer Trimestre,eje_gasto,,,,NO APLICA,INGRESOS CORRIENTES DE LIBRE DESTINACION,,,,,,NO APLICA,,,,,,SIN SITUACION DE FONDOS,OTRO,NO DEFINIDO,4431704.0,4431704.0,4431704.0
14034764,20220301,220173585,Instituto Purificense para la Recreación y el Deporte,2.1.1.01.03.001.01,VACACIONES,GASTOS,FUNCIONAMIENTO,GASTOS DE PERSONAL,PLANTA DE PERSONAL PERMANENTE,REMUNERACIONES NO CONSTITUTIVAS DE FACTOR SALARIAL,PRESTACIONES SOCIALES,VACACIONES,No Aplica,No Aplica,No Aplica,VIGENCIA ACTUAL,ENTIDADES DIFERENTES A ENTIDADES TERRITORIALES - GESTION GENERAL,NO DEFINIDO,NO DEFINIDO,DEPORTE Y RECREACION,,,2022,Primer Trimestre,eje_gasto,,,,NO APLICA,INGRESOS CORRIENTES DE LIBRE DESTINACION,,,,,,NO APLICA,,,,,,SIN SITUACION DE FONDOS,OTRO,NO DEFINIDO,2755670.0,2755670.0,2755670.0
14062165,20210301,220173585,Instituto Purificense para la Recreación y el Deporte,2.1.2.01.01.003.03.01,"MAQUINAS PARA OFICINA Y CONTABILIDAD, Y SUS PARTES Y ACCESORIOS",GASTOS,FUNCIONAMIENTO,ADQUISICION DE BIENES Y SERVICIOS,ADQUISICION DE ACTIVOS NO FINANCIEROS,ACTIVOS FIJOS,MAQUINARIA Y EQUIPO,"MAQUINARIA DE OFICINA, CONTABILIDAD E INFORMATICA","MAQUINAS PARA OFICINA Y CONTABILIDAD, Y SUS PARTES Y ACCESORIOS",No Aplica,No Aplica,VIGENCIA ACTUAL,ENTIDADES DIFERENTES A ENTIDADES TERRITORIALES - GESTION GENERAL,NO DEFINIDO,NO DEFINIDO,NO DEFINIDO,,,2021,Primer Trimestre,eje_gasto,,,,4529001 - PARTES Y ACCESORIOS PARA COMPUTADORES Y MINICOMPUTADORES,1.2.2.0.00 - INGRESOS CORRIENTES DE DESTINACION ESPECIFICA POR ACTO ADMINISTRATIVO,,,,,,NO APLICA,,,,,,SIN SITUACION DE FONDOS,OTRO,NO DEFINIDO,6668972.0,6668972.0,538000.0
14072457,20220301,220173585,Instituto Purificense para la Recreación y el Deporte,2.1.3.13,SENTENCIAS Y CONCILIACIONES,GASTOS,FUNCIONAMIENTO,TRANSFERENCIAS CORRIENTES,SENTENCIAS Y CONCILIACIONES,No Aplica,No Aplica,No Aplica,No Aplica,No Aplica,No Aplica,VIGENCIA ACTUAL,ENTIDADES DIFERENTES A ENTIDADES TERRITORIALES - GESTION GENERAL,NO DEFINIDO,NO DEFINIDO,NO DEFINIDO,,,2022,Primer Trimestre,eje_gasto,,,,NO DEFINIDO,NO DEFINIDO,,,,,,NO DEFINIDO,,,,,,NO DEFINIDO,NO DEFINIDO,NO DEFINIDO,70000000.0,70000000.0,70000000.0
14077825,20220301,220173585,Instituto Purificense para la Recreación y el Deporte,2.1.1.01.02.007,APORTES AL SENA,GASTOS,FUNCIONAMIENTO,GASTOS DE PERSONAL,PLANTA DE PERSONAL PERMANENTE,CONTRIBUCIONES INHERENTES A LA NOMINA,APORTES AL SENA,No Aplica,No Aplica,No Aplica,No Aplica,VIGENCIA ACTUAL,ENTIDADES DIFERENTES A ENTIDADES TERRITORIALES - GESTION GENERAL,NO DEFINIDO,NO DEFINIDO,DEPORTE Y RECREACION,,,2022,Primer Trimestre,eje_gasto,,,,NO APLICA,INGRESOS CORRIENTES DE LIBRE DESTINACION,,,,,,NO APLICA,,,,,,SIN SITUACION DE FONDOS,OTRO,NO DEFINIDO,252600.0,252600.0,252600.0
14088093,20210901,220173585,Instituto Purificense para la Recreación y el Deporte,2.3.1.01.01,FACTORES CONSTITUTIVOS DE SALARIO,GASTOS,INVERSION,GASTOS DE PERSONAL,PLANTA DE PERSONAL PERMANENTE,FACTORES CONSTITUTIVOS DE SALARIO,No Aplica,No Aplica,No Aplica,No Aplica,No Aplica,VIGENCIA ACTUAL,ENTIDADES DIFERENTES A ENTIDADES TERRITORIALES - GESTION GENERAL,NO DEFINIDO,NO DEFINIDO,NO DEFINIDO,,,2021,Tercer Trimestre,eje_gasto,,,,NO DEFINIDO,NO DEFINIDO,,,,,,NO DEFINIDO,,,,,,NO DEFINIDO,NO DEFINIDO,NO DEFINIDO,178124800.0,150875200.0,0.0
14097896,20210301,220173585,Instituto Purificense para la Recreación y el Deporte,2.1.1.01.02.004,APORTES A CAJAS DE COMPENSACION FAMILIAR,GASTOS,FUNCIONAMIENTO,GASTOS DE PERSONAL,PLANTA DE PERSONAL PERMANENTE,CONTRIBUCIONES INHERENTES A LA NOMINA,APORTES A CAJAS DE COMPENSACION FAMILIAR,No Aplica,No Aplica,No Aplica,No Aplica,VIGENCIA ACTUAL,ENTIDADES DIFERENTES A ENTIDADES TERRITORIALES - GESTION GENERAL,NO DEFINIDO,NO DEFINIDO,NO DEFINIDO,,,2021,Primer Trimestre,eje_gasto,,,,NO APLICA,1.2.2.0.00 - INGRESOS CORRIENTES DE DESTINACION ESPECIFICA POR ACTO ADMINISTRATIVO,,,,,,NO APLICA,,,,,,SIN SITUACION DE FONDOS,OTRO,NO DEFINIDO,768600.0,768600.0,512400.0
14098683,20211201,220173585,Instituto Purificense para la Recreación y el Deporte,2.1.1.01.02.001,APORTES A LA SEGURIDAD SOCIAL EN PENSIONES,GASTOS,FUNCIONAMIENTO,GASTOS DE PERSONAL,PLANTA DE PERSONAL PERMANENTE,CONTRIBUCIONES INHERENTES A LA NOMINA,APORTES A LA SEGURIDAD SOCIAL EN PENSIONES,No Aplica,No Aplica,No Aplica,No Aplica,VIGENCIA ACTUAL,ENTIDADES DIFERENTES A ENTIDADES TERRITORIALES - GESTION GENERAL,NO DEFINIDO,NO DEFINIDO,DEPORTE Y RECREACION,,,2021,Cuarto Trimestre,eje_gasto,,,,NO APLICA,INGRESOS CORRIENTES DE LIBRE DESTINACION,,,,,,NO APLICA,,,,,,SIN SITUACION DE FONDOS,OTRO,NO DEFINIDO,8251441.0,4500786.0,4500786.0
14099476,20211201,220173585,Instituto Purificense para la Recreación y el Deporte,2.1.1.01.01.001.08.01,PRIMA DE NAVIDAD,GASTOS,FUNCIONAMIENTO,GASTOS DE PERSONAL,PLANTA DE PERSONAL PERMANENTE,FACTORES CONSTITUTIVOS DE SALARIO,FACTORES SALARIALES COMUNES,PRESTACIONES SOCIALES,PRIMA DE NAVIDAD,No Aplica,No Aplica,VIGENCIA ACTUAL,ENTIDADES DIFERENTES A ENTIDADES TERRITORIALES - GESTION GENERAL,NO DEFINIDO,NO DEFINIDO,DEPORTE Y RECREACION,,,2021,Cuarto Trimestre,eje_gasto,,,,NO APLICA,INGRESOS CORRIENTES DE LIBRE DESTINACION,,,,,,NO APLICA,,,,,,SIN SITUACION DE FONDOS,OTRO,NO DEFINIDO,7556831.0,43169.0,0.0
14101309,20210601,220173585,Instituto Purificense para la Recreación y el Deporte,2.1.1.01.03.001.01,VACACIONES,GASTOS,FUNCIONAMIENTO,GASTOS DE PERSONAL,PLANTA DE PERSONAL PERMANENTE,REMUNERACIONES NO CONSTITUTIVAS DE FACTOR SALARIAL,PRESTACIONES SOCIALES,VACACIONES,No Aplica,No Aplica,No Aplica,VIGENCIA ACTUAL,ENTIDADES DIFERENTES A ENTIDADES TERRITORIALES - GESTION GENERAL,NO DEFINIDO,NO DEFINIDO,DEPORTE Y RECREACION,,,2021,Segundo Trimestre,eje_gasto,,,,NO APLICA,1.2.2.0.00 - INGRESOS CORRIENTES DE DESTINACION ESPECIFICA POR ACTO ADMINISTRATIVO,,,,,,NO APLICA,,,,,,SIN SITUACION DE FONDOS,OTRO,NO DEFINIDO,3450862.0,3450862.0,1524217.0
14105235,20210901,220173585,Instituto Purificense para la Recreación y el Deporte,2.1,FUNCIONAMIENTO,GASTOS,FUNCIONAMIENTO,No Aplica,No Aplica,No Aplica,No Aplica,No Aplica,No Aplica,No Aplica,No Aplica,VIGENCIA ACTUAL,ENTIDADES DIFERENTES A ENTIDADES TERRITORIALES - GESTION GENERAL,NO DEFINIDO,NO DEFINIDO,NO DEFINIDO,,,2021,Tercer Trimestre,eje_gasto,,,,NO DEFINIDO,NO DEFINIDO,,,,,,NO DEFINIDO,,,,,,NO DEFINIDO,NO DEFINIDO,NO DEFINIDO,271437542.0,84394630.0,63977118.0
14118610,20210301,220173585,Instituto Purificense para la Recreación y el Deporte,2.3.1.02.01.001,FACTORES SALARIALES COMUNES,GASTOS,INVERSION,GASTOS DE PERSONAL,PERSONAL SUPERNUMERARIO Y PLANTA TEMPORAL,FACTORES CONSTITUTIVOS DE SALARIO,FACTORES SALARIALES COMUNES,No Aplica,No Aplica,No Aplica,No Aplica,VIGENCIA ACTUAL,ENTIDADES DIFERENTES A ENTIDADES TERRITORIALES - GESTION GENERAL,NO DEFINIDO,NO DEFINIDO,NO DEFINIDO,,,2021,Primer Trimestre,eje_gasto,,,,NO DEFINIDO,NO DEFINIDO,,,,,,NO DEFINIDO,,,,,,NO DEFINIDO,NO DEFINIDO,NO DEFINIDO,40100000.0,19400000.0,19400000.0
14125170,20230601,220173585,Instituto Purificense para la Recreación y el Deporte,2,GASTOS,GASTOS,No Aplica,No Aplica,No Aplica,No Aplica,No Aplica,No Aplica,No Aplica,No Aplica,No Aplica,VIGENCIA ACTUAL,ENTIDADES DIFERENTES A ENTIDADES TERRITORIALES - GESTION GENERAL,NO DEFINIDO,NO DEFINIDO,NO DEFINIDO,,,2023,Segundo Trimestre,eje_gasto,,,,NO DEFINIDO,NO DEFINIDO,,,,,,NO DEFINIDO,,,,,,NO DEFINIDO,NO DEFINIDO,NO DEFINIDO,368722241.0,187513795.0,187513795.0
14129357,20230301,220173585,Instituto Purificense para la Recreación y el Deporte,2.1.1.01.01.001.08.02,PRIMA DE VACACIONES,GASTOS,FUNCIONAMIENTO,GASTOS DE PERSONAL,PLANTA DE PERSONAL PERMANENTE,FACTORES CONSTITUTIVOS DE SALARIO,FACTORES SALARIALES COMUNES,PRESTACIONES SOCIALES,PRIMA DE VACACIONES,No Aplica,No Aplica,VIGENCIA ACTUAL,ENTIDADES DIFERENTES A ENTIDADES TERRITORIALES - GESTION GENERAL,NO DEFINIDO,NO DEFINIDO,DEPORTE Y RECREACION,,,2023,Primer Trimestre,eje_gasto,,,,NO APLICA,INGRESOS CORRIENTES DE LIBRE DESTINACION,,,,,,NO APLICA,,,,,,SIN SITUACION DE FONDOS,NO APLICA,NO DEFINIDO,4610860.0,4610860.0,4610860.0
14130787,20211201,220173585,Instituto Purificense para la Recreación y el Deporte,2.1.1.02,PERSONAL SUPERNUMERARIO Y PLANTA TEMPORAL,GASTOS,FUNCIONAMIENTO,GASTOS DE PERSONAL,PERSONAL SUPERNUMERARIO Y PLANTA TEMPORAL,No Aplica,No Aplica,No Aplica,No Aplica,No Aplica,No Aplica,VIGENCIA ACTUAL,ENTIDADES DIFERENTES A ENTIDADES TERRITORIALES - GESTION GENERAL,NO DEFINIDO,NO DEFINIDO,NO DEFINIDO,,,2021,Cuarto Trimestre,eje_gasto,,,,NO DEFINIDO,NO DEFINIDO,,,,,,NO DEFINIDO,,,,,,NO DEFINIDO,NO DEFINIDO,NO DEFINIDO,41984000.0,16430000.0,16430000.0
14167892,20220601,220173585,Instituto Purificense para la Recreación y el Deporte,2.1.1.02,PERSONAL SUPERNUMERARIO Y PLANTA TEMPORAL,GASTOS,FUNCIONAMIENTO,GASTOS DE PERSONAL,PERSONAL SUPERNUMERARIO Y PLANTA TEMPORAL,No Aplica,No Aplica,No Aplica,No Aplica,No Aplica,No Aplica,VIGENCIA ACTUAL,ENTIDADES DIFERENTES A ENTIDADES TERRITORIALES - GESTION GENERAL,NO DEFINIDO,NO DEFINIDO,NO DEFINIDO,,,2022,Segundo Trimestre,eje_gasto,,,,NO DEFINIDO,NO DEFINIDO,,,,,,NO DEFINIDO,,,,,,NO DEFINIDO,NO DEFINIDO,NO DEFINIDO,26400000.0,26400000.0,6600000.0
14172368,20230601,220173585,Instituto Purificense para la Recreación y el Deporte,2.1.1.01.02.004,APORTES A CAJAS DE COMPENSACION FAMILIAR,GASTOS,FUNCIONAMIENTO,GASTOS DE PERSONAL,PLANTA DE PERSONAL PERMANENTE,CONTRIBUCIONES INHERENTES A LA NOMINA,APORTES A CAJAS DE COMPENSACION FAMILIAR,No Aplica,No Aplica,No Aplica,No Aplica,VIGENCIA ACTUAL,ENTIDADES DIFERENTES A ENTIDADES TERRITORIALES - GESTION GENERAL,NO DEFINIDO,NO DEFINIDO,DEPORTE Y RECREACION,,,2023,Segundo Trimestre,eje_gasto,,,,NO APLICA,INGRESOS CORRIENTES DE DESTINACION ESPECIFICA POR ACTO ADMINISTRATIVO,,,,,,NO APLICA,,,,,,SIN SITUACION DE FONDOS,NO APLICA,NO DEFINIDO,1826700.0,376000.0,376000.0
14195044,20210901,220173585,Instituto Purificense para la Recreación y el Deporte,2.1.5,GASTOS DE COMERCIALIZACION Y PRODUCCION,GASTOS,FUNCIONAMIENTO,GASTOS DE COMERCIALIZACION Y PRODUCCION,No Aplica,No Aplica,No Aplica,No Aplica,No Aplica,No Aplica,No Aplica,VIGENCIA ACTUAL,ENTIDADES DIFERENTES A ENTIDADES TERRITORIALES - GESTION GENERAL,NO DEFINIDO,NO DEFINIDO,NO DEFINIDO,,,2021,Tercer Trimestre,eje_gasto,,,,NO DEFINIDO,NO DEFINIDO,,,,,,NO DEFINIDO,,,,,,NO DEFINIDO,NO DEFINIDO,NO DEFINIDO,5823493.0,3759507.0,3759507.0
14214644,20230301,220173585,Instituto Purificense para la Recreación y el Deporte,2.1.2.02.02.008,SERVICIOS PRESTADOS A LAS EMPRESAS Y SERVICIOS DE PRODUCCION,GASTOS,FUNCIONAMIENTO,ADQUISICION DE BIENES Y SERVICIOS,ADQUISICIONES DIFERENTES DE ACTIVOS,ADQUISICION DE SERVICIOS,SERVICIOS PRESTADOS A LAS EMPRESAS Y SERVICIOS DE PRODUCCION,No Aplica,No Aplica,No Aplica,No Aplica,VIGENCIA ACTUAL,ENTIDADES DIFERENTES A ENTIDADES TERRITORIALES - GESTION GENERAL,NO DEFINIDO,NO DEFINIDO,DEPORTE Y RECREACION,,,2023,Primer Trimestre,eje_gasto,,,,OTROS SERVICIOS DIVERSOS N C P,DISPONIBILIDAD INICIAL,,,,,,NO APLICA,,,,,,SIN SITUACION DE FONDOS,NO APLICA,NO DEFINIDO,10170000.0,10170000.0,10170000.0
14219168,20230601,220173585,Instituto Purificense para la Recreación y el Deporte,2.1.1.01.01.001.08.02,PRIMA DE VACACIONES,GASTOS,FUNCIONAMIENTO,GASTOS DE PERSONAL,PLANTA DE PERSONAL PERMANENTE,FACTORES CONSTITUTIVOS DE SALARIO,FACTORES SALARIALES COMUNES,PRESTACIONES SOCIALES,PRIMA DE VACACIONES,No Aplica,No Aplica,VIGENCIA ACTUAL,ENTIDADES DIFERENTES A ENTIDADES TERRITORIALES - GESTION GENERAL,NO DEFINIDO,NO DEFINIDO,DEPORTE Y RECREACION,,,2023,Segundo Trimestre,eje_gasto,,,,NO APLICA,INGRESOS CORRIENTES DE DESTINACION ESPECIFICA POR ACTO ADMINISTRATIVO,,,,,,NO APLICA,,,,,,SIN SITUACION DE FONDOS,NO APLICA,NO DEFINIDO,4610860.0,0.0,0.0
14232046,20211201,220173585,Instituto Purificense para la Recreación y el Deporte,2.1.5.02.09,"SERVICIOS PARA LA COMUNIDAD, SOCIALES Y PERSONALES",GASTOS,FUNCIONAMIENTO,GASTOS DE COMERCIALIZACION Y PRODUCCION,ADQUISICION DE SERVICIOS,"SERVICIOS PARA LA COMUNIDAD, SOCIALES Y PERSONALES",No Aplica,No Aplica,No Aplica,No Aplica,No Aplica,VIGENCIA ACTUAL,ENTIDADES DIFERENTES A ENTIDADES TERRITORIALES - GESTION GENERAL,NO DEFINIDO,NO DEFINIDO,DEPORTE Y RECREACION,,,2021,Cuarto Trimestre,eje_gasto,,,,NO APLICA,INGRESOS CORRIENTES DE LIBRE DESTINACION,,,,,,NO APLICA,,,,,,SIN SITUACION DE FONDOS,OTRO,NO DEFINIDO,7613863.0,2856219.0,2856219.0
14246270,20220301,220173585,Instituto Purificense para la Recreación y el Deporte,2.1.1.01.02.004,APORTES A CAJAS DE COMPENSACION FAMILIAR,GASTOS,FUNCIONAMIENTO,GASTOS DE PERSONAL,PLANTA DE PERSONAL PERMANENTE,CONTRIBUCIONES INHERENTES A LA NOMINA,APORTES A CAJAS DE COMPENSACION FAMILIAR,No Aplica,No Aplica,No Aplica,No Aplica,VIGENCIA ACTUAL,ENTIDADES DIFERENTES A ENTIDADES TERRITORIALES - GESTION GENERAL,NO DEFINIDO,NO DEFINIDO,DEPORTE Y RECREACION,,,2022,Primer Trimestre,eje_gasto,,,,NO APLICA,INGRESOS CORRIENTES DE LIBRE DESTINACION,,,,,,NO APLICA,,,,,,SIN SITUACION DE FONDOS,OTRO,NO DEFINIDO,875200.0,875200.0,875200.0
14248863,20210601,220173585,Instituto Purificense para la Recreación y el Deporte,2.1.1,GASTOS DE PERSONAL,GASTOS,FUNCIONAMIENTO,GASTOS DE PERSONAL,No Aplica,No Aplica,No Aplica,No Aplica,No Aplica,No Aplica,No Aplica,VIGENCIA ACTUAL,ENTIDADES DIFERENTES A ENTIDADES TERRITORIALES - GESTION GENERAL,NO DEFINIDO,NO DEFINIDO,NO DEFINIDO,,,2021,Segundo Trimestre,eje_gasto,,,,NO DEFINIDO,NO DEFINIDO,,,,,,NO DEFINIDO,,,,,,NO DEFINIDO,NO DEFINIDO,NO DEFINIDO,85468726.0,85468726.0,69903737.0
14248887,20210301,220173585,Instituto Purificense para la Recreación y el Deporte,2.1.1.01.02.005,APORTES GENERALES AL SISTEMA DE RIESGOS LABORALES,GASTOS,FUNCIONAMIENTO,GASTOS DE PERSONAL,PLANTA DE PERSONAL PERMANENTE,CONTRIBUCIONES INHERENTES A LA NOMINA,APORTES GENERALES AL SISTEMA DE RIESGOS LABORALES,No Aplica,No Aplica,No Aplica,No Aplica,VIGENCIA ACTUAL,ENTIDADES DIFERENTES A ENTIDADES TERRITORIALES - GESTION GENERAL,NO DEFINIDO,NO DEFINIDO,NO DEFINIDO,,,2021,Primer Trimestre,eje_gasto,,,,NO APLICA,1.2.2.0.00 - INGRESOS CORRIENTES DE DESTINACION ESPECIFICA POR ACTO ADMINISTRATIVO,,,,,,NO APLICA,,,,,,SIN SITUACION DE FONDOS,OTRO,NO DEFINIDO,100800.0,100800.0,67200.0
14255447,20230301,220173585,Instituto Purificense para la Recreación y el Deporte,2.1.1.01.01.001,FACTORES SALARIALES COMUNES,GASTOS,FUNCIONAMIENTO,GASTOS DE PERSONAL,PLANTA DE PERSONAL PERMANENTE,FACTORES CONSTITUTIVOS DE SALARIO,FACTORES SALARIALES COMUNES,No Aplica,No Aplica,No Aplica,No Aplica,VIGENCIA ACTUAL,ENTIDADES DIFERENTES A ENTIDADES TERRITORIALES - GESTION GENERAL,NO DEFINIDO,NO DEFINIDO,NO DEFINIDO,,,2023,Primer Trimestre,eje_gasto,,,,NO DEFINIDO,NO DEFINIDO,,,,,,NO DEFINIDO,,,,,,NO DEFINIDO,NO DEFINIDO,NO DEFINIDO,32590750.0,24090750.0,24090750.0
14272320,20210601,220173585,Instituto Purificense para la Recreación y el Deporte,2.1.2.01.01.003,MAQUINARIA Y EQUIPO,GASTOS,FUNCIONAMIENTO,ADQUISICION DE BIENES Y SERVICIOS,ADQUISICION DE ACTIVOS NO FINANCIEROS,ACTIVOS FIJOS,MAQUINARIA Y EQUIPO,No Aplica,No Aplica,No Aplica,No Aplica,VIGENCIA ACTUAL,ENTIDADES DIFERENTES A ENTIDADES TERRITORIALES - GESTION GENERAL,NO DEFINIDO,NO DEFINIDO,NO DEFINIDO,,,2021,Segundo Trimestre,eje_gasto,,,,NO DEFINIDO,NO DEFINIDO,,,,,,NO DEFINIDO,,,,,,NO DEFINIDO,NO DEFINIDO,NO DEFINIDO,6620972.0,6620972.0,0.0
14276212,20221201,220173585,Instituto Purificense para la Recreación y el Deporte,2.1.1.01.02.006,APORTES AL ICBF,GASTOS,FUNCIONAMIENTO,GASTOS DE PERSONAL,PLANTA DE PERSONAL PERMANENTE,CONTRIBUCIONES INHERENTES A LA NOMINA,APORTES AL ICBF,No Aplica,No Aplica,No Aplica,No Aplica,VIGENCIA ACTUAL,ENTIDADES DIFERENTES A ENTIDADES TERRITORIALES - GESTION GENERAL,NO DEFINIDO,NO DEFINIDO,DEPORTE Y RECREACION,,,2022,Cuarto Trimestre,eje_gasto,,,,NO APLICA,INGRESOS CORRIENTES DE LIBRE DESTINACION,,,,,,NO APLICA,,,,,,SIN SITUACION DE FONDOS,NO APLICA,NO DEFINIDO,2562200.0,2562200.0,2562200.0
14301912,20210901,220173585,Instituto Purificense para la Recreación y el Deporte,2.1.1.02,PERSONAL SUPERNUMERARIO Y PLANTA TEMPORAL,GASTOS,FUNCIONAMIENTO,GASTOS DE PERSONAL,PERSONAL SUPERNUMERARIO Y PLANTA TEMPORAL,No Aplica,No Aplica,No Aplica,No Aplica,No Aplica,No Aplica,VIGENCIA ACTUAL,ENTIDADES DIFERENTES A ENTIDADES TERRITORIALES - GESTION GENERAL,NO DEFINIDO,NO DEFINIDO,NO DEFINIDO,,,2021,Tercer Trimestre,eje_gasto,,,,NO DEFINIDO,NO DEFINIDO,,,,,,NO DEFINIDO,,,,,,NO DEFINIDO,NO DEFINIDO,NO DEFINIDO,41984000.0,41984000.0,41984000.0
14308567,20220901,220173585,Instituto Purificense para la Recreación y el Deporte,2.1.1.01.02.001,APORTES A LA SEGURIDAD SOCIAL EN PENSIONES,GASTOS,FUNCIONAMIENTO,GASTOS DE PERSONAL,PLANTA DE PERSONAL PERMANENTE,CONTRIBUCIONES INHERENTES A LA NOMINA,APORTES A LA SEGURIDAD SOCIAL EN PENSIONES,No Aplica,No Aplica,No Aplica,No Aplica,VIGENCIA ACTUAL,ENTIDADES DIFERENTES A ENTIDADES TERRITORIALES - GESTION GENERAL,NO DEFINIDO,NO DEFINIDO,DEPORTE Y RECREACION,,,2022,Tercer Trimestre,eje_gasto,,,,NO APLICA,INGRESOS CORRIENTES DE LIBRE DESTINACION,,,,,,NO APLICA,,,,,,SIN SITUACION DE FONDOS,OTRO,NO DEFINIDO,8216893.0,8216893.0,3030168.0
14312515,20220601,220173585,Instituto Purificense para la Recreación y el Deporte,2.1.1.01.02.004,APORTES A CAJAS DE COMPENSACION FAMILIAR,GASTOS,FUNCIONAMIENTO,GASTOS DE PERSONAL,PLANTA DE PERSONAL PERMANENTE,CONTRIBUCIONES INHERENTES A LA NOMINA,APORTES A CAJAS DE COMPENSACION FAMILIAR,No Aplica,No Aplica,No Aplica,No Aplica,VIGENCIA ACTUAL,ENTIDADES DIFERENTES A ENTIDADES TERRITORIALES - GESTION GENERAL,NO DEFINIDO,NO DEFINIDO,DEPORTE Y RECREACION,,,2022,Segundo Trimestre,eje_gasto,,,,NO APLICA,INGRESOS CORRIENTES DE LIBRE DESTINACION,,,,,,NO APLICA,,,,,,SIN SITUACION DE FONDOS,OTRO,NO DEFINIDO,1449400.0,1449400.0,794600.0
14315653,20211201,220173585,Instituto Purificense para la Recreación y el Deporte,2.1.1.01.01.001.05,AUXILIO DE TRANSPORTE,GASTOS,FUNCIONAMIENTO,GASTOS DE PERSONAL,PLANTA DE PERSONAL PERMANENTE,FACTORES CONSTITUTIVOS DE SALARIO,FACTORES SALARIALES COMUNES,AUXILIO DE TRANSPORTE,No Aplica,No Aplica,No Aplica,VIGENCIA ACTUAL,ENTIDADES DIFERENTES A ENTIDADES TERRITORIALES - GESTION GENERAL,NO DEFINIDO,NO DEFINIDO,DEPORTE Y RECREACION,,,2021,Cuarto Trimestre,eje_gasto,,,,NO APLICA,INGRESOS CORRIENTES DE LIBRE DESTINACION,,,,,,NO APLICA,,,,,,SIN SITUACION DE FONDOS,OTRO,NO DEFINIDO,1277448.0,532270.0,532270.0
14319951,20210301,220173585,Instituto Purificense para la Recreación y el Deporte,2,GASTOS,GASTOS,No Aplica,No Aplica,No Aplica,No Aplica,No Aplica,No Aplica,No Aplica,No Aplica,No Aplica,VIGENCIA ACTUAL,ENTIDADES DIFERENTES A ENTIDADES TERRITORIALES - GESTION GENERAL,NO DEFINIDO,NO DEFINIDO,NO DEFINIDO,,,2021,Primer Trimestre,eje_gasto,,,,NO DEFINIDO,NO DEFINIDO,,,,,,NO DEFINIDO,,,,,,NO DEFINIDO,NO DEFINIDO,NO DEFINIDO,215137605.0,194437605.0,176562571.0
14342788,20220901,220173585,Instituto Purificense para la Recreación y el Deporte,2.1.3.13,SENTENCIAS Y CONCILIACIONES,GASTOS,FUNCIONAMIENTO,TRANSFERENCIAS CORRIENTES,SENTENCIAS Y CONCILIACIONES,No Aplica,No Aplica,No Aplica,No Aplica,No Aplica,No Aplica,VIGENCIA ACTUAL,ENTIDADES DIFERENTES A ENTIDADES TERRITORIALES - GESTION GENERAL,NO DEFINIDO,NO DEFINIDO,NO DEFINIDO,,,2022,Tercer Trimestre,eje_gasto,,,,NO DEFINIDO,NO DEFINIDO,,,,,,NO DEFINIDO,,,,,,NO DEFINIDO,NO DEFINIDO,NO DEFINIDO,70000000.0,70000000.0,0.0
14346637,20210601,220173585,Instituto Purificense para la Recreación y el Deporte,2.3.1.02.01.001.01,SUELDO BASICO,GASTOS,INVERSION,GASTOS DE PERSONAL,PERSONAL SUPERNUMERARIO Y PLANTA TEMPORAL,FACTORES CONSTITUTIVOS DE SALARIO,FACTORES SALARIALES COMUNES,SUELDO BASICO,No Aplica,No Aplica,No Aplica,VIGENCIA ACTUAL,ENTIDADES DIFERENTES A ENTIDADES TERRITORIALES - GESTION GENERAL,NO DEFINIDO,NO DEFINIDO,DEPORTE Y RECREACION,,,2021,Segundo Trimestre,eje_gasto,,,,NO APLICA,1.2.1.0.00 - INGRESOS CORRIENTES DE LIBRE DESTINACION,,,,,,NO APLICA,,,,,,CON SITUACION DE FONDOS,OTRO,NO DEFINIDO,66224800.0,66224800.0,42200000.0
14350260,20230601,220173585,Instituto Purificense para la Recreación y el Deporte,2.1.1.02.01,FACTORES CONSTITUTIVOS DE SALARIO,GASTOS,FUNCIONAMIENTO,GASTOS DE PERSONAL,PERSONAL SUPERNUMERARIO Y PLANTA TEMPORAL,FACTORES CONSTITUTIVOS DE SALARIO,No Aplica,No Aplica,No Aplica,No Aplica,No Aplica,VIGENCIA ACTUAL,ENTIDADES DIFERENTES A ENTIDADES TERRITORIALES - GESTION GENERAL,NO DEFINIDO,NO DEFINIDO,NO DEFINIDO,,,2023,Segundo Trimestre,eje_gasto,,,,NO DEFINIDO,NO DEFINIDO,,,,,,NO DEFINIDO,,,,,,NO DEFINIDO,NO DEFINIDO,NO DEFINIDO,47000000.0,28980000.0,28980000.0
14351588,20230601,220173585,Instituto Purificense para la Recreación y el Deporte,2.1.1.01.03,REMUNERACIONES NO CONSTITUTIVAS DE FACTOR SALARIAL,GASTOS,FUNCIONAMIENTO,GASTOS DE PERSONAL,PLANTA DE PERSONAL PERMANENTE,REMUNERACIONES NO CONSTITUTIVAS DE FACTOR SALARIAL,No Aplica,No Aplica,No Aplica,No Aplica,No Aplica,VIGENCIA ACTUAL,ENTIDADES DIFERENTES A ENTIDADES TERRITORIALES - GESTION GENERAL,NO DEFINIDO,NO DEFINIDO,NO DEFINIDO,,,2023,Segundo Trimestre,eje_gasto,,,,NO DEFINIDO,NO DEFINIDO,,,,,,NO DEFINIDO,,,,,,NO DEFINIDO,NO DEFINIDO,NO DEFINIDO,5595312.0,0.0,0.0
14355445,20210901,220173585,Instituto Purificense para la Recreación y el Deporte,2.1.5.02.09,"SERVICIOS PARA LA COMUNIDAD, SOCIALES Y PERSONALES",GASTOS,FUNCIONAMIENTO,GASTOS DE COMERCIALIZACION Y PRODUCCION,ADQUISICION DE SERVICIOS,"SERVICIOS PARA LA COMUNIDAD, SOCIALES Y PERSONALES",No Aplica,No Aplica,No Aplica,No Aplica,No Aplica,VIGENCIA ACTUAL,ENTIDADES DIFERENTES A ENTIDADES TERRITORIALES - GESTION GENERAL,NO DEFINIDO,NO DEFINIDO,DEPORTE Y RECREACION,,,2021,Tercer Trimestre,eje_gasto,,,,3212899 - PAPELES N.C.P.,1.2.1.0.00 - INGRESOS CORRIENTES DE LIBRE DESTINACION,,,,,,NO APLICA,,,,,,SIN SITUACION DE FONDOS,OTRO,NO DEFINIDO,5823493.0,3759507.0,3759507.0
14356468,20210601,220173585,Instituto Purificense para la Recreación y el Deporte,2.1.3.13.01,FALLOS NACIONALES,GASTOS,FUNCIONAMIENTO,TRANSFERENCIAS CORRIENTES,SENTENCIAS Y CONCILIACIONES,FALLOS NACIONALES,No Aplica,No Aplica,No Aplica,No Aplica,No Aplica,VIGENCIA ACTUAL,ENTIDADES DIFERENTES A ENTIDADES TERRITORIALES - GESTION GENERAL,NO DEFINIDO,NO DEFINIDO,NO DEFINIDO,,,2021,Segundo Trimestre,eje_gasto,,,,NO DEFINIDO,NO DEFINIDO,,,,,,NO DEFINIDO,,,,,,NO DEFINIDO,NO DEFINIDO,NO DEFINIDO,112008616.0,112008616.0,112008616.0
14359765,20211201,220173585,Instituto Purificense para la Recreación y el Deporte,2.1.1.01.01,FACTORES CONSTITUTIVOS DE SALARIO,GASTOS,FUNCIONAMIENTO,GASTOS DE PERSONAL,PLANTA DE PERSONAL PERMANENTE,FACTORES CONSTITUTIVOS DE SALARIO,No Aplica,No Aplica,No Aplica,No Aplica,No Aplica,VIGENCIA ACTUAL,ENTIDADES DIFERENTES A ENTIDADES TERRITORIALES - GESTION GENERAL,NO DEFINIDO,NO DEFINIDO,NO DEFINIDO,,,2021,Cuarto Trimestre,eje_gasto,,,,NO DEFINIDO,NO DEFINIDO,,,,,,NO DEFINIDO,,,,,,NO DEFINIDO,NO DEFINIDO,NO DEFINIDO,96822752.0,34606597.0,34538763.0
14363339,20210601,220173585,Instituto Purificense para la Recreación y el Deporte,2.1.1.01.02.006,APORTES AL ICBF,GASTOS,FUNCIONAMIENTO,GASTOS DE PERSONAL,PLANTA DE PERSONAL PERMANENTE,CONTRIBUCIONES INHERENTES A LA NOMINA,APORTES AL ICBF,No Aplica,No Aplica,No Aplica,No Aplica,VIGENCIA ACTUAL,ENTIDADES DIFERENTES A ENTIDADES TERRITORIALES - GESTION GENERAL,NO DEFINIDO,NO DEFINIDO,DEPORTE Y RECREACION,,,2021,Segundo Trimestre,eje_gasto,,,,NO APLICA,1.2.1.0.00 - INGRESOS CORRIENTES DE LIBRE DESTINACION,,,,,,NO APLICA,,,,,,SIN SITUACION DE FONDOS,OTRO,NO DEFINIDO,1152000.0,1152000.0,960000.0
14369106,20220601,220173585,Instituto Purificense para la Recreación y el Deporte,2.1.1.01.02.001,APORTES A LA SEGURIDAD SOCIAL EN PENSIONES,GASTOS,FUNCIONAMIENTO,GASTOS DE PERSONAL,PLANTA DE PERSONAL PERMANENTE,CONTRIBUCIONES INHERENTES A LA NOMINA,APORTES A LA SEGURIDAD SOCIAL EN PENSIONES,No Aplica,No Aplica,No Aplica,No Aplica,VIGENCIA ACTUAL,ENTIDADES DIFERENTES A ENTIDADES TERRITORIALES - GESTION GENERAL,NO DEFINIDO,NO DEFINIDO,DEPORTE Y RECREACION,,,2022,Segundo Trimestre,eje_gasto,,,,NO APLICA,INGRESOS CORRIENTES DE LIBRE DESTINACION,,,,,,NO APLICA,,,,,,SIN SITUACION DE FONDOS,OTRO,NO DEFINIDO,4283093.0,4283093.0,2048218.0
14369812,20210901,220173585,Instituto Purificense para la Recreación y el Deporte,2.1.3.13,SENTENCIAS Y CONCILIACIONES,GASTOS,FUNCIONAMIENTO,TRANSFERENCIAS CORRIENTES,SENTENCIAS Y CONCILIACIONES,No Aplica,No Aplica,No Aplica,No Aplica,No Aplica,No Aplica,VIGENCIA ACTUAL,ENTIDADES DIFERENTES A ENTIDADES TERRITORIALES - GESTION GENERAL,NO DEFINIDO,NO DEFINIDO,NO DEFINIDO,,,2021,Tercer Trimestre,eje_gasto,,,,NO DEFINIDO,NO DEFINIDO,,,,,,NO DEFINIDO,,,,,,NO DEFINIDO,NO DEFINIDO,NO DEFINIDO,112008616.0,41384.0,41384.0
14371823,20211201,220173585,Instituto Purificense para la Recreación y el Deporte,2.1.1.01.02.007,APORTES AL SENA,GASTOS,FUNCIONAMIENTO,GASTOS DE PERSONAL,PLANTA DE PERSONAL PERMANENTE,CONTRIBUCIONES INHERENTES A LA NOMINA,APORTES AL SENA,No Aplica,No Aplica,No Aplica,No Aplica,VIGENCIA ACTUAL,ENTIDADES DIFERENTES A ENTIDADES TERRITORIALES - GESTION GENERAL,NO DEFINIDO,NO DEFINIDO,DEPORTE Y RECREACION,,,2021,Cuarto Trimestre,eje_gasto,,,,NO APLICA,DISPONIBILIDAD INICIAL,,,,,,NO APLICA,,,,,,SIN SITUACION DE FONDOS,OTRO,NO DEFINIDO,1401100.0,768600.0,768600.0
14372495,20211201,220173585,Instituto Purificense para la Recreación y el Deporte,2.1.8.01.14,GRAVAMEN A LOS MOVIMIENTOS FINANCIEROS,GASTOS,FUNCIONAMIENTO,"GASTOS POR TRIBUTOS, TASAS, CONTRIBUCIONES, MULTAS, SANCIONES E INTERESES DE MORA",IMPUESTOS,GRAVAMEN A LOS MOVIMIENTOS FINANCIEROS,No Aplica,No Aplica,No Aplica,No Aplica,No Aplica,VIGENCIA ACTUAL,ENTIDADES DIFERENTES A ENTIDADES TERRITORIALES - GESTION GENERAL,NO DEFINIDO,NO DEFINIDO,DEPORTE Y RECREACION,,,2021,Cuarto Trimestre,eje_gasto,,,,NO APLICA,INGRESOS CORRIENTES DE LIBRE DESTINACION,,,,,,NO APLICA,,,,,,SIN SITUACION DE FONDOS,OTRO,NO DEFINIDO,1135000.0,17000.0,0.0
14380357,20220901,220173585,Instituto Purificense para la Recreación y el Deporte,2.1.1.01.02.002,APORTES A LA SEGURIDAD SOCIAL EN SALUD,GASTOS,FUNCIONAMIENTO,GASTOS DE PERSONAL,PLANTA DE PERSONAL PERMANENTE,CONTRIBUCIONES INHERENTES A LA NOMINA,APORTES A LA SEGURIDAD SOCIAL EN SALUD,No Aplica,No Aplica,No Aplica,No Aplica,VIGENCIA ACTUAL,ENTIDADES DIFERENTES A ENTIDADES TERRITORIALES - GESTION GENERAL,NO DEFINIDO,NO DEFINIDO,DEPORTE Y RECREACION,,,2022,Tercer Trimestre,eje_gasto,,,,NO APLICA,INGRESOS CORRIENTES DE LIBRE DESTINACION,,,,,,NO APLICA,,,,,,SIN SITUACION DE FONDOS,OTRO,NO DEFINIDO,5812443.0,5812443.0,2335693.0
14382902,20220901,220173585,Instituto Purificense para la Recreación y el Deporte,2.1.1.01.02.007,APORTES AL SENA,GASTOS,FUNCIONAMIENTO,GASTOS DE PERSONAL,PLANTA DE PERSONAL PERMANENTE,CONTRIBUCIONES INHERENTES A LA NOMINA,APORTES AL SENA,No Aplica,No Aplica,No Aplica,No Aplica,VIGENCIA ACTUAL,ENTIDADES DIFERENTES A ENTIDADES TERRITORIALES - GESTION GENERAL,NO DEFINIDO,NO DEFINIDO,DEPORTE Y RECREACION,,,2022,Tercer Trimestre,eje_gasto,,,,NO APLICA,INGRESOS CORRIENTES DE LIBRE DESTINACION,,,,,,NO APLICA,,,,,,SIN SITUACION DE FONDOS,OTRO,NO DEFINIDO,1195900.0,1195900.0,372400.0
14396301,20220901,220173585,Instituto Purificense para la Recreación y el Deporte,2,GASTOS,GASTOS,No Aplica,No Aplica,No Aplica,No Aplica,No Aplica,No Aplica,No Aplica,No Aplica,No Aplica,VIGENCIA ACTUAL,ENTIDADES DIFERENTES A ENTIDADES TERRITORIALES - GESTION GENERAL,NO DEFINIDO,NO DEFINIDO,NO DEFINIDO,,,2022,Tercer Trimestre,eje_gasto,,,,NO DEFINIDO,NO DEFINIDO,,,,,,NO DEFINIDO,,,,,,NO DEFINIDO,NO DEFINIDO,NO DEFINIDO,231372874.0,231372874.0,86150179.0
14403596,20220601,220173585,Instituto Purificense para la Recreación y el Deporte,2.1.3.13.01.002,CONCILIACIONES,GASTOS,FUNCIONAMIENTO,TRANSFERENCIAS CORRIENTES,SENTENCIAS Y CONCILIACIONES,FALLOS NACIONALES,CONCILIACIONES,No Aplica,No Aplica,No Aplica,No Aplica,VIGENCIA ACTUAL,ENTIDADES DIFERENTES A ENTIDADES TERRITORIALES - GESTION GENERAL,NO DEFINIDO,NO DEFINIDO,DEPORTE Y RECREACION,,,2022,Segundo Trimestre,eje_gasto,,,,NO APLICA,INGRESOS CORRIENTES DE LIBRE DESTINACION,,,,,,NO APLICA,,,,,,SIN SITUACION DE FONDOS,OTRO,NO DEFINIDO,70000000.0,70000000.0,70000000.0
14406384,20211201,220173585,Instituto Purificense para la Recreación y el Deporte,2.3.1.01.01,FACTORES CONSTITUTIVOS DE SALARIO,GASTOS,INVERSION,GASTOS DE PERSONAL,PLANTA DE PERSONAL PERMANENTE,FACTORES CONSTITUTIVOS DE SALARIO,No Aplica,No Aplica,No Aplica,No Aplica,No Aplica,VIGENCIA ACTUAL,ENTIDADES DIFERENTES A ENTIDADES TERRITORIALES - GESTION GENERAL,NO DEFINIDO,NO DEFINIDO,NO DEFINIDO,,,2021,Cuarto Trimestre,eje_gasto,,,,NO DEFINIDO,NO DEFINIDO,,,,,,NO DEFINIDO,,,,,,NO DEFINIDO,NO DEFINIDO,NO DEFINIDO,217237905.0,43500000.0,43500000.0
14415754,20211201,220173585,Instituto Purificense para la Recreación y el Deporte,2.1.1.01.02.006,APORTES AL ICBF,GASTOS,FUNCIONAMIENTO,GASTOS DE PERSONAL,PLANTA DE PERSONAL PERMANENTE,CONTRIBUCIONES INHERENTES A LA NOMINA,APORTES AL ICBF,No Aplica,No Aplica,No Aplica,No Aplica,VIGENCIA ACTUAL,ENTIDADES DIFERENTES A ENTIDADES TERRITORIALES - GESTION GENERAL,NO DEFINIDO,NO DEFINIDO,DEPORTE Y RECREACION,,,2021,Cuarto Trimestre,eje_gasto,,,,NO APLICA,INGRESOS CORRIENTES DE LIBRE DESTINACION,,,,,,NO APLICA,,,,,,SIN SITUACION DE FONDOS,OTRO,NO DEFINIDO,2112000.0,1152000.0,1152000.0
14420117,20210301,220173585,Instituto Purificense para la Recreación y el Deporte,2.3.1,GASTOS DE PERSONAL,GASTOS,INVERSION,GASTOS DE PERSONAL,No Aplica,No Aplica,No Aplica,No Aplica,No Aplica,No Aplica,No Aplica,VIGENCIA ACTUAL,ENTIDADES DIFERENTES A ENTIDADES TERRITORIALES - GESTION GENERAL,NO DEFINIDO,NO DEFINIDO,NO DEFINIDO,,,2021,Primer Trimestre,eje_gasto,,,,NO DEFINIDO,NO DEFINIDO,,,,,,NO DEFINIDO,,,,,,NO DEFINIDO,NO DEFINIDO,NO DEFINIDO,40100000.0,19400000.0,19400000.0
14422354,20221201,220173585,Instituto Purificense para la Recreación y el Deporte,2.3.1,GASTOS DE PERSONAL,GASTOS,INVERSION,GASTOS DE PERSONAL,No Aplica,No Aplica,No Aplica,No Aplica,No Aplica,No Aplica,No Aplica,VIGENCIA ACTUAL,ENTIDADES DIFERENTES A ENTIDADES TERRITORIALES - GESTION GENERAL,NO DEFINIDO,NO DEFINIDO,NO DEFINIDO,,,2022,Cuarto Trimestre,eje_gasto,,,,NO DEFINIDO,NO DEFINIDO,,,,,,NO DEFINIDO,,,,,,NO DEFINIDO,NO DEFINIDO,NO DEFINIDO,268142758.0,268142758.0,268142758.0
14432437,20211201,220173585,Instituto Purificense para la Recreación y el Deporte,2.1.1.01.03.001,PRESTACIONES SOCIALES,GASTOS,FUNCIONAMIENTO,GASTOS DE PERSONAL,PLANTA DE PERSONAL PERMANENTE,REMUNERACIONES NO CONSTITUTIVAS DE FACTOR SALARIAL,PRESTACIONES SOCIALES,No Aplica,No Aplica,No Aplica,No Aplica,VIGENCIA ACTUAL,ENTIDADES DIFERENTES A ENTIDADES TERRITORIALES - GESTION GENERAL,NO DEFINIDO,NO DEFINIDO,NO DEFINIDO,,,2021,Cuarto Trimestre,eje_gasto,,,,NO DEFINIDO,NO DEFINIDO,,,,,,NO DEFINIDO,,,,,,NO DEFINIDO,NO DEFINIDO,NO DEFINIDO,4811571.0,1524217.0,1524217.0
14434828,20210901,220173585,Instituto Purificense para la Recreación y el Deporte,2.3.8,"GASTOS POR TRIBUTOS, TASAS, CONTRIBUCIONES, MULTAS, SANCIONES E INTERESES DE MORA",GASTOS,INVERSION,"GASTOS POR TRIBUTOS, TASAS, CONTRIBUCIONES, MULTAS, SANCIONES E INTERESES DE MORA",No Aplica,No Aplica,No Aplica,No Aplica,No Aplica,No Aplica,No Aplica,VIGENCIA ACTUAL,ENTIDADES DIFERENTES A ENTIDADES TERRITORIALES - GESTION GENERAL,NO DEFINIDO,NO DEFINIDO,NO DEFINIDO,,,2021,Tercer Trimestre,eje_gasto,,,,NO DEFINIDO,NO DEFINIDO,,,,,,NO DEFINIDO,,,,,,NO DEFINIDO,NO DEFINIDO,NO DEFINIDO,2000.0,2000.0,0.0
14456524,20210601,220173585,Instituto Purificense para la Recreación y el Deporte,2.1.1.01.02.001,APORTES A LA SEGURIDAD SOCIAL EN PENSIONES,GASTOS,FUNCIONAMIENTO,GASTOS DE PERSONAL,PLANTA DE PERSONAL PERMANENTE,CONTRIBUCIONES INHERENTES A LA NOMINA,APORTES A LA SEGURIDAD SOCIAL EN PENSIONES,No Aplica,No Aplica,No Aplica,No Aplica,VIGENCIA ACTUAL,ENTIDADES DIFERENTES A ENTIDADES TERRITORIALES - GESTION GENERAL,NO DEFINIDO,NO DEFINIDO,DEPORTE Y RECREACION,,,2021,Segundo Trimestre,eje_gasto,,,,NO APLICA,1.2.1.0.00 - INGRESOS CORRIENTES DE LIBRE DESTINACION,,,,,,NO APLICA,,,,,,SIN SITUACION DE FONDOS,OTRO,NO DEFINIDO,4500000.0,4500000.0,3750655.0
14458059,20210301,220173585,Instituto Purificense para la Recreación y el Deporte,2.1.1.01.02.003,APORTES DE CESANTIAS,GASTOS,FUNCIONAMIENTO,GASTOS DE PERSONAL,PLANTA DE PERSONAL PERMANENTE,CONTRIBUCIONES INHERENTES A LA NOMINA,APORTES DE CESANTIAS,No Aplica,No Aplica,No Aplica,No Aplica,VIGENCIA ACTUAL,ENTIDADES DIFERENTES A ENTIDADES TERRITORIALES - GESTION GENERAL,NO DEFINIDO,NO DEFINIDO,NO DEFINIDO,,,2021,Primer Trimestre,eje_gasto,,,,NO APLICA,1.2.2.0.00 - INGRESOS CORRIENTES DE DESTINACION ESPECIFICA POR ACTO ADMINISTRATIVO,,,,,,NO APLICA,,,,,,SIN SITUACION DE FONDOS,OTRO,NO DEFINIDO,7975501.0,7975501.0,7975501.0
14472771,20210901,220173585,Instituto Purificense para la Recreación y el Deporte,2.1.1.02.01.001,FACTORES SALARIALES COMUNES,GASTOS,FUNCIONAMIENTO,GASTOS DE PERSONAL,PERSONAL SUPERNUMERARIO Y PLANTA TEMPORAL,FACTORES CONSTITUTIVOS DE SALARIO,FACTORES SALARIALES COMUNES,No Aplica,No Aplica,No Aplica,No Aplica,VIGENCIA ACTUAL,ENTIDADES DIFERENTES A ENTIDADES TERRITORIALES - GESTION GENERAL,NO DEFINIDO,NO DEFINIDO,NO DEFINIDO,,,2021,Tercer Trimestre,eje_gasto,,,,NO DEFINIDO,NO DEFINIDO,,,,,,NO DEFINIDO,,,,,,NO DEFINIDO,NO DEFINIDO,NO DEFINIDO,41984000.0,41984000.0,41984000.0
14480679,20211201,220173585,Instituto Purificense para la Recreación y el Deporte,2.1.1.01.01.001.06,PRIMA DE SERVICIO,GASTOS,FUNCIONAMIENTO,GASTOS DE PERSONAL,PLANTA DE PERSONAL PERMANENTE,FACTORES CONSTITUTIVOS DE SALARIO,FACTORES SALARIALES COMUNES,PRIMA DE SERVICIO,No Aplica,No Aplica,No Aplica,VIGENCIA ACTUAL,ENTIDADES DIFERENTES A ENTIDADES TERRITORIALES - GESTION GENERAL,NO DEFINIDO,NO DEFINIDO,DEPORTE Y RECREACION,,,2021,Cuarto Trimestre,eje_gasto,,,,NO APLICA,INGRESOS CORRIENTES DE LIBRE DESTINACION,,,,,,NO APLICA,,,,,,SIN SITUACION DE FONDOS,OTRO,NO DEFINIDO,3475335.0,24665.0,0.0
14481388,20210901,220173585,Instituto Purificense para la Recreación y el Deporte,2.1.1.01.01.001.08.01,PRIMA DE NAVIDAD,GASTOS,FUNCIONAMIENTO,GASTOS DE PERSONAL,PLANTA DE PERSONAL PERMANENTE,FACTORES CONSTITUTIVOS DE SALARIO,FACTORES SALARIALES COMUNES,PRESTACIONES SOCIALES,PRIMA DE NAVIDAD,No Aplica,No Aplica,VIGENCIA ACTUAL,ENTIDADES DIFERENTES A ENTIDADES TERRITORIALES - GESTION GENERAL,NO DEFINIDO,NO DEFINIDO,DEPORTE Y RECREACION,,,2021,Tercer Trimestre,eje_gasto,,,,NO APLICA,1.2.1.0.00 - INGRESOS CORRIENTES DE LIBRE DESTINACION,,,,,,NO APLICA,,,,,,SIN SITUACION DE FONDOS,OTRO,NO DEFINIDO,7000000.0,7000000.0,7000000.0
14483391,20230301,220173585,Instituto Purificense para la Recreación y el Deporte,2.1,FUNCIONAMIENTO,GASTOS,FUNCIONAMIENTO,No Aplica,No Aplica,No Aplica,No Aplica,No Aplica,No Aplica,No Aplica,No Aplica,VIGENCIA ACTUAL,ENTIDADES DIFERENTES A ENTIDADES TERRITORIALES - GESTION GENERAL,NO DEFINIDO,NO DEFINIDO,NO DEFINIDO,,,2023,Primer Trimestre,eje_gasto,,,,NO DEFINIDO,NO DEFINIDO,,,,,,NO DEFINIDO,,,,,,NO DEFINIDO,NO DEFINIDO,NO DEFINIDO,87199739.0,78699739.0,78699739.0
14486876,20220601,220173585,Instituto Purificense para la Recreación y el Deporte,2.1.1.01.02.007,APORTES AL SENA,GASTOS,FUNCIONAMIENTO,GASTOS DE PERSONAL,PLANTA DE PERSONAL PERMANENTE,CONTRIBUCIONES INHERENTES A LA NOMINA,APORTES AL SENA,No Aplica,No Aplica,No Aplica,No Aplica,VIGENCIA ACTUAL,ENTIDADES DIFERENTES A ENTIDADES TERRITORIALES - GESTION GENERAL,NO DEFINIDO,NO DEFINIDO,DEPORTE Y RECREACION,,,2022,Segundo Trimestre,eje_gasto,,,,NO APLICA,INGRESOS CORRIENTES DE LIBRE DESTINACION,,,,,,NO APLICA,,,,,,SIN SITUACION DE FONDOS,OTRO,NO DEFINIDO,540700.0,540700.0,213100.0
14496035,20220901,220173585,Instituto Purificense para la Recreación y el Deporte,2.1.1.01.01,FACTORES CONSTITUTIVOS DE SALARIO,GASTOS,FUNCIONAMIENTO,GASTOS DE PERSONAL,PLANTA DE PERSONAL PERMANENTE,FACTORES CONSTITUTIVOS DE SALARIO,No Aplica,No Aplica,No Aplica,No Aplica,No Aplica,VIGENCIA ACTUAL,ENTIDADES DIFERENTES A ENTIDADES TERRITORIALES - GESTION GENERAL,NO DEFINIDO,NO DEFINIDO,NO DEFINIDO,,,2022,Tercer Trimestre,eje_gasto,,,,NO DEFINIDO,NO DEFINIDO,,,,,,NO DEFINIDO,,,,,,NO DEFINIDO,NO DEFINIDO,NO DEFINIDO,70388140.0,70388140.0,42295642.0
14497005,20220301,220173585,Instituto Purificense para la Recreación y el Deporte,2.1.1.01.02.006,APORTES AL ICBF,GASTOS,FUNCIONAMIENTO,GASTOS DE PERSONAL,PLANTA DE PERSONAL PERMANENTE,CONTRIBUCIONES INHERENTES A LA NOMINA,APORTES AL ICBF,No Aplica,No Aplica,No Aplica,No Aplica,VIGENCIA ACTUAL,ENTIDADES DIFERENTES A ENTIDADES TERRITORIALES - GESTION GENERAL,NO DEFINIDO,NO DEFINIDO,DEPORTE Y RECREACION,,,2022,Primer Trimestre,eje_gasto,,,,NO APLICA,INGRESOS CORRIENTES DE LIBRE DESTINACION,,,,,,NO APLICA,,,,,,SIN SITUACION DE FONDOS,OTRO,NO DEFINIDO,701200.0,701200.0,701200.0
14513106,20210601,220173585,Instituto Purificense para la Recreación y el Deporte,2.1.1.01.03,REMUNERACIONES NO CONSTITUTIVAS DE FACTOR SALARIAL,GASTOS,FUNCIONAMIENTO,GASTOS DE PERSONAL,PLANTA DE PERSONAL PERMANENTE,REMUNERACIONES NO CONSTITUTIVAS DE FACTOR SALARIAL,No Aplica,No Aplica,No Aplica,No Aplica,No Aplica,VIGENCIA ACTUAL,ENTIDADES DIFERENTES A ENTIDADES TERRITORIALES - GESTION GENERAL,NO DEFINIDO,NO DEFINIDO,NO DEFINIDO,,,2021,Segundo Trimestre,eje_gasto,,,,NO DEFINIDO,NO DEFINIDO,,,,,,NO DEFINIDO,,,,,,NO DEFINIDO,NO DEFINIDO,NO DEFINIDO,3450862.0,3450862.0,1524217.0
14514819,20221201,220173585,Instituto Purificense para la Recreación y el Deporte,2.1.3.13,SENTENCIAS Y CONCILIACIONES,GASTOS,FUNCIONAMIENTO,TRANSFERENCIAS CORRIENTES,SENTENCIAS Y CONCILIACIONES,No Aplica,No Aplica,No Aplica,No Aplica,No Aplica,No Aplica,VIGENCIA ACTUAL,ENTIDADES DIFERENTES A ENTIDADES TERRITORIALES - GESTION GENERAL,NO DEFINIDO,NO DEFINIDO,NO DEFINIDO,,,2022,Cuarto Trimestre,eje_gasto,,,,NO DEFINIDO,NO DEFINIDO,,,,,,NO DEFINIDO,,,,,,NO DEFINIDO,NO DEFINIDO,NO DEFINIDO,97604690.0,97604690.0,97604690.0
14516032,20210601,220173585,Instituto Purificense para la Recreación y el Deporte,2.1.1.01.01.001.01,SUELDO BASICO,GASTOS,FUNCIONAMIENTO,GASTOS DE PERSONAL,PLANTA DE PERSONAL PERMANENTE,FACTORES CONSTITUTIVOS DE SALARIO,FACTORES SALARIALES COMUNES,SUELDO BASICO,No Aplica,No Aplica,No Aplica,VIGENCIA ACTUAL,ENTIDADES DIFERENTES A ENTIDADES TERRITORIALES - GESTION GENERAL,NO DEFINIDO,NO DEFINIDO,DEPORTE Y RECREACION,,,2021,Segundo Trimestre,eje_gasto,,,,NO APLICA,1.1.0.0.00 - DISPONIBILIDAD INICIAL,,,,,,NO APLICA,,,,,,CON SITUACION DE FONDOS,OTRO,NO DEFINIDO,39647689.0,39647689.0,32803000.0
14533798,20210301,220173585,Instituto Purificense para la Recreación y el Deporte,2.1.2.01.01,ACTIVOS FIJOS,GASTOS,FUNCIONAMIENTO,ADQUISICION DE BIENES Y SERVICIOS,ADQUISICION DE ACTIVOS NO FINANCIEROS,ACTIVOS FIJOS,No Aplica,No Aplica,No Aplica,No Aplica,No Aplica,VIGENCIA ACTUAL,ENTIDADES DIFERENTES A ENTIDADES TERRITORIALES - GESTION GENERAL,NO DEFINIDO,NO DEFINIDO,NO DEFINIDO,,,2021,Primer Trimestre,eje_gasto,,,,NO DEFINIDO,NO DEFINIDO,,,,,,NO DEFINIDO,,,,,,NO DEFINIDO,NO DEFINIDO,NO DEFINIDO,6668972.0,6668972.0,538000.0
14547637,20230901,220173585,Instituto Purificense para la Recreación y el Deporte,2.1.1.02.01,FACTORES CONSTITUTIVOS DE SALARIO,GASTOS,FUNCIONAMIENTO,GASTOS DE PERSONAL,PERSONAL SUPERNUMERARIO Y PLANTA TEMPORAL,FACTORES CONSTITUTIVOS DE SALARIO,No Aplica,No Aplica,No Aplica,No Aplica,No Aplica,VIGENCIA ACTUAL,ENTIDADES DIFERENTES A ENTIDADES TERRITORIALES - GESTION GENERAL,NO DEFINIDO,NO DEFINIDO,NO DEFINIDO,,,2023,Tercer Trimestre,eje_gasto,,,,NO DEFINIDO,NO DEFINIDO,,,,,,NO DEFINIDO,,,,,,NO DEFINIDO,NO DEFINIDO,NO DEFINIDO,47000000.0,23500000.0,23500000.0
14585695,20230901,220173585,Instituto Purificense para la Recreación y el Deporte,2.1.1.01.02.004,APORTES A CAJAS DE COMPENSACION FAMILIAR,GASTOS,FUNCIONAMIENTO,GASTOS DE PERSONAL,PLANTA DE PERSONAL PERMANENTE,CONTRIBUCIONES INHERENTES A LA NOMINA,APORTES A CAJAS DE COMPENSACION FAMILIAR,No Aplica,No Aplica,No Aplica,No Aplica,VIGENCIA ACTUAL,ENTIDADES DIFERENTES A ENTIDADES TERRITORIALES - GESTION GENERAL,NO DEFINIDO,NO DEFINIDO,DEPORTE Y RECREACION,,,2023,Tercer Trimestre,eje_gasto,,,,NO APLICA,INGRESOS CORRIENTES DE LIBRE DESTINACION,,,,,,NO APLICA,,,,,,SIN SITUACION DE FONDOS,NO APLICA,NO DEFINIDO,2950100.0,1123400.0,1123400.0
14601154,20230901,220173585,Instituto Purificense para la Recreación y el Deporte,2.1.1.01.03,REMUNERACIONES NO CONSTITUTIVAS DE FACTOR SALARIAL,GASTOS,FUNCIONAMIENTO,GASTOS DE PERSONAL,PLANTA DE PERSONAL PERMANENTE,REMUNERACIONES NO CONSTITUTIVAS DE FACTOR SALARIAL,No Aplica,No Aplica,No Aplica,No Aplica,No Aplica,VIGENCIA ACTUAL,ENTIDADES DIFERENTES A ENTIDADES TERRITORIALES - GESTION GENERAL,NO DEFINIDO,NO DEFINIDO,NO DEFINIDO,,,2023,Tercer Trimestre,eje_gasto,,,,NO DEFINIDO,NO DEFINIDO,,,,,,NO DEFINIDO,,,,,,NO DEFINIDO,NO DEFINIDO,NO DEFINIDO,5595312.0,0.0,0.0
14604262,20230901,220173585,Instituto Purificense para la Recreación y el Deporte,2.1,FUNCIONAMIENTO,GASTOS,FUNCIONAMIENTO,No Aplica,No Aplica,No Aplica,No Aplica,No Aplica,No Aplica,No Aplica,No Aplica,VIGENCIA ACTUAL,ENTIDADES DIFERENTES A ENTIDADES TERRITORIALES - GESTION GENERAL,NO DEFINIDO,NO DEFINIDO,NO DEFINIDO,,,2023,Tercer Trimestre,eje_gasto,,,,NO DEFINIDO,NO DEFINIDO,,,,,,NO DEFINIDO,,,,,,NO DEFINIDO,NO DEFINIDO,NO DEFINIDO,193431432.0,75161611.0,75161611.0
14642845,20230901,220173585,Instituto Purificense para la Recreación y el Deporte,2.1.1.01.02.005,APORTES GENERALES AL SISTEMA DE RIESGOS LABORALES,GASTOS,FUNCIONAMIENTO,GASTOS DE PERSONAL,PLANTA DE PERSONAL PERMANENTE,CONTRIBUCIONES INHERENTES A LA NOMINA,APORTES GENERALES AL SISTEMA DE RIESGOS LABORALES,No Aplica,No Aplica,No Aplica,No Aplica,VIGENCIA ACTUAL,ENTIDADES DIFERENTES A ENTIDADES TERRITORIALES - GESTION GENERAL,NO DEFINIDO,NO DEFINIDO,DEPORTE Y RECREACION,,,2023,Tercer Trimestre,eje_gasto,,,,NO APLICA,INGRESOS CORRIENTES DE LIBRE DESTINACION,,,,,,NO APLICA,,,,,,SIN SITUACION DE FONDOS,NO APLICA,NO DEFINIDO,378700.0,147400.0,147400.0
14656336,20230901,220173585,Instituto Purificense para la Recreación y el Deporte,2.1.2.02.02.009,"SERVICIOS PARA LA COMUNIDAD, SOCIALES Y PERSONALES",GASTOS,FUNCIONAMIENTO,ADQUISICION DE BIENES Y SERVICIOS,ADQUISICIONES DIFERENTES DE ACTIVOS,ADQUISICION DE SERVICIOS,"SERVICIOS PARA LA COMUNIDAD, SOCIALES Y PERSONALES",No Aplica,No Aplica,No Aplica,No Aplica,VIGENCIA ACTUAL,ENTIDADES DIFERENTES A ENTIDADES TERRITORIALES - GESTION GENERAL,NO DEFINIDO,NO DEFINIDO,DEPORTE Y RECREACION,,,2023,Tercer Trimestre,eje_gasto,,,,SERVICIOS DE CLUBES DEPORTIVOS,INGRESOS CORRIENTES DE LIBRE DESTINACION,,,,,,NO APLICA,,,,,,SIN SITUACION DE FONDOS,NO APLICA,NO DEFINIDO,14658685.0,11537328.0,11537328.0
14667072,20230901,220173585,Instituto Purificense para la Recreación y el Deporte,2.1.1.02,PERSONAL SUPERNUMERARIO Y PLANTA TEMPORAL,GASTOS,FUNCIONAMIENTO,GASTOS DE PERSONAL,PERSONAL SUPERNUMERARIO Y PLANTA TEMPORAL,No Aplica,No Aplica,No Aplica,No Aplica,No Aplica,No Aplica,VIGENCIA ACTUAL,ENTIDADES DIFERENTES A ENTIDADES TERRITORIALES - GESTION GENERAL,NO DEFINIDO,NO DEFINIDO,NO DEFINIDO,,,2023,Tercer Trimestre,eje_gasto,,,,NO DEFINIDO,NO DEFINIDO,,,,,,NO DEFINIDO,,,,,,NO DEFINIDO,NO DEFINIDO,NO DEFINIDO,47000000.0,23500000.0,23500000.0
14686777,20230901,220173585,Instituto Purificense para la Recreación y el Deporte,2.1.1.01.01.001.08.02,PRIMA DE VACACIONES,GASTOS,FUNCIONAMIENTO,GASTOS DE PERSONAL,PLANTA DE PERSONAL PERMANENTE,FACTORES CONSTITUTIVOS DE SALARIO,FACTORES SALARIALES COMUNES,PRESTACIONES SOCIALES,PRIMA DE VACACIONES,No Aplica,No Aplica,VIGENCIA ACTUAL,ENTIDADES DIFERENTES A ENTIDADES TERRITORIALES - GESTION GENERAL,NO DEFINIDO,NO DEFINIDO,DEPORTE Y RECREACION,,,2023,Tercer Trimestre,eje_gasto,,,,NO APLICA,INGRESOS CORRIENTES DE LIBRE DESTINACION,,,,,,NO APLICA,,,,,,SIN SITUACION DE FONDOS,NO APLICA,NO DEFINIDO,4610860.0,0.0,0.0
14706481,20230901,220173585,Instituto Purificense para la Recreación y el Deporte,2.1.1.01.01.001.06,PRIMA DE SERVICIO,GASTOS,FUNCIONAMIENTO,GASTOS DE PERSONAL,PLANTA DE PERSONAL PERMANENTE,FACTORES CONSTITUTIVOS DE SALARIO,FACTORES SALARIALES COMUNES,PRIMA DE SERVICIO,No Aplica,No Aplica,No Aplica,VIGENCIA ACTUAL,ENTIDADES DIFERENTES A ENTIDADES TERRITORIALES - GESTION GENERAL,NO DEFINIDO,NO DEFINIDO,DEPORTE Y RECREACION,,,2023,Tercer Trimestre,eje_gasto,,,,NO APLICA,INGRESOS CORRIENTES DE LIBRE DESTINACION,,,,,,NO APLICA,,,,,,SIN SITUACION DE FONDOS,NO APLICA,NO DEFINIDO,4663314.0,0.0,0.0
14784061,20230901,220173585,Instituto Purificense para la Recreación y el Deporte,2.1.2.02.02.008,SERVICIOS PRESTADOS A LAS EMPRESAS Y SERVICIOS DE PRODUCCION,GASTOS,FUNCIONAMIENTO,ADQUISICION DE BIENES Y SERVICIOS,ADQUISICIONES DIFERENTES DE ACTIVOS,ADQUISICION DE SERVICIOS,SERVICIOS PRESTADOS A LAS EMPRESAS Y SERVICIOS DE PRODUCCION,No Aplica,No Aplica,No Aplica,No Aplica,VIGENCIA ACTUAL,ENTIDADES DIFERENTES A ENTIDADES TERRITORIALES - GESTION GENERAL,NO DEFINIDO,NO DEFINIDO,DEPORTE Y RECREACION,,,2023,Tercer Trimestre,eje_gasto,,,,SERVICIOS DE CLUBES DEPORTIVOS,INGRESOS CORRIENTES DE DESTINACION ESPECIFICA POR ACTO ADMINISTRATIVO,,,,,,NO APLICA,,,,,,SIN SITUACION DE FONDOS,NO APLICA,NO DEFINIDO,10630621.0,630321.0,630321.0
14794027,20230901,220173585,Instituto Purificense para la Recreación y el Deporte,2.1.1.02.01.001,FACTORES SALARIALES COMUNES,GASTOS,FUNCIONAMIENTO,GASTOS DE PERSONAL,PERSONAL SUPERNUMERARIO Y PLANTA TEMPORAL,FACTORES CONSTITUTIVOS DE SALARIO,FACTORES SALARIALES COMUNES,No Aplica,No Aplica,No Aplica,No Aplica,VIGENCIA ACTUAL,ENTIDADES DIFERENTES A ENTIDADES TERRITORIALES - GESTION GENERAL,NO DEFINIDO,NO DEFINIDO,NO DEFINIDO,,,2023,Tercer Trimestre,eje_gasto,,,,NO DEFINIDO,NO DEFINIDO,,,,,,NO DEFINIDO,,,,,,NO DEFINIDO,NO DEFINIDO,NO DEFINIDO,47000000.0,23500000.0,23500000.0
14844603,20230901,220173585,Instituto Purificense para la Recreación y el Deporte,2.1.1.01.03.001.01,VACACIONES,GASTOS,FUNCIONAMIENTO,GASTOS DE PERSONAL,PLANTA DE PERSONAL PERMANENTE,REMUNERACIONES NO CONSTITUTIVAS DE FACTOR SALARIAL,PRESTACIONES SOCIALES,VACACIONES,No Aplica,No Aplica,No Aplica,VIGENCIA ACTUAL,ENTIDADES DIFERENTES A ENTIDADES TERRITORIALES - GESTION GENERAL,NO DEFINIDO,NO DEFINIDO,DEPORTE Y RECREACION,,,2023,Tercer Trimestre,eje_gasto,,,,NO APLICA,INGRESOS CORRIENTES DE LIBRE DESTINACION,,,,,,NO APLICA,,,,,,SIN SITUACION DE FONDOS,NO APLICA,NO DEFINIDO,5595312.0,0.0,0.0
14866060,20230901,220173585,Instituto Purificense para la Recreación y el Deporte,2.1.1,GASTOS DE PERSONAL,GASTOS,FUNCIONAMIENTO,GASTOS DE PERSONAL,No Aplica,No Aplica,No Aplica,No Aplica,No Aplica,No Aplica,No Aplica,VIGENCIA ACTUAL,ENTIDADES DIFERENTES A ENTIDADES TERRITORIALES - GESTION GENERAL,NO DEFINIDO,NO DEFINIDO,NO DEFINIDO,,,2023,Tercer Trimestre,eje_gasto,,,,NO DEFINIDO,NO DEFINIDO,,,,,,NO DEFINIDO,,,,,,NO DEFINIDO,NO DEFINIDO,NO DEFINIDO,168142126.0,62993962.0,62993962.0
14877930,20230901,220173585,Instituto Purificense para la Recreación y el Deporte,2.1.1.01.01.001,FACTORES SALARIALES COMUNES,GASTOS,FUNCIONAMIENTO,GASTOS DE PERSONAL,PLANTA DE PERSONAL PERMANENTE,FACTORES CONSTITUTIVOS DE SALARIO,FACTORES SALARIALES COMUNES,No Aplica,No Aplica,No Aplica,No Aplica,VIGENCIA ACTUAL,ENTIDADES DIFERENTES A ENTIDADES TERRITORIALES - GESTION GENERAL,NO DEFINIDO,NO DEFINIDO,NO DEFINIDO,,,2023,Tercer Trimestre,eje_gasto,,,,NO DEFINIDO,NO DEFINIDO,,,,,,NO DEFINIDO,,,,,,NO DEFINIDO,NO DEFINIDO,NO DEFINIDO,81888624.0,31855890.0,31855890.0
14951719,20230901,220173585,Instituto Purificense para la Recreación y el Deporte,2.1.2.02,ADQUISICIONES DIFERENTES DE ACTIVOS,GASTOS,FUNCIONAMIENTO,ADQUISICION DE BIENES Y SERVICIOS,ADQUISICIONES DIFERENTES DE ACTIVOS,No Aplica,No Aplica,No Aplica,No Aplica,No Aplica,No Aplica,VIGENCIA ACTUAL,ENTIDADES DIFERENTES A ENTIDADES TERRITORIALES - GESTION GENERAL,NO DEFINIDO,NO DEFINIDO,NO DEFINIDO,,,2023,Tercer Trimestre,eje_gasto,,,,NO DEFINIDO,NO DEFINIDO,,,,,,NO DEFINIDO,,,,,,NO DEFINIDO,NO DEFINIDO,NO DEFINIDO,25289306.0,12167649.0,12167649.0
14957250,20230901,220173585,Instituto Purificense para la Recreación y el Deporte,2,GASTOS,GASTOS,No Aplica,No Aplica,No Aplica,No Aplica,No Aplica,No Aplica,No Aplica,No Aplica,No Aplica,VIGENCIA ACTUAL,ENTIDADES DIFERENTES A ENTIDADES TERRITORIALES - GESTION GENERAL,NO DEFINIDO,NO DEFINIDO,NO DEFINIDO,,,2023,Tercer Trimestre,eje_gasto,,,,NO DEFINIDO,NO DEFINIDO,,,,,,NO DEFINIDO,,,,,,NO DEFINIDO,NO DEFINIDO,NO DEFINIDO,193431432.0,75161611.0,75161611.0
15076149,20230901,220173585,Instituto Purificense para la Recreación y el Deporte,2.1.1.01.01.001.08,PRESTACIONES SOCIALES,GASTOS,FUNCIONAMIENTO,GASTOS DE PERSONAL,PLANTA DE PERSONAL PERMANENTE,FACTORES CONSTITUTIVOS DE SALARIO,FACTORES SALARIALES COMUNES,PRESTACIONES SOCIALES,No Aplica,No Aplica,No Aplica,VIGENCIA ACTUAL,ENTIDADES DIFERENTES A ENTIDADES TERRITORIALES - GESTION GENERAL,NO DEFINIDO,NO DEFINIDO,NO DEFINIDO,,,2023,Tercer Trimestre,eje_gasto,,,,NO DEFINIDO,NO DEFINIDO,,,,,,NO DEFINIDO,,,,,,NO DEFINIDO,NO DEFINIDO,NO DEFINIDO,4610860.0,0.0,0.0
15078625,20230901,220173585,Instituto Purificense para la Recreación y el Deporte,2.1.1.02.01.001.01,SUELDO BASICO,GASTOS,FUNCIONAMIENTO,GASTOS DE PERSONAL,PERSONAL SUPERNUMERARIO Y PLANTA TEMPORAL,FACTORES CONSTITUTIVOS DE SALARIO,FACTORES SALARIALES COMUNES,SUELDO BASICO,No Aplica,No Aplica,No Aplica,VIGENCIA ACTUAL,ENTIDADES DIFERENTES A ENTIDADES TERRITORIALES - GESTION GENERAL,NO DEFINIDO,NO DEFINIDO,NO APLICA,,,2023,Tercer Trimestre,eje_gasto,,,,NO APLICA,INGRESOS CORRIENTES DE LIBRE DESTINACION,,,,,,NO APLICA,,,,,,SIN SITUACION DE FONDOS,NO APLICA,NO DEFINIDO,47000000.0,23500000.0,23500000.0
15096069,20230901,220173585,Instituto Purificense para la Recreación y el Deporte,2.1.1.01.03.001,PRESTACIONES SOCIALES,GASTOS,FUNCIONAMIENTO,GASTOS DE PERSONAL,PLANTA DE PERSONAL PERMANENTE,REMUNERACIONES NO CONSTITUTIVAS DE FACTOR SALARIAL,PRESTACIONES SOCIALES,No Aplica,No Aplica,No Aplica,No Aplica,VIGENCIA ACTUAL,ENTIDADES DIFERENTES A ENTIDADES TERRITORIALES - GESTION GENERAL,NO DEFINIDO,NO DEFINIDO,NO DEFINIDO,,,2023,Tercer Trimestre,eje_gasto,,,,NO DEFINIDO,NO DEFINIDO,,,,,,NO DEFINIDO,,,,,,NO DEFINIDO,NO DEFINIDO,NO DEFINIDO,5595312.0,0.0,0.0
15126718,20230901,220173585,Instituto Purificense para la Recreación y el Deporte,2.1.1.01.02.007,APORTES AL SENA,GASTOS,FUNCIONAMIENTO,GASTOS DE PERSONAL,PLANTA DE PERSONAL PERMANENTE,CONTRIBUCIONES INHERENTES A LA NOMINA,APORTES AL SENA,No Aplica,No Aplica,No Aplica,No Aplica,VIGENCIA ACTUAL,ENTIDADES DIFERENTES A ENTIDADES TERRITORIALES - GESTION GENERAL,NO DEFINIDO,NO DEFINIDO,DEPORTE Y RECREACION,,,2023,Tercer Trimestre,eje_gasto,,,,NO APLICA,INGRESOS CORRIENTES DE LIBRE DESTINACION,,,,,,NO APLICA,,,,,,SIN SITUACION DE FONDOS,NO APLICA,NO DEFINIDO,1570100.0,562300.0,562300.0
15140163,20230901,220173585,Instituto Purificense para la Recreación y el Deporte,2.1.1.01.02.003,APORTES DE CESANTIAS,GASTOS,FUNCIONAMIENTO,GASTOS DE PERSONAL,PLANTA DE PERSONAL PERMANENTE,CONTRIBUCIONES INHERENTES A LA NOMINA,APORTES DE CESANTIAS,No Aplica,No Aplica,No Aplica,No Aplica,VIGENCIA ACTUAL,ENTIDADES DIFERENTES A ENTIDADES TERRITORIALES - GESTION GENERAL,NO DEFINIDO,NO DEFINIDO,DEPORTE Y RECREACION,,,2023,Tercer Trimestre,eje_gasto,,,,NO APLICA,INGRESOS CORRIENTES DE LIBRE DESTINACION,,,,,,NO APLICA,,,,,,SIN SITUACION DE FONDOS,NO APLICA,NO DEFINIDO,10048480.0,0.0,0.0
15146615,20230901,220173585,Instituto Purificense para la Recreación y el Deporte,2.1.1.01.02.001,APORTES A LA SEGURIDAD SOCIAL EN PENSIONES,GASTOS,FUNCIONAMIENTO,GASTOS DE PERSONAL,PLANTA DE PERSONAL PERMANENTE,CONTRIBUCIONES INHERENTES A LA NOMINA,APORTES A LA SEGURIDAD SOCIAL EN PENSIONES,No Aplica,No Aplica,No Aplica,No Aplica,VIGENCIA ACTUAL,ENTIDADES DIFERENTES A ENTIDADES TERRITORIALES - GESTION GENERAL,NO DEFINIDO,NO DEFINIDO,DEPORTE Y RECREACION,,,2023,Tercer Trimestre,eje_gasto,,,,NO APLICA,INGRESOS CORRIENTES DE LIBRE DESTINACION,,,,,,NO APLICA,,,,,,SIN SITUACION DE FONDOS,NO APLICA,NO DEFINIDO,9940570.0,3371502.0,3371502.0
15218332,20230901,220173585,Instituto Purificense para la Recreación y el Deporte,2.1.1.01.01.001.01,SUELDO BASICO,GASTOS,FUNCIONAMIENTO,GASTOS DE PERSONAL,PLANTA DE PERSONAL PERMANENTE,FACTORES CONSTITUTIVOS DE SALARIO,FACTORES SALARIALES COMUNES,SUELDO BASICO,No Aplica,No Aplica,No Aplica,VIGENCIA ACTUAL,ENTIDADES DIFERENTES A ENTIDADES TERRITORIALES - GESTION GENERAL,NO DEFINIDO,NO DEFINIDO,DEPORTE Y RECREACION,,,2023,Tercer Trimestre,eje_gasto,,,,NO APLICA,INGRESOS CORRIENTES DE LIBRE DESTINACION,,,,,,NO APLICA,,,,,,SIN SITUACION DE FONDOS,NO APLICA,NO DEFINIDO,72614450.0,31855890.0,31855890.0
15265267,20230901,220173585,Instituto Purificense para la Recreación y el Deporte,2.1.1.01.02.002,APORTES A LA SEGURIDAD SOCIAL EN SALUD,GASTOS,FUNCIONAMIENTO,GASTOS DE PERSONAL,PLANTA DE PERSONAL PERMANENTE,CONTRIBUCIONES INHERENTES A LA NOMINA,APORTES A LA SEGURIDAD SOCIAL EN SALUD,No Aplica,No Aplica,No Aplica,No Aplica,VIGENCIA ACTUAL,ENTIDADES DIFERENTES A ENTIDADES TERRITORIALES - GESTION GENERAL,NO DEFINIDO,NO DEFINIDO,DEPORTE Y RECREACION,,,2023,Tercer Trimestre,eje_gasto,,,,NO APLICA,INGRESOS CORRIENTES DE LIBRE DESTINACION,,,,,,NO APLICA,,,,,,SIN SITUACION DE FONDOS,NO APLICA,NO DEFINIDO,6558140.0,1591070.0,1591070.0
15310484,20230901,220173585,Instituto Purificense para la Recreación y el Deporte,2.1.2.02.02,ADQUISICION DE SERVICIOS,GASTOS,FUNCIONAMIENTO,ADQUISICION DE BIENES Y SERVICIOS,ADQUISICIONES DIFERENTES DE ACTIVOS,ADQUISICION DE SERVICIOS,No Aplica,No Aplica,No Aplica,No Aplica,No Aplica,VIGENCIA ACTUAL,ENTIDADES DIFERENTES A ENTIDADES TERRITORIALES - GESTION GENERAL,NO DEFINIDO,NO DEFINIDO,NO DEFINIDO,,,2023,Tercer Trimestre,eje_gasto,,,,NO DEFINIDO,NO DEFINIDO,,,,,,NO DEFINIDO,,,,,,NO DEFINIDO,NO DEFINIDO,NO DEFINIDO,25289306.0,12167649.0,12167649.0
15339038,20230901,220173585,Instituto Purificense para la Recreación y el Deporte,2.1.1.01.01,FACTORES CONSTITUTIVOS DE SALARIO,GASTOS,FUNCIONAMIENTO,GASTOS DE PERSONAL,PLANTA DE PERSONAL PERMANENTE,FACTORES CONSTITUTIVOS DE SALARIO,No Aplica,No Aplica,No Aplica,No Aplica,No Aplica,VIGENCIA ACTUAL,ENTIDADES DIFERENTES A ENTIDADES TERRITORIALES - GESTION GENERAL,NO DEFINIDO,NO DEFINIDO,NO DEFINIDO,,,2023,Tercer Trimestre,eje_gasto,,,,NO DEFINIDO,NO DEFINIDO,,,,,,NO DEFINIDO,,,,,,NO DEFINIDO,NO DEFINIDO,NO DEFINIDO,81888624.0,31855890.0,31855890.0
15357376,20230901,220173585,Instituto Purificense para la Recreación y el Deporte,2.1.1.01.02,CONTRIBUCIONES INHERENTES A LA NOMINA,GASTOS,FUNCIONAMIENTO,GASTOS DE PERSONAL,PLANTA DE PERSONAL PERMANENTE,CONTRIBUCIONES INHERENTES A LA NOMINA,No Aplica,No Aplica,No Aplica,No Aplica,No Aplica,VIGENCIA ACTUAL,ENTIDADES DIFERENTES A ENTIDADES TERRITORIALES - GESTION GENERAL,NO DEFINIDO,NO DEFINIDO,NO DEFINIDO,,,2023,Tercer Trimestre,eje_gasto,,,,NO DEFINIDO,NO DEFINIDO,,,,,,NO DEFINIDO,,,,,,NO DEFINIDO,NO DEFINIDO,NO DEFINIDO,33658190.0,7638072.0,7638072.0
15367116,20230901,220173585,Instituto Purificense para la Recreación y el Deporte,2.1.1.01.02.006,APORTES AL ICBF,GASTOS,FUNCIONAMIENTO,GASTOS DE PERSONAL,PLANTA DE PERSONAL PERMANENTE,CONTRIBUCIONES INHERENTES A LA NOMINA,APORTES AL ICBF,No Aplica,No Aplica,No Aplica,No Aplica,VIGENCIA ACTUAL,ENTIDADES DIFERENTES A ENTIDADES TERRITORIALES - GESTION GENERAL,NO DEFINIDO,NO DEFINIDO,DEPORTE Y RECREACION,,,2023,Tercer Trimestre,eje_gasto,,,,NO APLICA,INGRESOS CORRIENTES DE LIBRE DESTINACION,,,,,,NO APLICA,,,,,,SIN SITUACION DE FONDOS,NO APLICA,NO DEFINIDO,2212100.0,842400.0,842400.0
15390913,20230901,220173585,Instituto Purificense para la Recreación y el Deporte,2.1.2,ADQUISICION DE BIENES Y SERVICIOS,GASTOS,FUNCIONAMIENTO,ADQUISICION DE BIENES Y SERVICIOS,No Aplica,No Aplica,No Aplica,No Aplica,No Aplica,No Aplica,No Aplica,VIGENCIA ACTUAL,ENTIDADES DIFERENTES A ENTIDADES TERRITORIALES - GESTION GENERAL,NO DEFINIDO,NO DEFINIDO,NO DEFINIDO,,,2023,Tercer Trimestre,eje_gasto,,,,NO DEFINIDO,NO DEFINIDO,,,,,,NO DEFINIDO,,,,,,NO DEFINIDO,NO DEFINIDO,NO DEFINIDO,25289306.0,12167649.0,12167649.0
15394958,20230901,220173585,Instituto Purificense para la Recreación y el Deporte,2.1.1.01,PLANTA DE PERSONAL PERMANENTE,GASTOS,FUNCIONAMIENTO,GASTOS DE PERSONAL,PLANTA DE PERSONAL PERMANENTE,No Aplica,No Aplica,No Aplica,No Aplica,No Aplica,No Aplica,VIGENCIA ACTUAL,ENTIDADES DIFERENTES A ENTIDADES TERRITORIALES - GESTION GENERAL,NO DEFINIDO,NO DEFINIDO,NO DEFINIDO,,,2023,Tercer Trimestre,eje_gasto,,,,NO DEFINIDO,NO DEFINIDO,,,,,,NO DEFINIDO,,,,,,NO DEFINIDO,NO DEFINIDO,NO DEFINIDO,121142126.0,39493962.0,39493962.0
